127
127
127
127
127
127
127
127
127
127
127
127
127
127
127
127
127
127
127
127
127
127
127
127
127
127
127
127
127
127
127
127
127
127
127
127
127
127
127
127
127
127
127
127
127
127
127
127
127
127
127
127
127
127
127
127
127
127
127
127
127
127
127
127
127
127
127
127
127
127
127
127
127
127
127
127
127
127
127
127
127
127
127
127
127
127
127
127
127
127
127
127
127
127
127
127
127
127
127
127
127
127
127
127
127
127
127
127
127
127
127
127
127
127
127
127
127
127
127
127
127
127
127
127
127
127
127
127
127
127
127
127
127
127
127
127
127
127
127
127
127
127
127
127
127
127
127
127
127
127
127
127
127
127
127
119
127
127
127
127
127
127
127
127
127
127
127
127
127
127
127
127
127
127
127
127
127
127
127
127
127
127
127
127
127
127
127
127
127
127
127
127
127
127
127
127
127
127
127
-53
62
127
127
127
127
127
127
127
127
127
127
127
127
127
127
127
127
127
127
127
127
127
127
127
127
127
127
127
127
127
127
127
127
127
127
127
127
127
127
127
127
127
127
-103
-28
127
127
127
127
127
127
127
127
127
127
127
127
127
127
127
127
127
127
127
127
127
127
127
127
127
127
127
127
127
127
127
127
127
127
127
127
127
127
127
127
127
-7
-65
-67
127
127
127
127
127
127
127
127
127
127
127
127
127
127
127
127
127
127
127
127
127
127
127
127
127
127
127
127
127
127
127
127
127
127
127
127
127
127
127
127
127
-107
-40
-57
-23
127
127
127
127
127
127
127
127
127
127
127
127
127
127
127
127
127
127
127
127
127
127
127
127
127
127
127
127
127
127
127
127
127
127
127
127
127
127
127
-44
-57
-42
-63
-99
127
127
127
127
127
127
127
127
127
127
127
127
127
127
127
127
127
127
127
127
127
127
127
127
127
127
127
127
127
127
127
127
127
127
127
127
127
127
75
-95
-55
-38
-36
-109
43
127
127
127
127
127
127
127
127
127
127
127
127
127
127
127
127
127
127
127
127
127
127
127
127
127
127
127
127
127
127
127
127
127
127
127
127
127
-80
-51
-49
-49
-42
-44
-95
127
127
127
127
127
127
127
127
127
127
127
127
127
127
127
127
127
127
127
127
127
127
127
127
127
127
127
127
127
127
127
127
127
127
127
127
20
-103
-28
-53
-42
-42
-38
-120
27
127
127
127
127
127
127
127
127
127
127
127
127
127
127
127
127
127
127
127
127
127
127
127
127
127
127
127
127
127
127
127
127
127
127
119
-120
-40
-53
-55
-36
-46
-51
-92
-69
127
127
127
127
127
127
127
127
127
127
127
127
127
127
127
127
127
127
127
127
127
127
127
127
127
127
127
127
127
127
127
127
127
127
-69
-80
-28
-42
-36
-49
-55
-34
-51
-97
22
127
127
127
127
127
127
127
127
127
127
127
127
127
127
127
127
127
127
127
127
127
127
127
127
127
127
127
127
127
127
127
127
43
-105
-51
-78
-34
-34
-46
-40
-44
-17
-49
-109
127
127
127
127
127
127
127
127
127
127
127
127
127
127
127
127
127
127
127
127
127
127
127
127
127
127
127
127
127
127
127
127
-95
-38
-55
-49
-42
-53
-44
-40
-42
-32
-36
-84
-7
127
127
127
127
127
127
127
127
127
127
127
127
127
127
127
127
127
127
127
127
127
127
127
127
127
127
127
127
127
127
-78
-63
-42
-36
-38
-59
-55
-23
-65
-40
-53
-42
-38
-101
127
127
127
127
127
127
127
127
127
127
127
127
127
127
127
127
127
127
127
127
127
127
127
127
127
127
127
127
127
-11
-90
-61
-44
-57
-59
-53
-51
-51
-38
-67
-38
-30
-36
-74
-44
127
127
127
127
127
127
127
127
127
127
127
127
127
127
127
127
127
127
127
127
127
127
127
127
127
127
127
77
-120
-65
-38
-34
-55
-53
-38
-38
-51
-49
-59
-59
-49
-34
-30
-97
91
127
127
127
127
127
127
127
127
127
127
127
127
127
127
127
127
127
127
127
127
127
127
127
127
127
127
-118
-61
-49
-51
-53
-49
-44
-44
-49
-49
-49
-34
-61
-61
-49
-30
-49
-74
127
127
127
127
127
127
127
127
127
127
127
127
127
127
127
127
127
127
127
127
127
127
127
127
127
-111
-78
-44
-46
-63
-65
-46
-40
-49
-51
-46
-46
-55
-46
-51
-61
-53
-36
-80
-11
127
127
127
127
127
127
127
127
127
127
127
127
127
127
127
127
127
127
127
127
127
127
127
-90
-84
-40
-46
-46
-57
-55
-42
-38
-38
-38
-44
-57
-57
-61
-49
-53
-59
-44
-32
-103
64
127
127
127
127
127
127
127
127
127
127
127
127
127
127
127
127
127
127
127
127
127
-82
-90
-67
-38
-61
-53
-61
-53
-44
-49
-44
-40
-51
-46
-34
-59
-57
-46
-51
-59
-53
-97
-103
127
127
127
127
127
127
127
127
127
127
127
127
127
127
127
127
127
127
127
127
-32
-118
-46
-44
-61
-40
-44
-63
-49
-38
-49
-51
-44
-46
-42
-65
-32
-65
-44
-28
-59
-53
-63
-80
-59
127
127
127
127
127
127
127
127
127
127
127
127
127
127
127
127
127
127
-80
-103
-44
-59
-38
-51
-53
-59
-49
-44
-55
-57
-46
-38
-42
-49
-53
-38
-46
-51
-42
-53
-40
-51
-42
-115
4
127
127
127
127
127
127
127
127
127
127
127
127
127
127
127
127
-92
-109
-44
-34
-61
-57
-63
-59
-65
-57
-49
-49
-53
-51
-53
-55
-46
-53
-40
-46
-49
-42
-51
-44
-40
-51
-46
-122
83
127
127
127
127
127
127
127
127
127
127
127
127
127
127
-101
-88
-42
-46
-59
-53
-53
-51
-53
-46
-49
-46
-49
-49
-49
-46
-40
-38
-44
-42
-49
-49
-42
-49
-42
-38
-44
-55
-69
-107
123
127
127
127
127
127
127
127
127
127
127
127
127
-101
-95
-32
-51
-80
-69
-63
-72
-55
-59
-44
-53
-57
-55
-53
-53
-49
-40
-28
-34
-40
-46
-46
-42
-44
-42
-38
-51
-44
-51
-51
-118
127
127
127
127
127
127
127
127
127
127
73
-113
-80
-28
-53
-61
-55
-51
-61
-51
-46
-57
-53
-59
-55
-44
-42
-46
-49
-42
-38
-38
-44
-42
-44
-44
-46
-46
-34
-42
-49
-44
-49
-92
-95
127
127
127
127
127
127
127
127
35
-124
-76
-51
-44
-51
-51
-59
-80
-65
-44
-59
-55
-49
-51
-49
-44
-42
-44
-40
-30
-59
-49
-51
-40
-40
-46
-46
-55
-32
-61
-49
-59
-55
-55
-88
-84
127
127
127
127
127
127
-44
-111
-42
-57
-57
-53
-59
-55
-55
-57
-46
-49
-57
-32
-49
-51
-55
-59
-61
-59
-49
-36
-65
-51
-55
-44
-42
-51
-46
-53
-57
-49
-59
-59
-53
-26
-55
-113
-61
127
127
127
127
-5
-111
-55
-63
-55
-67
-53
-59
-67
-57
-38
-46
-57
-46
-46
-51
-46
-44
-46
-53
-51
-46
-44
-55
-42
-55
-49
-51
-59
-42
-46
-57
-40
-57
-55
-42
-57
-46
-40
-120
-55
127
127
127
127
-46
-113
-61
-57
-72
-46
-55
-51
-57
-40
-59
-40
-42
-59
-44
-44
-49
-51
-44
-44
-51
-51
-53
-57
-46
-46
-63
-61
-49
-49
-40
-55
-53
-36
-46
-53
-74
-38
-40
-111
-76
127
127
127
127
-32
-107
-59
-72
-59
-51
-57
-65
-61
-57
-63
-63
-26
-53
-53
-57
-53
-49
-57
-59
-51
-46
-53
-44
-46
-61
-59
-46
-46
-42
-26
-55
-65
-44
-53
-46
-42
-49
-51
-82
-120
127
127
127
127
-40
-97
-57
-53
-46
-57
-57
-59
-46
-51
-65
-46
-51
-53
-53
-46
-46
-59
-59
-42
-49
-51
-46
-46
-59
-57
-49
-46
-40
-59
-36
-38
-42
-59
-46
-46
-30
-36
-99
-21
127
127
127
127
127
-28
-113
-53
-59
-63
-59
-53
-67
-59
-55
-61
-51
-49
-51
-49
-46
-53
-55
-42
-53
-53
-49
-49
-53
-53
-49
-42
-44
-38
-46
-59
-44
-51
-44
-44
-88
-120
48
127
127
127
127
127
127
127
-55
-103
-46
-49
-80
-59
-72
-57
-59
-72
-57
-49
-55
-61
-55
-51
-57
-57
-57
-53
-53
-53
-51
-51
-51
-49
-57
-34
-55
-32
-51
-67
-59
-86
-118
127
127
127
127
127
127
127
127
127
127
-51
-115
-63
-59
-59
-63
-53
-65
-69
-55
-42
-51
-61
-53
-42
-51
-57
-55
-49
-53
-55
-46
-51
-57
-57
-49
-53
-49
-61
-53
-23
-95
-88
127
127
127
127
127
127
127
127
127
127
127
127
-95
-113
-40
-51
-72
-69
-55
-42
-49
-38
-46
-53
-49
-44
-49
-49
-53
-46
-53
-53
-42
-49
-59
-57
-46
-63
-49
-53
-53
-105
-61
127
127
127
127
127
127
127
127
127
127
127
127
127
127
-97
-78
-55
-49
-55
-51
-76
-51
-46
-53
-55
-53
-57
-59
-49
-53
-44
-53
-53
-40
-44
-57
-53
-67
-55
-46
-42
-99
-44
127
127
127
127
127
127
127
127
127
127
127
127
127
127
127
127
-124
-51
-55
-28
-59
-49
-49
-40
-38
-49
-53
-53
-53
-59
-49
-63
-42
-49
-55
-38
-46
-61
-74
-55
-57
-109
-23
127
127
127
127
127
127
127
127
127
127
127
127
127
127
127
127
127
64
-120
-51
-46
-61
-51
-53
-42
-38
-46
-55
-51
-51
-53
-53
-51
-44
-65
-65
-57
-46
-57
-63
-55
-97
-44
127
127
127
127
127
127
127
127
127
127
127
127
127
127
127
127
127
127
127
-32
-103
-63
-51
-51
-55
-46
-42
-46
-55
-51
-51
-53
-51
-26
-63
-42
-59
-53
-38
-51
-34
-122
-32
127
127
127
127
127
127
127
127
127
127
127
127
127
127
127
127
127
127
127
127
127
-103
-105
-57
-61
-53
-49
-49
-51
-53
-51
-51
-55
-49
-63
-36
-46
-63
-36
-49
-38
-120
-49
127
127
127
127
127
127
127
127
127
127
127
127
127
127
127
127
127
127
127
127
127
127
127
-128
-63
-53
-53
-53
-53
-51
-49
-44
-49
-55
-59
-55
-30
-51
-42
-63
-28
-69
-80
127
127
127
127
127
127
127
127
127
127
127
127
127
127
127
127
127
127
127
127
127
127
127
127
37
-107
-53
-53
-53
-55
-49
-42
-40
-44
-49
-59
-38
-55
-36
-44
-49
-59
-90
127
127
127
127
127
127
127
127
127
127
127
127
127
127
127
127
127
127
127
127
127
127
127
127
127
127
-74
-90
-53
-53
-51
-46
-46
-44
-49
-49
-44
-82
-51
-51
-67
-32
-103
66
127
127
127
127
127
127
127
127
127
127
127
127
127
127
127
127
127
127
127
127
127
127
127
127
127
127
127
-97
-49
-55
-51
-51
-53
-57
-53
-51
-40
-55
-51
-53
-28
-107
16
127
127
127
127
127
127
127
127
127
127
127
127
127
127
127
127
127
127
127
127
127
127
127
127
127
127
127
127
39
-111
-59
-57
-74
-74
-53
-32
-49
-46
-55
-55
-44
-90
-36
127
127
127
127
127
127
127
127
127
127
127
127
127
127
127
127
127
127
127
127
127
127
127
127
127
127
127
127
127
127
-84
-103
-53
-53
-42
-55
-32
-34
-51
-61
-49
-72
-99
127
127
127
127
127
127
127
127
127
127
127
127
127
127
127
127
127
127
127
127
127
127
127
127
127
127
127
127
127
127
127
68
-109
-53
-46
-46
-63
-49
-40
-42
-53
-63
-122
81
127
127
127
127
127
127
127
127
127
127
127
127
127
127
127
127
127
127
127
127
127
127
127
127
127
127
127
127
127
127
127
127
-57
-84
-57
-59
-42
-40
-40
-57
-44
-124
-49
127
127
127
127
127
127
127
127
127
127
127
127
127
127
127
127
127
127
127
127
127
127
127
127
127
127
127
127
127
127
127
127
127
102
-101
-72
-49
-44
-42
-51
-49
-65
-101
127
127
127
127
127
127
127
127
127
127
127
127
127
127
127
127
127
127
127
127
127
127
127
127
127
127
127
127
127
127
127
127
127
127
127
-38
-84
-40
-65
-53
-49
-46
-107
81
127
127
127
127
127
127
127
127
127
127
127
127
127
127
127
127
127
127
127
127
127
127
127
127
127
127
127
127
127
127
127
127
127
127
127
108
-82
-55
-61
-44
-30
-88
-21
127
127
127
127
127
127
127
127
127
127
127
127
127
127
127
127
127
127
127
127
127
127
127
127
127
127
127
127
127
127
127
127
127
127
127
127
127
-44
-76
-44
-57
-51
-101
127
127
127
127
127
127
127
127
127
127
127
127
127
127
127
127
127
127
127
127
127
127
127
127
127
127
127
127
127
127
127
127
127
127
127
127
127
127
127
-99
-72
-59
-101
45
127
127
127
127
127
127
127
127
127
127
127
127
127
127
127
127
127
127
127
127
127
127
127
127
127
127
127
127
127
127
127
127
127
127
127
127
127
127
127
-61
-49
-72
-99
127
127
127
127
127
127
127
127
127
127
127
127
127
127
127
127
127
127
127
127
127
127
127
127
127
127
127
127
127
127
127
127
127
127
127
127
127
127
127
127
41
-80
-107
25
127
127
127
127
127
127
127
127
127
127
127
127
127
127
127
127
127
127
127
127
127
127
127
127
127
127
127
127
127
127
127
127
127
127
127
127
127
127
127
127
127
-105
-95
127
127
127
127
127
127
127
127
127
127
127
127
127
127
127
127
127
127
127
127
127
127
127
127
127
127
127
127
127
127
127
127
127
127
127
127
127
127
127
127
127
127
-65
-23
127
127
127
127
127
127
127
127
127
127
127
127
127
127
127
127
127
127
127
127
127
