127
127
127
127
127
127
127
127
127
127
127
127
127
127
127
127
127
127
127
127
127
127
127
127
127
127
127
127
127
127
127
127
127
127
127
127
127
127
127
127
127
127
127
127
127
127
127
127
127
127
127
127
127
127
127
127
127
127
127
127
127
127
127
127
127
127
127
127
127
127
127
127
127
127
127
127
127
127
127
127
127
127
127
127
127
127
127
127
127
127
127
127
127
127
127
127
127
127
127
127
127
127
127
127
127
127
127
127
127
127
127
127
127
127
127
127
127
127
127
127
127
127
127
127
127
127
127
127
127
127
127
127
127
127
127
127
127
127
127
127
127
127
127
127
127
127
127
127
127
127
127
127
127
127
127
127
127
127
127
127
127
127
127
127
127
127
127
127
127
127
127
127
127
127
127
127
127
127
127
127
127
127
127
127
127
127
127
127
127
127
127
127
127
127
127
127
127
127
127
127
127
127
127
127
127
127
127
127
127
127
127
127
127
127
127
127
127
127
127
127
127
127
127
127
127
127
127
127
127
127
127
127
127
127
127
127
127
127
127
127
127
127
127
127
127
127
127
127
127
127
127
127
127
127
127
127
127
127
127
127
127
127
127
127
127
127
127
127
127
127
127
127
127
127
127
127
127
127
127
127
127
127
127
127
127
127
127
127
127
127
127
127
127
127
127
127
127
127
127
127
127
127
127
127
127
127
127
127
127
127
127
127
127
127
127
127
127
127
127
127
127
127
127
127
127
127
127
127
127
127
127
127
127
127
127
127
127
127
127
127
127
127
127
127
127
127
127
127
127
127
127
127
127
127
127
127
127
127
127
127
127
127
127
127
127
127
127
127
127
127
127
127
127
127
127
127
127
127
127
127
127
127
127
127
127
127
127
127
127
127
127
127
127
127
127
127
127
127
127
127
127
127
127
127
127
127
127
127
127
127
127
127
127
127
127
127
127
127
127
127
127
127
127
127
127
127
127
127
127
127
127
127
127
127
127
127
127
127
127
127
127
127
127
127
127
127
127
127
127
127
127
127
127
127
127
127
127
127
127
127
127
127
127
127
127
127
127
127
127
127
127
127
127
127
127
127
127
127
127
127
127
127
127
127
127
127
127
127
127
127
127
127
127
127
127
127
127
127
127
127
127
117
127
127
127
127
127
127
127
127
127
127
127
127
127
127
127
127
127
127
127
127
127
127
127
127
127
127
127
127
127
127
127
127
127
127
127
127
127
127
127
127
127
127
127
127
127
127
127
127
127
127
127
127
127
127
127
127
127
127
127
127
127
127
127
127
127
127
19
127
127
127
127
127
127
127
127
127
127
127
127
127
127
127
127
127
127
127
127
127
127
127
127
127
127
127
127
127
127
127
127
127
127
127
127
127
127
127
127
127
127
127
127
127
127
127
127
127
127
127
127
127
127
127
127
127
127
127
127
127
127
127
127
127
127
5
127
127
127
127
127
127
127
127
127
127
127
127
127
127
127
127
127
127
127
127
127
127
127
127
127
127
127
127
127
127
127
127
127
127
127
127
127
127
127
127
127
127
127
127
127
127
127
127
127
127
127
127
127
127
127
127
127
127
127
127
127
127
127
127
127
127
-12
83
127
127
127
127
127
127
127
127
127
127
127
127
127
127
127
127
127
127
127
127
127
127
127
127
127
127
127
127
127
127
127
127
127
127
127
127
127
127
127
127
127
127
115
127
127
127
127
127
127
127
127
127
127
127
127
127
127
127
127
127
127
127
127
127
119
-20
25
127
127
127
127
127
127
127
127
127
127
127
127
127
127
127
127
127
127
127
127
127
113
127
127
127
127
127
127
127
127
127
127
127
127
127
127
127
127
127
127
127
127
127
127
127
127
127
127
127
127
127
127
127
127
127
127
127
127
127
127
127
127
127
127
59
-16
-10
127
127
127
127
127
127
127
127
127
127
127
127
127
127
127
127
127
127
127
127
127
127
127
127
127
127
127
127
127
127
127
127
127
127
127
127
127
127
127
127
127
127
127
127
127
127
127
127
127
127
127
127
127
127
127
127
127
127
127
127
127
127
127
127
19
-10
-24
127
127
127
127
127
127
127
127
127
127
127
127
127
127
127
127
127
127
127
127
127
127
127
127
127
127
127
127
127
127
127
127
127
115
127
127
127
127
127
127
127
127
127
127
127
127
127
127
127
127
127
127
127
127
127
127
127
127
127
127
127
127
127
127
-8
-12
-24
85
127
127
127
127
127
127
127
127
127
127
127
127
127
127
127
127
127
127
127
127
127
127
127
127
127
127
127
127
127
127
127
127
127
127
127
127
127
127
127
127
127
127
127
127
127
127
127
127
127
127
127
127
127
127
127
127
127
127
127
127
127
127
121
-22
-14
-24
39
127
127
127
127
127
127
127
127
127
127
127
127
127
127
127
127
127
127
127
127
127
127
127
127
127
127
127
127
127
127
127
127
127
127
127
127
127
127
109
127
127
127
127
127
127
127
127
127
127
127
127
127
127
127
127
127
127
127
127
127
127
127
39
29
-26
-4
13
127
127
127
127
127
127
127
127
127
127
127
127
127
127
127
127
127
127
127
127
127
127
127
127
127
127
127
127
127
127
127
127
127
127
127
127
127
127
127
127
127
127
127
127
127
127
127
127
127
127
127
127
127
127
127
127
127
127
127
127
127
127
11
7
-32
-4
-2
127
127
127
127
127
127
127
127
127
127
127
127
127
127
127
127
127
127
127
127
127
127
127
127
127
127
127
127
127
127
127
127
127
127
127
127
127
127
127
127
127
127
127
127
127
127
127
127
127
127
127
127
127
127
127
127
127
127
127
127
127
127
-14
-6
-32
-6
-14
127
127
127
127
127
127
127
127
127
127
127
127
127
127
127
127
127
127
127
127
127
127
127
127
127
127
127
127
127
127
127
127
127
127
127
127
127
127
127
127
127
127
127
127
127
127
127
127
127
127
127
127
127
127
127
127
127
127
127
127
127
91
-22
-2
-32
-4
-22
127
127
127
127
127
127
127
127
127
127
127
127
127
127
127
127
127
127
127
127
127
127
127
127
127
127
127
127
127
127
127
127
127
127
127
127
127
127
127
127
127
127
117
41
127
127
127
127
127
127
127
127
127
127
127
127
127
127
127
127
127
33
-34
-14
-26
-8
-18
89
127
127
127
127
127
127
127
127
127
127
127
127
127
127
127
127
127
127
127
127
127
127
127
127
127
127
127
127
127
127
127
127
127
127
127
127
127
127
127
127
127
127
127
25
7
43
49
127
127
127
127
127
127
127
127
127
127
127
127
127
-8
-48
-46
-24
-14
-8
55
127
127
127
127
127
127
127
127
127
127
127
127
127
127
127
127
127
127
127
127
47
127
127
127
127
127
127
127
125
127
127
127
127
127
127
127
127
127
127
127
127
127
127
127
41
17
15
-22
5
49
105
127
127
127
127
127
127
127
127
109
-22
-48
-60
-22
-28
5
27
127
127
127
127
127
127
127
127
127
127
127
127
127
127
127
127
127
127
57
-2
81
127
127
127
127
127
127
127
127
127
127
127
127
127
127
127
127
127
127
127
127
127
127
127
127
17
3
15
11
11
3
9
35
71
101
127
127
127
127
45
-22
-34
-50
-22
-36
11
17
127
127
127
127
127
127
127
127
127
127
127
127
127
127
127
55
15
13
27
41
127
127
127
127
127
127
127
127
127
123
127
127
127
127
127
127
127
127
127
127
127
127
127
127
127
127
117
-54
-2
25
-2
-26
-4
-4
-36
-16
15
59
75
39
-28
-54
-42
-26
-44
1
-8
127
127
127
127
127
127
127
127
127
127
127
127
19
-20
-22
15
11
11
75
127
127
127
127
127
127
127
127
127
127
127
127
127
127
127
127
127
127
127
127
127
127
127
127
127
127
127
127
71
17
-36
-24
7
-22
-44
-8
-6
-22
-28
-16
-22
-44
-54
-52
-46
-66
-10
-18
89
127
127
127
127
127
127
127
127
63
-2
-28
-40
-8
3
-2
7
67
127
127
127
127
127
127
127
127
127
127
127
127
127
127
127
127
127
127
127
127
127
127
127
127
127
127
127
127
127
127
89
-12
-24
-36
-32
-10
-16
3
-30
-54
-50
-38
-38
-38
-34
-56
-18
-6
-50
85
127
127
127
127
127
71
25
-6
-30
-42
-32
-46
-20
-8
3
65
127
127
127
127
127
127
127
127
127
127
127
127
127
127
127
127
127
127
127
127
127
127
127
127
127
127
127
127
127
127
127
127
121
-28
-36
-14
-18
-12
-26
-28
-26
-26
-28
-32
-30
-24
-18
-42
-6
-24
9
127
127
119
7
1
5
11
1
-24
-22
-4
-14
-40
-32
55
127
127
127
127
127
127
127
127
127
127
127
127
127
127
127
127
127
127
127
127
127
127
127
127
127
127
127
127
127
127
127
127
127
127
127
-2
-22
1
-44
-44
-38
-32
-36
-40
-42
-44
-48
-34
-22
-36
-54
1
15
-28
-2
17
25
11
-26
-50
-48
-40
-42
-18
-20
31
127
127
127
127
127
127
127
127
127
127
127
127
127
127
127
127
127
127
127
127
127
127
127
127
127
127
127
127
127
127
127
127
127
127
127
127
127
31
-44
-2
-14
-26
-50
-64
-56
-38
-36
-52
-4
-48
-28
-6
-32
-44
-42
-62
-56
-44
-44
-44
-16
15
1
-36
-16
67
127
127
127
127
127
127
127
127
127
127
127
127
127
127
127
127
127
127
127
127
127
127
127
127
127
127
127
127
127
127
127
127
127
127
127
127
127
127
127
89
43
-2
-4
-30
-58
-60
-40
-28
-34
-14
-2
-28
-30
-20
-44
-58
-44
-68
-30
-2
-8
-26
-32
-16
3
95
127
127
127
127
127
127
127
127
127
127
127
127
127
127
127
127
127
127
127
127
127
127
127
127
127
127
127
127
127
127
127
127
127
127
127
127
127
127
127
127
127
101
-34
-6
-2
-38
-70
-64
-40
-26
-24
-18
-36
-52
-68
-68
-48
-66
-18
-44
-48
-26
-8
5
29
59
127
127
127
127
127
127
127
127
127
127
127
127
127
127
127
127
127
127
127
127
127
127
127
127
127
127
127
127
127
127
127
127
127
127
127
127
127
127
127
127
127
127
127
113
-4
-42
-44
-30
-38
-62
-10
-42
-46
-52
-54
-50
-44
-34
-30
-52
-60
-54
-50
-62
-8
127
127
127
127
127
127
127
127
127
127
127
127
127
127
127
127
127
127
127
127
127
127
127
127
127
127
127
127
127
127
127
127
127
127
127
127
127
127
127
127
127
127
127
127
127
127
119
-28
-38
-38
-72
-38
-28
-28
-34
-44
-50
-54
-52
-46
-42
-32
-56
-66
-46
5
97
127
127
127
127
127
127
127
127
127
127
127
127
127
127
127
127
127
127
127
127
127
127
127
127
127
127
127
127
127
127
127
127
127
127
127
127
127
127
127
127
127
127
127
127
127
127
127
-10
-38
-44
-68
-32
-32
-50
-52
-56
-54
-48
-38
-26
-20
-50
-34
-44
-64
-2
127
127
127
127
127
127
127
127
127
127
127
127
127
127
127
127
127
127
127
127
127
127
127
127
127
127
127
127
127
127
127
127
127
127
127
127
127
127
127
127
127
127
127
127
127
127
127
47
-4
-46
-42
-24
-54
-28
-18
-26
-38
-48
-54
-56
-52
-50
-54
-32
-30
-58
-50
41
127
127
127
127
127
127
127
127
127
127
127
127
127
127
127
127
127
127
127
127
127
127
127
127
127
127
127
127
127
127
127
127
127
127
127
127
127
127
127
127
127
127
127
127
127
7
-34
-24
-46
-44
-30
-56
-36
-50
-50
-54
-52
-46
-36
-24
-18
-12
-52
-56
-20
-40
-58
45
127
127
127
127
127
127
127
127
127
127
127
127
127
127
127
127
127
127
127
127
127
127
127
127
127
127
127
127
127
127
127
127
127
127
127
127
127
127
127
127
127
127
127
37
-44
-18
-42
-36
-46
-64
-36
-52
-18
-24
-36
-46
-52
-54
-50
-48
-2
-36
-46
-24
-16
-22
-18
7
127
127
127
127
127
127
127
127
127
127
127
127
127
127
127
127
127
127
127
127
127
127
127
127
127
127
127
127
127
127
127
127
127
127
127
127
127
127
127
127
127
27
-26
-38
-6
-34
-38
-46
-54
-28
-64
-40
-42
-48
-50
-46
-40
-30
-26
-20
-8
-16
-36
-26
1
-12
-48
75
127
127
127
127
127
127
127
127
127
127
127
127
127
127
127
127
127
127
127
127
127
127
127
127
127
127
127
127
127
127
127
127
127
127
127
127
127
127
127
-20
-58
1
-36
-40
-16
-48
-36
-2
-42
-56
-26
-30
-40
-46
-50
-48
-42
-38
-26
-30
-16
-10
-38
-62
-24
39
-68
67
127
127
127
127
127
127
127
127
127
127
127
127
127
127
127
127
127
127
127
127
127
127
127
127
127
127
127
127
127
127
127
127
127
127
127
127
53
-42
-20
-2
-32
-10
-42
-78
-40
-8
-76
-10
-50
-44
-46
-4
-42
-24
77
19
-2
-16
-16
-16
-6
-10
-20
-42
-58
45
-20
15
127
127
127
127
127
127
127
127
127
127
127
127
127
127
127
127
127
127
127
127
127
127
127
127
127
127
127
127
127
127
127
127
127
127
57
-22
-20
-26
-34
-10
-32
-16
-46
-30
-16
-82
-54
-48
-30
-38
-8
-44
23
127
127
127
65
33
-2
-10
5
13
1
-16
-36
-30
-16
47
127
127
127
127
127
127
127
127
127
127
127
127
127
127
127
127
127
127
127
127
127
127
127
127
127
127
127
127
127
127
127
127
37
-36
-14
-14
-26
-26
-38
-8
11
-42
-38
-20
-30
-54
-24
-46
-48
-22
-48
65
127
127
127
127
127
127
81
11
-22
-14
3
-16
5
-6
-18
57
127
127
127
127
127
127
127
127
127
127
127
127
127
127
127
127
127
127
127
127
127
127
127
127
127
127
127
127
127
127
19
13
-28
-34
1
-16
-42
-4
-26
-10
-12
13
-30
-20
-60
-44
-58
-42
-12
-28
121
127
127
127
127
127
127
127
127
127
69
-16
-58
-24
27
41
7
17
127
127
127
127
127
127
127
127
127
127
127
127
127
127
127
127
127
127
127
127
127
127
127
127
127
127
127
127
57
-12
-8
35
23
-42
-38
3
-14
41
79
127
127
15
-40
-58
-50
-42
-26
-2
13
127
127
127
127
127
127
127
127
127
127
127
127
127
47
-20
-10
-4
-6
69
127
127
127
127
127
127
127
127
127
127
109
127
127
127
127
127
127
127
127
127
127
127
127
127
127
127
27
11
17
39
5
-22
9
47
115
127
127
127
127
127
97
-18
-24
-28
-50
-44
-20
23
127
127
127
127
127
127
127
127
127
127
127
127
127
127
127
127
65
31
19
21
127
127
127
127
127
127
127
127
127
127
127
127
127
127
127
127
127
127
127
127
127
127
127
109
-22
-40
13
5
31
115
127
127
127
127
127
127
127
127
127
127
-2
-28
-24
-56
-60
-30
47
127
127
127
127
127
127
127
127
127
127
127
127
127
127
127
127
127
127
127
47
49
127
127
127
127
127
127
127
117
127
127
127
127
127
127
123
127
127
127
127
127
127
101
9
35
97
127
127
127
127
127
127
127
127
127
127
127
127
127
127
19
-44
-18
-40
-44
-4
97
127
127
127
127
127
127
127
127
127
127
127
127
127
127
127
127
127
127
127
127
127
101
127
127
127
127
127
127
117
127
127
127
127
127
127
127
127
127
127
127
127
117
127
127
127
127
127
127
127
127
127
127
127
127
127
127
127
127
127
127
69
-10
-24
-34
-8
-4
109
127
127
127
127
127
127
127
127
127
127
127
127
127
127
127
127
127
127
127
127
127
127
127
127
127
127
127
123
127
127
127
127
127
127
127
127
127
127
127
127
127
127
127
127
127
127
127
127
127
127
127
127
127
127
127
127
127
127
127
127
117
-2
-18
-32
-6
-16
127
127
127
127
127
127
127
127
127
127
127
127
127
127
127
127
127
127
127
127
127
127
127
127
127
127
127
123
127
127
127
127
127
127
127
127
127
127
127
127
127
127
127
127
127
127
127
127
127
127
127
127
127
127
127
127
127
127
127
127
127
127
3
-10
-28
-2
-20
127
127
127
127
127
127
127
127
127
127
127
127
127
127
127
127
127
127
127
127
127
127
127
127
127
127
127
127
127
127
127
127
127
127
127
127
127
115
127
127
127
127
127
127
127
127
127
127
127
127
127
127
127
127
127
127
127
127
127
127
127
127
19
-16
-20
-2
-10
127
127
127
127
127
127
127
127
127
127
127
127
127
127
127
127
127
127
127
127
127
127
127
127
127
127
127
127
127
127
127
127
127
127
127
127
127
127
127
127
127
127
127
127
127
127
127
127
127
127
127
127
127
127
127
127
127
127
127
127
127
127
53
-24
-6
-4
33
127
127
127
127
127
127
127
127
127
127
127
127
127
127
127
127
127
127
127
127
127
127
127
127
127
127
117
127
127
127
127
127
127
127
127
127
127
127
103
127
127
127
127
127
127
127
127
127
127
127
127
127
127
127
127
127
127
127
127
127
127
127
111
-22
9
-10
91
127
127
127
127
127
127
127
127
127
127
127
127
127
127
127
127
127
127
127
127
127
127
127
127
127
127
127
127
127
127
127
127
121
127
127
127
127
127
127
111
127
127
127
127
127
127
127
127
127
127
127
127
127
127
127
127
127
127
127
127
127
127
127
-4
27
-12
127
127
127
127
127
127
127
127
127
127
127
127
127
127
127
127
127
127
127
127
127
127
127
127
127
127
119
127
127
127
127
127
127
127
127
127
127
127
127
127
127
125
127
127
127
127
127
127
127
127
127
127
127
127
127
127
127
127
127
127
127
127
127
127
17
35
-16
127
127
127
127
127
127
127
127
127
127
127
127
127
127
127
127
127
127
127
127
127
127
127
127
127
127
127
127
127
127
127
127
127
127
127
127
127
127
127
127
127
127
127
127
127
127
127
127
127
127
127
127
127
127
127
127
127
127
127
127
127
127
127
127
109
3
33
127
127
127
127
127
127
127
127
127
127
127
127
127
127
127
127
127
127
127
127
127
127
127
127
127
127
127
127
127
127
127
127
127
127
127
127
127
127
127
127
127
127
127
127
127
127
127
127
127
127
127
127
127
127
127
127
127
127
127
127
127
127
127
127
127
-2
49
127
127
127
127
127
127
127
127
127
127
127
127
127
127
127
127
127
127
127
127
127
123
127
127
127
127
127
127
127
127
127
127
127
127
127
127
127
127
127
127
127
127
127
127
127
127
127
127
127
127
127
127
127
127
127
127
127
127
127
127
127
127
127
127
127
-8
77
127
127
127
127
127
127
127
127
127
127
127
127
127
127
127
127
127
127
127
121
117
127
127
127
127
127
127
127
127
127
127
127
127
127
127
127
127
127
127
127
127
127
127
127
127
127
127
127
127
127
127
127
127
127
127
127
127
127
127
127
127
127
127
127
127
11
113
127
127
127
127
127
127
127
127
127
127
127
127
127
127
127
127
127
127
123
127
127
127
127
127
127
127
127
127
127
127
127
127
127
127
127
127
127
127
127
127
127
127
127
127
127
127
127
127
127
127
127
127
127
127
127
127
127
127
127
127
127
127
127
127
127
63
127
127
127
127
127
127
127
127
127
127
127
127
127
127
127
127
127
127
127
127
127
127
127
127
127
127
127
127
127
127
127
127
127
127
127
127
127
127
127
127
127
127
127
127
127
127
127
127
127
127
127
127
127
127
127
127
127
127
127
127
127
127
127
127
127
127
127
127
127
127
127
127
127
127
127
127
127
127
127
127
127
127
127
127
127
127
127
127
127
127
127
127
127
127
127
127
127
127
127
127
127
127
127
127
127
127
127
127
127
127
127
127
127
127
127
127
127
127
127
127
127
127
127
127
127
127
127
127
127
127
127
127
127
127
127
127
127
127
127
127
127
127
127
127
127
127
127
127
127
127
127
127
127
127
127
127
127
127
127
127
127
127
127
127
127
127
127
127
127
127
127
127
127
127
127
127
127
127
127
127
127
127
119
127
127
127
127
127
127
127
127
127
127
127
127
127
127
127
127
127
127
127
127
127
127
127
127
127
127
127
127
127
127
127
127
127
127
127
127
127
127
127
127
127
127
127
127
127
127
127
127
127
127
127
127
127
127
127
127
127
127
127
127
127
127
127
127
127
127
127
127
127
127
127
127
127
127
127
127
127
127
127
127
127
127
127
127
127
127
127
127
127
127
127
127
127
127
127
127
127
127
127
127
127
127
127
127
127
127
127
127
127
127
127
127
127
127
127
127
127
127
127
