127
127
127
127
127
127
127
127
127
127
127
127
127
127
127
127
127
127
127
127
127
127
127
127
127
127
127
127
127
127
127
127
127
127
127
127
127
127
127
127
127
127
127
127
127
127
127
127
127
127
127
127
127
127
127
127
127
127
127
127
127
127
127
127
127
127
127
127
127
127
127
127
127
127
127
127
127
127
127
127
127
123
55
53
31
15
17
21
19
21
25
5
9
29
75
127
127
127
127
127
127
127
127
127
127
127
127
127
127
127
127
127
127
127
127
127
127
127
127
127
127
127
127
127
127
127
127
127
127
127
127
127
127
127
127
127
127
121
59
39
55
79
93
83
81
85
83
69
51
43
41
47
37
5
-20
-12
35
79
127
127
127
127
127
127
127
127
127
127
127
127
127
127
127
127
127
127
127
127
127
127
127
127
127
127
127
127
127
127
127
127
127
127
127
127
91
43
53
87
95
79
65
77
71
71
75
79
79
75
71
61
41
27
29
41
33
7
-22
-2
47
127
127
127
127
127
127
127
127
127
127
127
127
127
127
127
127
127
127
127
127
127
127
127
127
127
127
127
127
127
127
127
127
83
51
69
95
99
71
51
83
127
89
85
81
79
81
85
85
85
55
63
65
57
37
23
17
19
-26
-6
-26
55
127
127
127
127
127
127
127
127
127
127
127
127
127
127
127
127
127
127
127
127
127
127
127
127
127
127
127
127
127
65
37
85
79
83
105
117
111
97
85
117
123
121
113
105
101
89
77
91
55
25
25
49
55
33
5
21
9
-2
-48
-40
127
127
127
127
127
127
127
127
127
127
127
127
127
127
127
127
127
127
127
127
127
127
127
127
127
127
97
25
53
97
95
97
91
87
95
115
127
127
109
127
127
127
127
127
127
121
91
93
85
69
45
27
21
23
23
3
1
27
3
-54
41
127
127
127
127
127
127
127
127
127
127
127
127
127
127
127
127
127
127
127
127
127
127
127
57
17
93
121
67
81
115
127
127
123
125
127
119
127
127
127
127
127
127
127
127
121
111
95
73
55
47
45
51
11
13
17
-2
-32
-30
-22
-34
127
127
127
127
127
127
127
127
127
127
127
127
127
127
127
127
127
127
127
127
127
33
47
85
83
73
67
117
121
113
119
127
127
127
127
127
127
127
127
127
127
127
127
127
117
87
71
73
55
35
41
17
17
13
5
-8
-22
-30
-34
-42
127
127
127
127
127
127
127
127
127
127
127
127
127
127
127
127
127
127
127
83
43
75
83
71
83
107
103
127
127
127
127
127
127
127
127
127
127
127
127
127
127
127
127
127
113
93
77
47
33
51
15
15
13
5
-6
-16
-26
-30
-42
-18
127
127
127
127
127
127
127
127
127
127
127
127
127
127
127
127
127
37
27
57
93
81
73
101
127
111
127
127
127
127
127
127
127
127
127
127
127
127
127
127
127
127
127
111
99
105
81
39
29
19
17
13
7
1
-10
-16
-20
-32
-50
-32
127
127
127
127
127
127
127
127
127
127
127
127
127
127
127
59
37
37
67
85
79
91
119
127
127
127
127
127
127
127
127
127
127
127
127
127
127
127
127
127
127
127
127
127
97
53
33
53
27
21
15
9
1
-4
-16
-20
-10
-24
-106
77
127
127
127
127
127
127
127
127
127
127
127
127
127
95
9
59
57
71
73
75
101
127
127
127
127
127
127
127
127
127
127
127
127
127
127
127
127
127
127
127
127
127
119
125
91
41
21
35
27
17
9
3
-4
-16
-24
-24
-36
-22
-68
127
127
127
127
127
127
127
127
127
127
127
127
127
5
35
35
47
71
73
69
103
127
127
127
127
127
127
127
127
127
127
127
127
127
127
127
127
127
127
127
127
127
127
109
61
37
53
41
29
15
7
3
-6
-16
-26
-50
-12
-36
-40
-76
127
127
127
127
127
127
127
127
127
127
127
49
7
53
29
39
65
77
75
107
127
127
127
127
127
127
127
127
127
127
127
127
127
127
127
127
127
127
127
127
127
123
123
89
49
35
37
25
11
3
1
-4
-16
-26
-32
-22
-32
-52
-76
31
127
127
127
127
127
127
127
127
127
125
-16
43
57
63
51
61
73
81
117
127
127
127
127
127
127
127
127
127
127
127
127
127
127
127
127
127
127
127
127
127
127
117
79
51
53
33
21
5
-2
1
-2
-12
-20
-14
-48
-18
-18
-42
-64
127
127
127
127
127
127
127
127
127
13
-6
69
49
47
65
85
97
103
117
127
127
127
127
127
127
127
127
127
127
127
127
127
127
127
127
127
127
127
127
127
117
95
71
49
33
35
17
7
7
3
-14
-22
-20
-34
-32
-42
-38
-46
-70
-14
127
127
127
127
127
127
127
127
9
-6
39
49
35
51
73
89
101
121
127
127
127
127
127
127
127
127
127
127
127
127
127
127
127
127
127
127
127
127
127
111
89
69
57
51
29
15
9
7
-2
-18
-24
-20
-24
-30
-38
-32
-46
-76
-50
127
127
127
127
127
127
127
35
5
7
7
53
31
45
65
81
97
119
127
127
127
127
127
127
127
127
127
127
127
127
127
127
127
127
127
127
127
127
121
99
71
53
45
47
21
15
9
3
-8
-22
-26
-20
-20
-40
-38
-28
-40
-72
-82
107
127
127
127
127
127
127
-32
11
15
-2
51
39
51
65
77
93
111
127
127
127
127
127
127
127
127
127
127
127
127
127
127
127
127
127
127
125
121
109
87
65
45
35
33
13
11
9
-2
-14
-24
-26
-24
-30
-52
-44
-36
-32
-54
-86
-10
127
127
127
127
127
127
-40
15
19
9
39
43
51
63
75
87
103
121
127
127
127
127
127
127
127
127
127
127
127
127
127
127
127
127
127
125
113
95
79
63
51
35
25
9
7
3
-10
-18
-24
-28
-30
-36
-58
-50
-46
-22
-42
-78
-74
127
127
127
127
127
55
-24
11
9
19
25
31
39
51
65
81
97
113
123
127
127
127
127
127
127
127
127
125
127
127
127
125
119
111
105
95
81
65
53
49
41
27
13
7
3
-6
-18
-20
-20
-28
-38
-38
-46
-48
-60
-20
-46
-76
-96
127
127
127
127
127
1
-14
9
1
21
23
17
27
41
57
73
87
99
107
127
127
127
127
127
127
127
127
113
111
109
105
99
93
87
83
63
57
45
37
29
21
13
9
7
1
-14
-26
-22
-16
-28
-48
-52
-36
-50
-74
-22
-58
-78
-94
73
127
127
127
127
-14
-14
11
-2
25
29
13
23
37
53
67
77
85
87
127
111
107
123
127
117
107
111
121
115
105
95
85
77
73
71
59
61
55
43
27
13
13
17
7
-2
-18
-30
-22
-12
-28
-52
-68
-40
-52
-84
-18
-66
-76
-84
17
127
127
127
127
-46
-18
-8
-4
19
13
15
25
37
49
61
69
73
75
85
91
97
105
107
105
103
99
85
83
81
85
87
81
67
57
51
47
43
39
31
19
7
-4
-16
-18
-24
-30
-36
-46
-50
-52
-60
-44
-42
-78
-54
-22
-80
-70
-54
127
127
127
127
-52
-12
-12
-10
19
9
13
17
25
33
43
53
61
65
71
77
83
89
91
91
87
85
91
85
79
77
75
69
59
51
47
41
35
27
21
13
1
-8
-18
-22
-26
-32
-40
-48
-52
-54
-70
-54
-50
-80
-48
-22
-74
-62
-78
127
127
127
127
-62
-8
-16
-18
19
5
11
15
15
21
29
39
49
55
59
63
69
75
77
75
73
71
79
73
65
59
57
53
47
43
39
33
23
15
9
3
-8
-14
-22
-24
-32
-38
-44
-50
-54
-56
-72
-58
-54
-80
-40
-32
-70
-62
-88
127
127
127
127
-66
-8
-18
-22
13
-4
11
15
15
19
25
33
39
43
47
49
55
59
61
59
57
57
53
51
49
47
45
43
41
37
31
23
11
3
-2
-8
-14
-20
-32
-34
-38
-44
-50
-56
-62
-64
-70
-58
-54
-76
-28
-48
-74
-74
-78
127
127
127
127
-68
-16
-18
-24
3
-12
3
9
15
21
25
29
29
29
35
37
39
43
45
43
43
41
37
41
45
45
41
35
29
27
19
13
3
-6
-10
-16
-24
-28
-38
-40
-44
-50
-56
-62
-66
-68
-72
-62
-62
-78
-18
-62
-68
-74
-80
127
127
127
127
-62
-34
-16
-20
-10
-18
-8
-2
7
13
17
19
17
15
37
37
39
41
43
43
43
41
35
41
45
45
37
27
17
13
7
1
-6
-12
-16
-24
-32
-38
-44
-46
-50
-54
-60
-64
-70
-72
-86
-78
-74
-78
-4
-68
-62
-70
-84
127
127
127
127
-52
-54
-14
-12
-22
-18
-10
-6
-2
3
7
11
13
15
31
33
33
35
35
35
35
35
21
27
31
27
17
9
5
5
-6
-10
-16
-20
-26
-32
-42
-50
-50
-52
-56
-60
-64
-72
-74
-76
-88
-80
-78
-78
5
-78
-58
-72
-48
127
127
127
127
-48
-66
-12
-8
-28
-22
-6
-4
-4
-2
3
9
15
21
15
15
15
15
15
17
17
17
5
7
9
5
-2
-4
-2
5
-16
-18
-22
-24
-30
-38
-50
-58
-52
-54
-58
-62
-66
-74
-76
-78
-82
-76
-76
-76
11
-88
-62
-80
1
127
127
127
127
-8
-46
-54
-34
-40
-22
-24
-18
-12
-4
3
5
5
5
9
9
7
7
7
11
13
15
13
7
1
-4
-6
-6
-10
-14
-16
-24
-38
-46
-48
-46
-46
-44
-66
-72
-74
-78
-80
-78
-76
-76
-86
-74
-116
-30
-8
-124
-12
-86
127
127
127
127
127
79
-66
-50
-28
-64
-22
-26
-24
-20
-16
-14
-16
-18
-22
3
5
7
9
11
9
9
7
1
-6
-10
-12
-12
-16
-22
-28
-28
-34
-44
-48
-50
-52
-52
-56
-70
-72
-74
-76
-78
-82
-86
-88
-80
-88
-80
-18
-54
-76
13
-118
127
127
127
127
127
127
-94
-40
-38
-62
-24
-26
-22
-18
-16
-14
-18
-20
-24
-18
-14
-8
-4
-2
-6
-10
-14
-14
-14
-18
-20
-22
-24
-32
-38
-44
-48
-52
-52
-54
-58
-64
-68
-78
-76
-74
-76
-82
-86
-94
-100
-90
-110
-38
-30
-100
-20
-8
-106
127
127
127
127
127
127
-60
-46
-52
-36
-32
-36
-30
-24
-18
-12
-12
-12
-12
-24
-22
-18
-14
-14
-18
-20
-24
-20
-22
-22
-22
-22
-28
-34
-42
-48
-54
-58
-62
-62
-66
-72
-76
-82
-82
-82
-84
-88
-94
-98
-100
-100
-108
-6
-56
-92
21
-80
25
127
127
127
127
127
127
81
-78
-42
-34
-42
-54
-48
-40
-32
-26
-24
-22
-24
-16
-18
-18
-20
-20
-20
-18
-18
-28
-30
-30
-28
-30
-34
-44
-48
-50
-58
-64
-70
-72
-72
-74
-76
-84
-88
-94
-96
-98
-98
-96
-94
-94
-82
-2
-80
-42
23
-122
127
127
127
127
127
127
127
127
-64
-34
-58
-52
-54
-50
-44
-40
-36
-38
-38
-40
-24
-26
-28
-32
-32
-30
-28
-26
-42
-44
-44
-44
-44
-46
-54
-60
-54
-62
-72
-78
-78
-78
-80
-82
-90
-92
-98
-100
-102
-100
-98
-94
-86
-56
-42
-86
-10
-20
-54
127
127
127
127
127
127
127
127
59
-64
-66
-52
-48
-44
-42
-38
-38
-42
-44
-48
-42
-42
-42
-44
-44
-46
-46
-48
-48
-52
-56
-56
-56
-56
-60
-64
-64
-70
-74
-78
-78
-80
-86
-90
-90
-92
-96
-98
-100
-104
-104
-104
-52
-30
-92
-52
-12
-66
127
127
127
127
127
127
127
127
127
127
-112
-52
-48
-52
-50
-46
-44
-44
-46
-50
-52
-50
-46
-42
-40
-42
-46
-52
-56
-50
-54
-60
-60
-58
-60
-60
-62
-74
-76
-76
-76
-78
-82
-96
-102
-92
-92
-92
-92
-98
-104
-110
-112
-12
-2
-112
1
-14
-84
127
127
127
127
127
127
127
127
127
127
37
-102
-14
-64
-20
-84
-58
1
-44
-58
-40
-56
-54
-54
-54
-52
-50
-50
-48
-68
-66
-64
-62
-64
-70
-76
-80
-82
-86
-92
-98
-102
-102
-100
-100
-106
-64
-126
-128
-64
-108
-128
-50
-46
-94
39
-8
-98
127
127
127
127
127
127
127
127
127
127
127
127
-20
-94
-34
-100
-20
-42
-82
-36
-64
-50
-48
-50
-52
-56
-60
-62
-66
-68
-66
-66
-66
-68
-74
-78
-84
-86
-86
-90
-92
-96
-98
-96
-96
-94
-96
-118
-72
-98
-128
-122
-62
39
-70
-48
31
-84
-18
127
127
127
127
127
127
127
127
127
127
127
127
127
-96
-80
-50
-58
-76
-80
-62
-42
-64
-54
-56
-58
-64
-68
-76
-78
-80
-68
-70
-72
-78
-82
-88
-92
-94
-96
-96
-96
-96
-96
-96
-96
-96
-124
-92
-110
-94
-106
-74
1
-80
-42
31
-40
-102
127
127
127
127
127
127
127
127
127
127
127
127
127
127
75
-126
-46
-82
-68
-56
-76
-44
-76
-66
-66
-68
-70
-74
-74
-76
-76
-72
-74
-80
-84
-90
-92
-96
-96
-102
-102
-100
-100
-100
-100
-102
-104
-116
-126
-100
-128
-68
7
-74
-72
37
5
-102
127
127
127
127
127
127
127
127
127
127
127
127
127
127
127
127
11
-128
-60
-34
-84
-68
-80
-78
-74
-74
-74
-76
-76
-76
-76
-78
-80
-82
-86
-88
-94
-94
-94
-94
-106
-106
-106
-106
-108
-110
-112
-114
-128
-88
-128
-78
-56
-100
-12
57
25
-110
121
127
127
127
127
127
127
127
127
127
127
127
127
127
127
127
127
127
21
-114
-92
-64
-80
-92
-66
-70
-72
-74
-76
-80
-84
-86
-88
-88
-92
-92
-92
-96
-98
-98
-98
-108
-110
-112
-114
-116
-116
-118
-118
-100
-128
-38
-32
-56
-10
-20
-8
-76
39
127
127
127
127
127
127
127
127
127
127
127
127
127
127
127
127
127
127
127
5
-92
-54
-94
-74
-68
-72
-72
-76
-80
-84
-92
-94
-96
-94
-94
-94
-96
-100
-106
-110
-112
-112
-112
-116
-118
-118
-116
-114
-112
-82
-54
-48
9
19
-4
-20
-100
29
127
127
127
127
127
127
127
127
127
127
127
127
127
127
127
127
127
127
127
127
127
41
-122
-72
-66
-90
-76
-76
-80
-84
-88
-92
-94
-96
-98
-98
-96
-98
-104
-110
-118
-124
-114
-116
-120
-120
-118
-114
-108
-104
-30
-30
-42
1
29
-86
-100
103
127
127
127
127
127
127
127
127
127
127
127
127
127
127
127
127
127
127
127
127
127
127
127
127
-64
-118
-60
-74
-82
-84
-104
-116
-92
-82
-112
-78
-86
-102
-114
-118
-120
-114
-112
-118
-94
-110
-112
-116
-102
-44
-28
-34
-2
31
-34
-128
-56
127
127
127
127
127
127
127
127
127
127
127
127
127
127
127
127
127
127
127
127
127
127
127
127
127
127
127
17
-128
-112
-108
-80
-64
-84
-96
-102
-114
-128
-124
-106
-98
-100
-104
-106
-104
-96
-98
-128
-98
-36
-6
-16
-86
-18
-42
-96
-106
51
127
127
127
127
127
127
127
127
127
127
127
127
127
127
127
127
127
127
127
127
127
127
127
127
127
127
127
127
127
127
-90
-110
-94
-74
-98
-118
-104
-90
-88
-86
-92
-106
-118
-114
-90
-74
-102
-44
-36
-42
-56
-46
1
5
-64
-94
-20
127
127
127
127
127
127
127
127
127
127
127
127
127
127
127
127
127
127
127
127
127
127
127
127
127
127
127
127
127
127
127
127
127
127
-54
-128
-128
-88
-78
-106
-100
-82
-58
-44
-40
-40
-40
-40
-40
-22
-34
-30
-54
-96
-100
-122
-30
127
127
127
127
127
127
127
127
127
127
127
127
127
127
127
127
127
127
127
127
127
127
127
127
127
127
127
127
127
127
127
127
127
127
127
127
127
127
51
-74
-118
-128
-114
-118
-122
-120
-116
-116
-122
-128
-128
-100
-100
-100
-128
-84
121
127
127
127
127
127
127
127
127
127
127
127
127
127
127
127
127
127
127
127
127
127
127
127
127
127
127
127
127
127
127
127
127
127
127
127
127
127
127
127
127
127
127
127
127
15
-26
-82
-120
-128
-122
-110
-106
-70
-56
9
127
127
127
127
127
127
127
127
127
127
127
127
127
127
127
127
127
127
127
127
127
127
127
127
127
127
127
127
127
127
127
127
127
127
127
127
127
127
127
127
127
127
127
127
127
127
127
127
127
127
127
127
127
127
127
127
127
127
127
127
127
127
127
127
127
127
127
127
127
127
127
127
127
127
127
127
127
127
127
127
127
127
127
