127
127
127
127
127
127
127
127
127
127
127
127
127
127
127
127
127
127
127
127
127
127
127
127
127
127
127
127
127
127
127
127
127
127
127
127
127
127
127
127
127
127
127
127
127
127
127
127
127
127
127
127
127
127
127
127
127
127
127
127
127
127
127
127
127
127
127
127
127
127
127
127
127
127
127
127
127
127
127
127
127
127
127
127
127
127
127
127
127
127
127
127
127
127
127
127
127
127
127
127
127
127
127
127
127
127
127
127
127
127
127
127
127
127
127
127
127
127
127
127
127
127
127
127
127
127
127
127
127
127
127
127
127
127
127
127
127
127
127
127
127
127
127
127
127
127
127
127
127
127
127
127
127
127
127
127
127
127
127
127
127
127
127
127
127
127
127
127
127
127
127
127
127
127
127
127
127
127
127
127
127
127
127
127
127
127
127
127
127
127
127
127
127
127
127
127
127
127
127
127
127
127
127
127
127
127
127
127
127
127
127
127
127
127
127
127
127
127
127
127
127
127
127
127
127
127
127
127
127
127
127
127
127
127
127
127
127
127
127
127
127
127
127
127
127
127
127
127
127
127
127
127
127
127
127
127
127
127
127
127
127
127
127
127
127
127
127
127
127
127
127
127
127
127
127
127
127
127
127
127
127
127
127
127
127
127
127
127
127
127
127
127
127
127
127
127
127
127
127
127
127
127
127
127
127
127
127
127
127
127
127
127
127
127
127
127
127
127
127
127
127
127
127
127
127
127
127
127
127
127
127
127
127
127
127
127
127
127
127
127
127
127
127
127
127
127
127
127
127
127
127
127
127
127
127
127
127
127
127
127
127
127
127
127
127
127
127
127
127
127
127
127
127
127
127
127
127
127
127
127
127
127
127
127
127
127
127
127
127
127
127
127
127
127
127
127
127
127
127
127
127
127
127
127
127
127
127
127
127
127
127
127
127
127
127
127
127
127
127
127
127
127
127
127
127
127
127
127
127
127
127
127
127
127
127
127
127
127
127
127
127
127
127
127
127
127
127
127
127
127
127
127
127
127
127
127
127
127
127
127
127
127
127
127
127
127
127
127
127
127
127
127
127
127
127
127
127
127
127
127
127
127
127
127
127
127
127
127
127
127
127
127
127
127
127
127
127
127
127
127
127
127
127
127
127
127
127
127
127
127
127
127
127
127
127
127
127
127
127
127
127
127
127
127
127
127
127
127
127
127
127
127
127
127
127
127
127
127
127
127
127
127
127
127
127
127
127
127
127
127
127
127
127
127
127
127
127
127
127
127
127
127
127
127
127
127
127
127
127
127
127
127
127
127
127
127
127
127
127
127
127
127
127
127
127
127
127
127
127
127
127
127
127
127
127
127
127
127
127
127
127
127
127
127
127
127
127
127
127
127
127
127
127
127
127
127
127
127
127
127
127
127
127
127
127
127
127
127
127
127
127
127
127
127
127
127
127
127
127
127
127
127
127
127
127
127
127
127
127
127
127
127
127
127
127
127
127
127
127
127
127
127
127
127
127
127
127
127
127
127
127
127
127
127
127
127
127
127
127
127
127
127
127
127
127
127
127
127
127
127
127
127
127
127
127
127
127
127
127
127
127
127
127
127
127
127
127
127
127
127
127
127
127
127
127
127
127
127
127
127
127
127
127
127
127
127
127
127
127
127
127
127
127
127
127
127
127
127
127
127
127
127
127
127
127
127
127
127
127
127
127
127
127
127
127
127
127
127
127
127
127
127
127
127
127
127
127
127
127
127
127
127
127
127
127
127
127
127
127
127
127
127
127
127
127
127
127
127
127
127
127
127
127
127
127
127
127
127
127
127
127
127
127
101
71
93
91
83
75
73
75
75
83
127
127
127
127
127
127
127
127
127
127
127
127
127
127
127
127
127
127
127
127
123
127
127
127
127
127
127
127
127
127
127
127
127
127
127
127
127
127
127
127
127
127
127
127
127
127
127
127
127
127
127
127
127
127
127
127
103
33
-8
-28
-52
-52
-44
-58
-56
-60
-68
-76
-82
-94
-88
-54
3
29
43
79
83
51
43
41
49
69
79
85
83
75
63
55
45
33
21
9
19
53
89
127
127
127
127
127
127
127
127
127
127
127
127
127
127
127
127
127
127
127
127
127
127
127
127
127
127
127
127
127
127
89
-26
-58
-58
-44
-30
-30
-36
-38
-42
-34
-30
-32
-40
-52
-72
-80
-78
9
91
119
127
127
127
127
127
127
127
127
127
127
127
127
127
127
127
119
101
75
63
61
85
127
127
127
127
127
127
127
127
127
127
127
127
127
127
127
127
127
127
127
127
127
127
127
127
127
127
127
127
49
-32
-44
-26
-6
-12
-28
-34
-54
-76
-64
-54
-46
-40
-32
-26
-32
-32
-42
3
125
127
127
127
127
127
127
127
127
127
127
127
127
127
127
127
127
127
127
127
127
101
69
55
125
127
127
127
127
127
127
127
127
127
127
127
127
127
127
127
127
127
127
127
127
127
127
127
127
113
-32
-80
-20
-18
-22
-34
-52
-74
-100
-118
-126
-128
-126
-120
-108
-82
-52
-30
-20
11
-8
69
127
127
127
127
127
127
127
127
127
127
127
127
127
127
127
127
127
127
127
127
127
93
37
41
127
127
127
127
127
127
127
127
127
127
127
127
127
127
127
127
127
127
127
127
127
127
127
105
-38
-58
-60
-28
-44
-78
-112
-120
-128
-128
-128
-118
-128
-128
-128
-128
-128
-120
-88
-56
-16
17
25
127
127
127
127
127
127
127
127
127
127
127
127
127
127
127
127
127
127
127
127
127
127
61
15
91
127
127
127
127
127
127
127
127
127
127
127
127
127
127
127
127
127
127
127
127
127
127
-14
-56
-26
-40
-70
-92
-114
-128
-128
-128
-128
-128
-112
-124
-126
-128
-128
-128
-128
-128
-116
-62
3
37
77
127
127
127
127
127
127
127
127
127
127
127
127
127
127
127
127
127
127
127
127
127
117
17
53
127
127
127
127
127
127
127
127
127
127
127
127
127
127
127
127
127
127
127
127
127
-6
-40
-18
-26
-66
-118
-128
-128
-128
-128
-128
-124
-120
-118
-128
-128
-126
-124
-128
-128
-128
-128
-116
-38
31
37
107
127
127
127
127
127
127
127
127
127
127
127
127
127
127
127
127
127
127
127
127
127
55
53
127
127
127
127
127
127
127
127
127
127
127
127
127
127
127
127
127
127
127
127
41
-62
-34
-32
-86
-118
-128
-128
-128
-128
-128
-118
-116
-126
-128
-120
-120
-116
-110
-110
-116
-116
-126
-128
-100
-24
25
71
127
127
127
127
127
127
127
127
127
127
127
127
127
127
127
127
127
127
127
127
127
65
57
127
127
127
127
127
127
127
127
127
127
127
127
127
127
127
127
127
127
127
99
-40
-50
-32
-72
-114
-128
-128
-118
-114
-116
-124
-122
-118
-118
-124
-114
-116
-116
-110
-110
-112
-112
-124
-128
-128
-94
13
63
113
127
127
127
127
127
127
127
127
127
127
127
127
127
127
127
127
127
127
127
127
51
57
127
127
127
127
127
127
127
127
127
127
127
127
127
127
127
127
127
127
127
13
-60
-34
-70
-128
-128
-128
-114
-128
-122
-120
-122
-122
-114
-110
-112
-114
-118
-122
-118
-118
-116
-114
-122
-128
-128
-128
-16
55
101
127
127
127
127
127
127
127
127
127
127
127
127
101
77
75
95
127
127
127
91
-10
5
127
127
127
127
127
127
127
127
127
127
127
127
127
127
127
127
127
127
127
-58
-52
-26
-84
-128
-128
-128
-120
-126
-122
-118
-118
-118
-120
-122
-126
-116
-118
-120
-124
-122
-122
-122
-124
-128
-128
-128
-54
37
109
127
127
127
127
127
127
127
127
127
107
61
29
11
3
-10
-14
5
15
29
19
-50
-18
127
127
127
127
127
127
127
127
127
127
127
127
127
127
127
127
127
127
87
-66
-20
-46
-128
-128
-128
-122
-120
-120
-126
-128
-128
-126
-120
-118
-116
-118
-118
-122
-124
-128
-128
-128
-128
-128
-124
-128
-76
21
109
127
127
127
127
127
127
127
101
63
39
31
-16
-56
-86
-110
-108
-70
-44
-48
-44
-64
-20
127
127
127
127
127
127
127
127
127
127
127
127
127
127
127
127
127
127
25
-52
-24
-86
-128
-118
-128
-126
-126
-120
-124
-126
-128
-128
-128
-126
-126
-124
-124
-128
-128
-126
-128
-128
-126
-120
-102
-128
-78
3
85
127
127
127
127
127
127
99
63
23
-12
-54
-88
-120
-128
-128
-128
-118
-102
-100
-116
-106
-46
69
127
127
127
127
127
127
127
127
127
127
127
127
127
127
127
127
127
13
-36
-36
-76
-128
-124
-126
-128
-104
-118
-122
-122
-128
-128
-128
-128
-128
-128
-128
-128
-128
-128
-126
-124
-118
-108
-104
-128
-70
3
75
127
127
127
127
127
73
43
31
-22
-86
-128
-128
-128
-120
-128
-128
-128
-128
-122
-126
-120
-116
-70
55
127
127
127
127
127
127
127
127
127
127
127
127
127
127
127
127
7
-16
-30
-116
-128
-124
-124
-104
-112
-110
-112
-118
-120
-126
-128
-128
-128
-128
-128
-128
-126
-120
-118
-112
-106
-108
-118
-128
-58
7
83
127
127
127
127
127
21
29
-14
-88
-126
-108
-116
-124
-128
-128
-128
-106
-94
-126
-106
-124
-128
-108
-74
31
127
127
127
127
127
127
127
127
127
127
127
127
127
127
127
11
-14
-34
-124
-128
-128
-114
-94
-122
-106
-108
-112
-118
-126
-126
-128
-128
-128
-128
-126
-122
-120
-114
-106
-102
-106
-124
-120
-50
11
101
127
127
127
127
65
29
23
-66
-128
-128
-120
-108
-98
-104
-124
-128
-124
-120
-128
-114
-128
-128
-92
-120
-92
67
127
127
127
127
127
127
127
127
127
127
127
127
127
127
21
-12
-60
-90
-128
-128
-104
-120
-96
-100
-108
-112
-118
-120
-126
-128
-128
-128
-128
-126
-122
-116
-110
-102
-106
-110
-126
-106
-40
21
127
127
127
127
127
29
21
-28
-92
-128
-128
-116
-112
-110
-120
-128
-128
-124
-116
-124
-128
-128
-122
-116
-116
-100
-50
127
127
127
127
127
127
127
127
127
127
127
127
127
127
43
-10
-58
-102
-128
-128
-118
-118
-86
-106
-112
-116
-118
-120
-124
-126
-126
-124
-124
-122
-122
-116
-114
-108
-110
-118
-122
-90
-24
41
127
127
127
127
107
7
-10
-84
-124
-128
-128
-124
-118
-108
-112
-128
-128
-116
-114
-118
-128
-126
-116
-118
-116
-104
-68
127
127
127
127
127
127
127
127
127
127
127
127
127
127
79
-36
-32
-120
-128
-116
-128
-100
-114
-120
-128
-126
-126
-126
-126
-122
-122
-116
-118
-120
-122
-122
-122
-118
-118
-126
-118
-72
-8
53
127
127
127
127
51
-10
-54
-124
-128
-128
-128
-128
-128
-122
-126
-128
-128
-112
-106
-124
-128
-128
-120
-108
-122
-120
-66
127
127
127
127
127
127
127
127
127
127
127
127
127
127
127
-54
-10
-86
-128
-128
-128
-112
-126
-128
-128
-128
-128
-122
-120
-120
-120
-112
-114
-120
-124
-126
-126
-124
-128
-124
-114
-62
-4
35
97
127
127
101
-12
-16
-90
-128
-128
-124
-122
-128
-128
-126
-124
-128
-124
-108
-106
-116
-126
-120
-118
-124
-110
-100
-90
127
127
127
127
127
127
127
127
127
127
127
127
127
127
127
9
-14
-32
-128
-128
-114
-128
-124
-128
-128
-126
-120
-116
-112
-112
-112
-108
-112
-116
-122
-124
-126
-124
-128
-128
-114
-84
-60
-32
13
59
71
19
-50
7
-100
-128
-128
-110
-122
-122
-124
-120
-120
-124
-120
-114
-114
-124
-126
-120
-116
-120
-120
-116
-100
113
127
127
127
127
127
127
127
127
127
127
127
127
127
127
123
-8
-32
-58
-128
-128
-120
-128
-126
-128
-128
-126
-122
-114
-106
-106
-108
-112
-116
-120
-124
-128
-128
-128
-128
-128
-108
-102
-92
-64
-30
-28
-14
-44
-14
-76
-128
-128
-104
-118
-116
-124
-124
-122
-120
-118
-118
-116
-128
-126
-118
-122
-122
-112
-112
-104
97
127
127
127
127
127
127
127
127
127
127
127
127
127
127
127
79
-20
-30
-92
-126
-126
-118
-126
-128
-126
-126
-124
-122
-116
-114
-114
-114
-120
-120
-126
-126
-128
-128
-128
-128
-124
-122
-120
-102
-74
-74
-58
-54
-62
-74
-128
-128
-98
-110
-120
-128
-128
-124
-122
-118
-116
-116
-118
-120
-120
-122
-114
-106
-112
-100
101
127
127
127
127
127
127
127
127
127
127
127
127
127
127
127
127
43
-20
-32
-106
-128
-106
-128
-128
-128
-124
-122
-122
-124
-126
-120
-120
-122
-122
-124
-126
-128
-126
-128
-122
-120
-120
-122
-104
-86
-84
-110
-102
-116
-104
-128
-128
-96
-100
-122
-128
-128
-126
-120
-118
-116
-112
-104
-118
-126
-118
-108
-110
-118
-90
111
127
127
127
127
127
127
127
127
127
127
127
127
127
127
127
127
127
33
-14
-50
-72
-128
-128
-128
-128
-128
-126
-124
-126
-128
-126
-126
-124
-124
-126
-126
-128
-126
-112
-110
-110
-114
-118
-114
-102
-106
-120
-126
-128
-126
-128
-116
-98
-94
-128
-128
-128
-128
-124
-118
-116
-112
-118
-114
-120
-118
-106
-106
-116
-90
113
127
127
127
127
127
127
127
127
127
127
127
127
127
127
127
127
127
127
125
-44
-78
-66
-92
-112
-126
-128
-124
-128
-128
-126
-128
-126
-126
-126
-126
-124
-126
-120
-106
-104
-110
-116
-118
-120
-114
-114
-116
-128
-126
-128
-124
-108
-98
-94
-128
-128
-128
-128
-124
-118
-118
-114
-128
-104
-112
-126
-114
-108
-118
-98
119
127
127
127
127
127
127
127
127
127
127
127
127
127
127
127
127
127
127
127
27
-68
-44
-64
-92
-120
-128
-128
-128
-128
-128
-128
-128
-126
-126
-124
-122
-122
-118
-104
-100
-112
-118
-122
-124
-116
-114
-122
-126
-126
-128
-128
-110
-102
-102
-128
-128
-128
-126
-122
-120
-118
-118
-122
-108
-118
-128
-120
-122
-120
-76
127
127
127
127
127
127
127
127
127
127
127
127
127
127
127
127
127
127
127
127
105
-30
-88
-72
-102
-128
-128
-128
-128
-128
-128
-128
-126
-126
-124
-122
-120
-120
-114
-102
-106
-118
-124
-128
-128
-122
-118
-128
-118
-124
-116
-128
-120
-110
-116
-128
-128
-128
-128
-122
-120
-120
-124
-112
-126
-128
-128
-120
-128
-118
-32
127
127
127
127
127
127
127
127
127
127
127
127
127
127
127
127
127
127
127
127
107
-32
-84
-108
-124
-128
-128
-126
-128
-128
-124
-124
-124
-126
-124
-122
-120
-118
-114
-112
-116
-126
-128
-128
-128
-122
-116
-118
-118
-118
-122
-128
-128
-124
-120
-116
-120
-124
-128
-120
-122
-124
-120
-128
-116
-128
-128
-128
-128
-100
17
125
127
127
127
127
127
127
127
127
127
127
127
127
127
127
127
127
127
127
127
85
-46
-96
-126
-128
-124
-120
-124
-128
-128
-122
-124
-124
-122
-122
-120
-120
-116
-118
-118
-124
-128
-128
-128
-128
-126
-120
-118
-112
-112
-120
-128
-128
-128
-126
-118
-122
-128
-126
-124
-128
-128
-128
-128
-128
-128
-128
-124
-78
-36
-20
127
127
127
127
127
127
127
127
127
127
127
127
127
127
127
127
127
127
127
127
83
-54
-116
-128
-126
-122
-116
-120
-128
-128
-120
-120
-118
-118
-118
-118
-118
-112
-116
-118
-124
-128
-128
-126
-122
-120
-120
-114
-110
-110
-116
-126
-128
-128
-126
-124
-124
-118
-114
-124
-128
-128
-128
-128
-128
-128
-120
-66
-24
-2
29
127
127
127
127
127
127
127
127
127
127
127
127
127
127
127
127
127
127
127
127
93
-60
-110
-116
-124
-128
-124
-120
-120
-120
-118
-118
-118
-118
-118
-120
-118
-118
-118
-120
-126
-128
-128
-120
-116
-120
-120
-116
-116
-112
-118
-128
-128
-128
-128
-110
-112
-108
-102
-114
-128
-128
-128
-126
-104
-80
-16
-12
-10
25
127
127
127
127
127
127
127
127
127
127
127
127
127
127
127
127
127
127
127
127
127
89
-46
-82
-112
-126
-126
-126
-122
-122
-118
-118
-120
-120
-124
-124
-124
-124
-124
-128
-128
-128
-128
-128
-120
-118
-122
-128
-120
-122
-122
-122
-128
-128
-128
-128
-114
-118
-112
-82
-56
-52
-64
-72
-34
-36
-18
-2
-16
37
127
127
127
127
127
127
127
127
127
127
127
127
127
127
127
127
127
127
127
127
127
127
97
-2
-72
-126
-124
-120
-118
-126
-128
-124
-120
-118
-120
-122
-122
-122
-126
-126
-128
-128
-128
-128
-128
-118
-118
-122
-128
-126
-126
-118
-122
-128
-128
-128
-128
-128
-128
-120
-68
-6
3
-32
-52
-66
-36
-24
-34
103
127
127
127
127
127
127
127
127
127
127
127
127
127
127
127
127
127
127
127
127
127
127
127
111
25
-62
-128
-126
-118
-118
-124
-128
-124
-122
-118
-118
-120
-124
-124
-128
-128
-128
-128
-128
-128
-128
-114
-114
-126
-128
-128
-128
-116
-120
-128
-128
-126
-122
-128
-128
-128
-94
-34
-32
-62
-60
-56
-42
-64
-38
127
127
127
127
127
127
127
127
127
127
127
127
127
127
127
127
127
127
127
127
127
127
127
127
117
17
-36
-116
-124
-124
-126
-124
-124
-126
-128
-128
-128
-128
-128
-128
-128
-128
-128
-128
-128
-128
-128
-118
-118
-128
-128
-128
-128
-122
-122
-128
-128
-124
-120
-122
-120
-128
-124
-66
-42
-20
37
35
-16
-32
61
127
127
127
127
127
127
127
127
127
127
127
127
127
127
127
127
127
127
127
127
127
127
127
127
127
15
43
-68
-106
-128
-128
-126
-124
-126
-124
-128
-128
-128
-124
-118
-118
-116
-116
-118
-118
-122
-118
-116
-116
-118
-118
-122
-118
-116
-118
-118
-116
-116
-116
-128
-116
-126
-116
-62
-22
33
117
69
17
27
127
127
127
127
127
127
127
127
127
127
127
127
127
127
127
127
127
127
127
127
127
127
127
127
127
127
69
15
5
-56
-102
-120
-120
-126
-128
-128
-128
-128
-128
-128
-126
-124
-122
-124
-126
-128
-128
-128
-128
-128
-126
-126
-122
-122
-122
-122
-120
-120
-120
-120
-128
-124
-128
-122
-70
-36
-12
31
-4
-26
73
127
127
127
127
127
127
127
127
127
127
127
127
127
127
127
127
127
127
127
127
127
127
127
127
127
127
127
39
17
-14
-40
-56
-84
-114
-126
-118
-122
-124
-124
-124
-122
-118
-118
-118
-124
-128
-128
-128
-128
-128
-128
-128
-128
-128
-128
-126
-126
-128
-126
-128
-128
-128
-128
-120
-78
-52
-48
-38
-20
5
127
127
127
127
127
127
127
127
127
127
127
127
127
127
127
127
127
127
127
127
127
127
127
127
127
127
127
127
127
41
27
31
47
35
3
-16
-14
-38
-44
-44
-44
-44
-44
-42
-44
-46
-48
-46
-48
-46
-46
-46
-46
-48
-46
-42
-44
-40
-42
-42
-44
-46
-54
-60
-68
-72
-62
-40
-22
31
127
127
127
127
127
127
127
127
127
127
127
127
127
127
127
127
127
127
127
127
127
127
127
127
127
127
127
127
127
127
127
127
77
55
71
79
65
47
43
41
39
35
35
35
35
39
43
43
45
43
45
45
45
45
43
45
49
47
49
49
47
45
55
41
37
33
19
33
81
123
127
127
127
127
127
127
127
127
127
127
127
127
127
127
127
127
127
127
127
127
127
127
127
127
127
127
127
127
127
127
127
127
127
127
127
127
127
127
127
127
127
127
127
127
127
127
127
127
127
127
127
127
127
127
127
127
127
127
127
127
127
127
127
127
127
127
127
127
127
127
127
127
127
127
127
127
127
127
127
127
127
127
127
127
127
127
127
127
127
127
127
127
127
127
127
127
127
127
127
127
127
127
127
127
127
127
127
127
127
127
127
127
127
127
127
127
127
127
127
127
127
127
127
127
127
127
127
127
127
127
127
127
127
127
127
127
127
127
127
127
127
127
127
127
127
127
127
127
127
127
127
127
127
127
127
127
127
127
127
127
127
127
127
127
127
127
127
127
127
127
127
127
127
127
127
127
127
127
127
127
127
127
127
127
127
127
127
127
127
127
127
127
127
127
127
127
127
127
127
127
127
127
127
127
127
127
127
127
127
127
127
127
127
127
127
127
127
127
127
127
127
127
127
127
127
127
127
127
127
127
127
127
127
127
127
127
127
127
127
127
127
127
127
127
127
127
127
127
127
127
127
127
127
127
127
127
127
127
127
127
127
127
127
127
127
127
127
127
127
127
127
127
127
127
127
127
127
127
127
127
127
127
127
127
127
127
127
127
127
127
127
127
127
127
127
127
127
127
127
127
127
127
127
127
127
127
127
127
127
127
127
127
127
127
127
127
127
127
127
127
127
127
127
127
127
127
127
127
127
127
127
127
127
127
127
127
127
127
127
127
127
127
127
127
127
127
127
127
127
127
127
127
127
127
127
127
127
127
127
127
127
127
127
127
127
127
127
127
127
127
127
127
127
127
127
127
127
127
127
127
127
127
127
127
127
127
127
127
127
127
127
127
127
127
127
127
127
127
127
127
127
127
127
127
127
127
127
127
127
127
127
127
127
127
127
127
127
127
127
127
127
127
127
127
127
127
127
127
127
127
127
127
127
127
127
127
127
127
127
127
127
127
127
127
127
127
127
127
127
127
127
127
127
127
127
127
127
127
127
127
127
127
127
127
127
127
127
127
127
127
127
127
127
127
127
127
127
127
127
127
127
127
127
127
127
127
127
127
127
127
127
127
127
127
127
127
127
127
127
127
127
127
127
127
127
127
127
127
127
127
127
127
127
127
127
127
127
127
127
127
127
127
127
127
127
127
127
127
127
127
127
127
127
127
127
127
127
127
127
127
127
127
127
127
127
127
127
127
127
127
127
127
127
127
127
127
127
127
127
127
127
127
127
127
127
127
127
127
127
127
127
127
127
127
127
127
127
127
127
127
127
127
127
127
127
127
127
127
127
127
127
127
127
127
127
127
127
127
127
127
127
127
127
127
127
-4
-58
-72
39
127
127
47
127
127
39
-28
101
127
127
-12
127
127
49
127
127
-60
-58
-66
127
127
33
127
127
37
127
127
127
127
127
127
127
127
127
127
127
127
127
127
127
127
127
127
127
127
127
127
127
127
127
127
127
127
127
127
127
127
127
127
127
127
127
127
127
127
127
127
-14
127
127
11
127
127
-42
127
127
-84
127
63
127
127
-120
73
127
-6
127
83
5
127
127
127
127
51
53
127
-30
127
127
127
127
127
127
127
127
127
127
127
127
127
127
127
127
127
127
127
127
127
127
127
127
127
127
127
127
127
127
127
127
127
127
127
127
127
127
127
127
127
127
-38
127
127
79
127
127
13
127
127
47
43
127
127
127
-30
-12
121
35
127
65
-52
113
85
127
127
127
29
-60
127
127
127
127
127
127
127
127
127
127
127
127
127
127
127
127
127
127
127
127
127
127
127
127
127
127
127
127
127
127
127
127
127
127
127
127
127
127
127
127
127
127
127
-44
127
127
117
127
127
33
127
127
127
71
25
127
127
57
127
-42
-42
127
107
-18
93
121
127
127
127
107
23
127
127
127
127
127
127
127
127
127
127
127
127
127
127
127
127
127
127
127
127
127
127
127
127
127
127
127
127
127
127
127
127
127
127
127
127
127
127
127
127
127
127
127
-6
127
127
17
127
127
-18
127
127
89
127
-76
127
127
-10
127
71
-122
127
63
25
127
127
127
127
127
127
47
127
127
127
127
127
127
127
127
127
127
127
127
127
127
127
127
127
127
127
127
127
127
127
127
127
127
127
127
127
127
127
127
127
127
127
127
127
127
127
127
127
127
127
17
-34
-14
109
127
127
91
127
127
25
-30
89
127
127
63
127
127
9
127
127
-42
-2
-36
103
127
127
127
105
127
127
127
127
127
127
127
127
127
127
127
127
127
127
127
127
127
127
127
127
127
127
127
127
127
127
127
127
127
127
127
127
127
127
127
127
127
127
127
127
127
127
127
127
127
127
127
127
127
127
127
127
127
127
127
127
127
127
127
127
127
127
127
127
127
127
127
127
127
127
127
127
127
127
127
127
127
127
127
127
127
127
127
127
127
127
127
127
127
127
127
127
127
127
127
127
127
127
127
127
127
127
127
127
127
127
127
127
127
127
127
127
127
127
127
127
127
127
127
127
127
127
127
127
127
127
127
127
127
127
127
127
127
127
127
127
127
127
127
127
127
127
127
127
127
127
127
127
127
127
127
127
127
127
127
127
127
127
127
127
127
127
127
127
127
127
127
127
127
127
127
127
127
127
127
127
127
127
127
127
127
127
127
127
127
127
127
127
127
127
127
127
127
127
127
127
127
127
127
127
127
127
127
127
127
127
127
127
127
127
127
127
127
127
127
127
127
127
127
127
127
127
127
127
127
127
127
127
127
127
127
127
127
127
