127
127
127
127
127
127
127
127
127
127
127
127
127
127
127
127
127
127
127
127
127
127
127
127
127
127
127
127
127
127
127
127
127
127
127
127
127
127
127
127
127
127
127
127
127
127
127
127
127
127
127
127
127
127
127
127
127
127
127
127
127
127
127
127
127
127
127
127
127
127
127
127
127
127
127
127
127
127
127
127
127
127
127
127
127
127
127
127
127
127
127
127
127
127
127
127
127
127
127
127
127
127
127
127
127
127
127
127
127
127
127
127
127
127
127
127
127
127
127
127
127
127
127
127
127
127
127
127
127
127
127
127
127
127
127
127
127
127
127
127
127
127
127
127
127
127
127
127
127
127
127
127
127
127
127
125
127
127
127
127
127
127
127
127
127
127
127
127
127
127
127
127
127
127
127
127
127
127
127
127
127
127
127
127
127
127
127
127
127
127
127
127
127
127
127
127
127
127
127
-36
64
127
127
127
127
127
127
127
127
127
127
127
127
127
127
127
127
127
127
127
127
127
127
127
127
127
127
127
127
127
127
127
127
127
127
127
127
127
127
127
127
127
127
-76
-17
127
127
127
127
127
127
127
127
127
127
127
127
127
127
127
127
127
127
127
127
127
127
127
127
127
127
127
127
127
127
127
127
127
127
127
127
127
127
127
127
127
16
-28
-40
127
127
127
127
127
127
127
127
127
127
127
127
127
127
127
127
127
127
127
127
127
127
127
127
127
127
127
127
127
127
127
127
127
127
127
127
127
127
127
127
127
-78
4
-17
-5
127
127
127
127
127
127
127
127
127
127
127
127
127
127
127
127
127
127
127
127
127
127
127
127
127
127
127
127
127
127
127
127
127
127
127
127
127
127
127
-28
-19
6
-17
-72
127
127
127
127
127
127
127
127
127
127
127
127
127
127
127
127
127
127
127
127
127
127
127
127
127
127
127
127
127
127
127
127
127
127
127
127
127
127
89
-61
-11
10
12
-72
52
127
127
127
127
127
127
127
127
127
127
127
127
127
127
127
127
127
127
127
127
127
127
127
127
127
127
127
127
127
127
127
127
127
127
127
127
127
-53
-7
-3
-5
6
-1
-63
127
127
127
127
127
127
127
127
127
127
127
127
127
127
127
127
127
127
127
127
127
127
127
127
127
127
127
127
127
127
127
127
127
127
127
127
39
-63
16
-15
-3
2
6
-69
58
127
127
127
127
127
127
127
127
127
127
127
127
127
127
127
127
127
127
127
127
127
127
127
127
127
127
127
127
127
127
127
127
127
127
127
-80
6
-11
-23
-3
-7
-3
-32
-30
127
127
127
127
127
127
127
127
127
127
127
127
127
127
127
127
127
127
127
127
127
127
127
127
127
127
127
127
127
127
127
127
127
127
-36
-30
18
-5
-5
-17
-17
14
4
-57
37
127
127
127
127
127
127
127
127
127
127
127
127
127
127
127
127
127
127
127
127
127
127
127
127
127
127
127
127
127
127
127
127
45
-72
-7
-30
8
4
-15
-3
-3
22
-11
-72
127
127
127
127
127
127
127
127
127
127
127
127
127
127
127
127
127
127
127
127
127
127
127
127
127
127
127
127
127
127
127
127
-78
-5
-11
-7
-1
-17
-9
-1
-7
-1
-1
-40
20
127
127
127
127
127
127
127
127
127
127
127
127
127
127
127
127
127
127
127
127
127
127
127
127
127
127
127
127
127
127
-55
-32
-7
2
-1
-19
-15
16
-23
-1
-19
-7
-5
-80
127
127
127
127
127
127
127
127
127
127
127
127
127
127
127
127
127
127
127
127
127
127
127
127
127
127
127
127
127
8
-57
-19
-5
-19
-21
-15
-13
-9
4
-26
2
4
-9
-53
-32
127
127
127
127
127
127
127
127
127
127
127
127
127
127
127
127
127
127
127
127
127
127
127
127
127
127
127
110
-76
-23
2
4
-17
-15
-1
-1
-9
-7
-17
-17
-11
-3
-5
-76
100
127
127
127
127
127
127
127
127
127
127
127
127
127
127
127
127
127
127
127
127
127
127
127
127
127
127
-72
-9
-3
-11
-15
-13
-9
-9
-11
-7
-7
10
-17
-19
-11
2
-21
-55
127
127
127
127
127
127
127
127
127
127
127
127
127
127
127
127
127
127
127
127
127
127
127
127
127
-78
-30
8
-1
-26
-28
-11
-5
-13
-13
-7
-5
-11
-1
-7
-19
-15
-3
-46
16
127
127
127
127
127
127
127
127
127
127
127
127
127
127
127
127
127
127
127
127
127
127
127
-59
-38
10
-3
-7
-19
-17
-7
-5
-3
-1
-7
-15
-13
-15
-3
-11
-17
-7
6
-61
94
127
127
127
127
127
127
127
127
127
127
127
127
127
127
127
127
127
127
127
127
127
-55
-49
-23
2
-26
-15
-21
-15
-9
-15
-11
-5
-13
-5
8
-15
-13
-3
-9
-17
-9
-44
-65
127
127
127
127
127
127
127
127
127
127
127
127
127
127
127
127
127
127
127
127
-7
-78
-5
-1
-30
-9
-7
-21
-11
-1
-13
-17
-9
-9
-5
-26
10
-23
-3
14
-17
-7
-9
-36
-36
127
127
127
127
127
127
127
127
127
127
127
127
127
127
127
127
127
127
-55
-67
-7
-19
-3
-19
-19
-19
-7
-5
-17
-21
-11
-5
-7
-11
-15
-1
-9
-11
-3
-13
-3
-7
4
-72
29
127
127
127
127
127
127
127
127
127
127
127
127
127
127
127
127
-63
-69
-7
8
-23
-21
-30
-23
-26
-15
-9
-11
-15
-15
-17
-21
-13
-17
-5
-11
-11
-5
-13
-7
-1
-9
8
-82
96
127
127
127
127
127
127
127
127
127
127
127
127
127
127
-72
-51
-5
-5
-15
-11
-11
-9
-11
-7
-7
-7
-9
-11
-11
-11
-7
-5
-11
-9
-15
-13
-7
-13
-7
-7
-5
-11
-23
-65
127
127
127
127
127
127
127
127
127
127
127
127
127
-72
-53
6
-11
-36
-21
-17
-26
-11
-17
-5
-13
-17
-15
-15
-15
-11
-5
6
-3
-9
-15
-13
-9
-9
-7
-7
-17
-1
-5
4
-76
127
127
127
127
127
127
127
127
127
127
89
-84
-40
10
-15
-26
-13
-5
-7
-1
4
-15
-15
-19
-15
-5
-3
-9
-11
-5
-3
-5
-11
-9
-9
-9
-9
-11
-5
-13
-13
-1
4
-42
-65
127
127
127
127
127
127
127
127
56
-84
-32
-11
-7
-17
-13
-17
-36
-17
4
-11
-11
-7
-13
-11
-5
-3
-5
-1
8
-21
-13
-15
-5
-3
-9
-9
-17
-1
-30
-11
-19
-5
-7
-44
-59
127
127
127
127
127
127
-7
-63
10
-7
-17
-19
-21
-15
-9
-13
-3
-5
-9
12
-9
-15
-17
-19
-21
-17
-7
4
-26
-13
-17
-7
-5
-13
-7
-13
-21
-13
-23
-23
-13
18
-9
-72
-36
127
127
127
127
6
-69
4
-3
-1
-26
-19
-21
-28
-13
4
-5
-17
-3
-3
-13
-11
-7
-9
-13
-11
-7
-5
-15
-5
-17
-11
-13
-19
-3
-7
-17
-5
-21
-19
-5
-17
-5
6
-78
-32
127
127
127
127
-21
-67
-7
-1
-28
-9
-19
-15
-21
-5
-17
-3
-3
-19
-7
-3
-7
-9
-1
-1
-7
-7
-9
-15
-5
-5
-21
-17
-5
-11
-3
-17
-19
-3
-11
-17
-38
2
-3
-78
-46
127
127
127
127
-5
-61
-7
-23
-19
-17
-23
-28
-23
-13
-21
-23
14
-13
-11
-15
-11
-7
-15
-17
-9
-5
-11
-3
-5
-19
-17
-5
-7
-9
8
-26
-32
-9
-17
-13
-9
-15
-15
-44
-86
127
127
127
127
-21
-61
-13
-9
-13
-21
-15
-17
-3
-7
-19
-1
-9
-11
-11
-5
-5
-17
-17
-1
-7
-9
-5
-5
-15
-13
-5
-7
-13
-32
-7
-7
-11
-28
-9
-9
6
-3
-74
4
127
127
127
127
127
-11
-80
-13
-19
-26
-17
-9
-21
-13
-5
-11
-7
-7
-9
-7
-5
-11
-13
-1
-11
-11
-7
-7
-9
-9
-5
-3
-13
-7
-17
-28
-13
-13
-5
-5
-57
-97
56
127
127
127
127
127
127
127
-38
-67
2
-3
-36
-15
-23
-9
-11
-26
-13
-7
-13
-19
-13
-9
-13
-13
-13
-9
-9
-9
-7
-7
-7
-5
-15
2
-15
8
-11
-26
-11
-44
-97
127
127
127
127
127
127
127
127
127
127
-32
-72
-13
-13
-17
-17
-5
-17
-23
-11
-1
-9
-19
-11
-1
-7
-13
-11
-5
-9
-11
-3
-7
-13
-11
-3
-13
-9
-21
-11
20
-53
-61
127
127
127
127
127
127
127
127
127
127
127
127
-67
-72
2
-7
-32
-28
-17
-5
-7
2
-5
-11
-7
-3
-5
-5
-9
-3
-9
-9
2
-5
-15
-11
-3
-21
-5
-11
-9
-65
-42
127
127
127
127
127
127
127
127
127
127
127
127
127
127
-74
-38
-13
-7
-17
-11
-38
-11
-7
-11
-13
-11
-15
-15
-5
-9
-1
-9
-9
4
-1
-13
-7
-19
-7
-3
-1
-65
-26
127
127
127
127
127
127
127
127
127
127
127
127
127
127
127
127
-95
-7
-15
6
-21
-9
-9
-1
2
-7
-11
-9
-9
-15
-5
-19
2
-5
-11
6
-3
-17
-28
-5
-5
-69
-15
127
127
127
127
127
127
127
127
127
127
127
127
127
127
127
127
127
81
-84
-9
-3
-23
-11
-13
-3
2
-7
-11
-7
-7
-9
-9
-7
-1
-21
-21
-15
-5
-13
-13
-5
-53
-15
127
127
127
127
127
127
127
127
127
127
127
127
127
127
127
127
127
127
127
-15
-61
-11
-9
-13
-15
-7
-3
-7
-11
-7
-7
-9
-7
18
-19
-1
-17
-13
2
-5
16
-76
-9
127
127
127
127
127
127
127
127
127
127
127
127
127
127
127
127
127
127
127
127
127
-67
-55
-11
-21
-13
-9
-9
-11
-9
-7
-7
-11
-5
-19
6
-7
-23
2
-11
2
-80
-19
127
127
127
127
127
127
127
127
127
127
127
127
127
127
127
127
127
127
127
127
127
127
127
-97
-19
-5
-11
-13
-13
-11
-5
-1
-5
-11
-15
-11
12
-11
-5
-26
10
-40
-67
127
127
127
127
127
127
127
127
127
127
127
127
127
127
127
127
127
127
127
127
127
127
127
127
52
-69
-5
-7
-13
-15
-9
-1
4
-1
-5
-15
4
-15
2
-7
-13
-23
-69
127
127
127
127
127
127
127
127
127
127
127
127
127
127
127
127
127
127
127
127
127
127
127
127
127
127
-46
-46
-9
-13
-11
-7
-5
-3
-5
-5
-3
-40
-11
-13
-30
4
-69
85
127
127
127
127
127
127
127
127
127
127
127
127
127
127
127
127
127
127
127
127
127
127
127
127
127
127
127
-61
-9
-11
-7
-7
-15
-19
-17
-15
2
-13
-7
-9
16
-72
39
127
127
127
127
127
127
127
127
127
127
127
127
127
127
127
127
127
127
127
127
127
127
127
127
127
127
127
127
52
-67
-5
-9
-32
-36
-23
-11
-23
-9
-11
-5
14
-34
-1
127
127
127
127
127
127
127
127
127
127
127
127
127
127
127
127
127
127
127
127
127
127
127
127
127
127
127
127
127
127
-46
-53
-5
-13
-9
-30
-15
-15
-15
-17
10
-11
-51
127
127
127
127
127
127
127
127
127
127
127
127
127
127
127
127
127
127
127
127
127
127
127
127
127
127
127
127
127
127
127
89
-72
-3
2
-7
-34
-26
-19
-9
-5
2
-63
104
127
127
127
127
127
127
127
127
127
127
127
127
127
127
127
127
127
127
127
127
127
127
127
127
127
127
127
127
127
127
127
127
-36
-40
-11
-21
-13
-15
-11
-17
2
-67
-3
127
127
127
127
127
127
127
127
127
127
127
127
127
127
127
127
127
127
127
127
127
127
127
127
127
127
127
127
127
127
127
127
127
108
-63
-23
-7
-9
-11
-19
-5
-19
-59
127
127
127
127
127
127
127
127
127
127
127
127
127
127
127
127
127
127
127
127
127
127
127
127
127
127
127
127
127
127
127
127
127
127
127
-15
-46
-1
-30
-17
-11
2
-69
102
127
127
127
127
127
127
127
127
127
127
127
127
127
127
127
127
127
127
127
127
127
127
127
127
127
127
127
127
127
127
127
127
127
127
127
119
-53
-15
-17
-3
8
-49
4
127
127
127
127
127
127
127
127
127
127
127
127
127
127
127
127
127
127
127
127
127
127
127
127
127
127
127
127
127
127
127
127
127
127
127
127
127
-32
-40
2
-9
-13
-74
127
127
127
127
127
127
127
127
127
127
127
127
127
127
127
127
127
127
127
127
127
127
127
127
127
127
127
127
127
127
127
127
127
127
127
127
127
127
127
-65
-21
-5
-65
54
127
127
127
127
127
127
127
127
127
127
127
127
127
127
127
127
127
127
127
127
127
127
127
127
127
127
127
127
127
127
127
127
127
127
127
127
127
127
127
-32
2
-19
-69
127
127
127
127
127
127
127
127
127
127
127
127
127
127
127
127
127
127
127
127
127
127
127
127
127
127
127
127
127
127
127
127
127
127
127
127
127
127
127
127
68
-36
-61
45
127
127
127
127
127
127
127
127
127
127
127
127
127
127
127
127
127
127
127
127
127
127
127
127
127
127
127
127
127
127
127
127
127
127
127
127
127
127
127
127
127
-65
-59
127
127
127
127
127
127
127
127
127
127
127
127
127
127
127
127
127
127
127
127
127
127
127
127
127
127
127
127
127
127
127
127
127
127
127
127
127
127
127
127
127
127
-34
2
127
127
127
127
127
127
127
127
127
127
127
127
127
127
127
127
127
127
127
127
127
