127
127
127
127
127
127
127
127
127
127
127
127
127
127
127
127
127
127
127
127
127
127
127
127
127
127
127
127
127
127
127
127
127
127
127
127
127
127
127
127
127
127
127
127
127
127
127
127
127
127
127
127
127
127
127
127
127
127
127
127
127
127
127
127
127
127
127
127
127
127
127
127
127
127
127
127
127
127
127
127
127
127
127
127
127
127
127
127
127
127
127
123
121
127
127
127
127
127
127
127
127
127
127
127
127
127
127
127
127
127
127
127
127
127
127
127
127
127
127
127
127
127
127
127
127
127
127
127
127
127
127
127
127
127
127
127
127
127
127
127
127
127
127
127
127
127
127
127
127
127
127
127
127
119
83
81
119
127
127
127
127
127
127
127
127
127
127
127
127
127
127
127
127
127
127
127
127
127
127
127
127
127
127
127
127
127
127
127
127
127
127
127
127
127
127
127
127
127
127
127
127
127
127
127
127
127
127
127
127
127
127
127
127
127
127
127
111
99
127
127
127
127
127
127
127
127
127
127
127
127
127
127
127
127
127
127
127
127
127
127
127
127
127
127
127
127
127
127
127
127
127
127
127
127
127
127
127
127
127
127
127
127
127
127
127
127
127
127
127
127
127
127
127
127
127
127
109
117
73
127
127
127
127
127
127
127
127
127
127
127
127
127
127
127
127
127
127
127
127
127
127
127
127
127
127
127
127
127
127
127
127
127
127
127
127
127
127
127
127
127
127
127
127
127
127
127
127
127
127
127
127
127
127
127
127
127
127
123
59
45
127
127
127
127
127
127
127
127
127
127
127
127
127
127
127
127
127
127
127
127
127
127
127
127
127
127
127
127
127
127
127
127
127
127
127
127
127
127
127
127
127
127
127
127
127
127
127
127
127
127
127
127
127
127
127
127
127
127
127
61
127
127
127
127
127
127
127
127
127
127
127
127
127
127
127
127
127
127
127
127
127
127
127
127
127
127
127
127
127
127
127
127
127
127
127
127
127
127
127
127
127
127
127
127
127
127
127
127
127
127
127
127
127
127
127
127
127
115
115
119
109
127
127
127
127
127
127
127
127
127
127
127
127
127
127
127
127
127
127
127
127
127
127
127
127
127
127
127
127
127
127
127
127
127
127
127
127
127
127
127
127
127
127
127
127
127
127
127
127
127
127
127
127
127
127
127
127
121
113
109
73
127
127
127
127
127
127
127
127
127
127
127
127
127
127
127
127
127
127
127
127
127
127
127
127
127
127
127
127
127
127
127
127
127
127
127
127
127
127
127
127
127
127
127
127
127
127
127
127
127
127
127
127
127
127
127
127
119
115
85
83
127
127
127
127
127
127
127
127
127
127
127
127
127
127
127
127
127
127
127
127
127
127
127
127
127
127
127
127
127
127
127
127
127
127
127
127
127
127
127
127
127
127
127
127
127
127
127
127
127
127
127
127
127
127
127
127
125
105
67
53
127
127
127
127
127
127
127
127
127
127
127
127
127
127
127
127
127
127
127
127
127
127
127
127
127
127
127
127
127
127
127
127
127
127
127
127
127
127
127
127
127
127
127
127
127
127
127
127
127
127
127
127
127
127
127
127
127
111
1
127
127
127
127
127
127
127
127
127
127
127
127
127
127
127
127
127
127
127
127
127
127
127
127
127
127
127
127
127
127
127
127
127
127
127
127
127
127
127
127
127
127
127
127
127
127
127
127
127
127
127
127
127
127
127
123
127
111
105
31
127
127
127
127
127
127
127
127
127
127
127
127
127
115
127
127
127
127
127
127
127
127
127
127
127
127
127
127
127
127
127
127
127
127
127
127
127
127
127
127
127
127
127
127
127
127
127
127
127
127
127
127
127
127
119
105
127
107
85
19
127
127
127
127
127
127
127
127
127
127
127
127
121
127
127
127
127
127
127
127
127
127
127
127
127
127
127
127
127
127
127
127
127
127
127
127
127
127
127
127
127
127
127
127
127
127
127
127
127
127
127
127
127
119
115
127
119
87
39
109
127
127
127
127
127
127
127
127
127
127
89
127
127
127
127
127
127
127
127
127
127
127
127
127
127
127
127
127
127
127
127
127
127
127
127
127
127
127
127
127
127
127
127
127
127
127
127
127
127
127
127
127
123
125
103
127
127
85
27
127
127
127
127
127
127
127
127
127
127
127
127
127
127
127
127
127
127
127
127
127
127
127
127
127
127
127
127
127
127
127
127
127
127
127
127
127
127
127
127
127
127
127
127
127
127
127
127
127
127
127
123
125
99
101
99
121
119
65
67
127
127
127
127
127
127
127
127
127
127
127
127
127
127
127
127
127
127
127
127
127
127
127
127
127
127
127
127
127
127
127
127
127
127
127
127
127
127
127
127
127
127
127
127
127
127
127
127
127
127
121
125
109
103
103
127
119
61
37
127
127
127
127
127
127
127
127
127
127
127
127
127
127
127
127
127
127
127
127
127
127
127
127
127
127
127
127
127
127
127
127
127
127
127
127
127
127
127
127
127
127
127
127
127
127
127
127
127
123
119
125
115
95
103
127
125
69
13
127
127
127
127
127
127
127
71
127
127
127
127
127
127
127
127
127
127
127
127
127
127
127
127
127
127
127
127
127
127
127
127
127
127
127
127
127
127
127
127
127
127
127
127
127
127
127
127
127
121
119
121
113
83
97
119
127
91
13
55
127
127
127
127
127
127
75
127
127
127
127
127
127
127
127
127
127
127
127
127
127
127
127
127
127
127
127
127
127
127
127
127
127
127
127
127
127
127
127
127
127
127
127
127
127
127
127
127
121
117
115
115
85
91
107
127
107
35
5
127
127
127
127
127
127
99
127
127
127
127
127
127
127
127
127
127
127
127
127
127
127
127
127
127
127
127
127
127
127
127
127
127
127
127
127
127
127
127
127
127
127
127
127
127
127
127
127
125
117
107
117
99
93
93
127
111
49
-4
127
127
127
127
127
87
111
127
127
127
127
127
127
127
127
127
127
127
127
127
127
127
127
127
127
127
127
127
127
127
127
127
127
127
127
127
127
127
127
127
127
127
127
127
127
127
127
127
127
117
97
107
109
91
79
127
101
55
9
105
127
127
127
127
79
117
127
127
127
127
127
127
127
127
127
127
127
127
127
127
127
127
127
127
127
127
127
127
127
127
127
127
127
127
127
127
127
127
127
127
127
127
127
127
127
123
127
127
117
93
91
111
89
69
127
93
59
23
49
127
127
127
127
67
127
127
127
127
127
127
127
127
127
127
127
127
127
127
127
127
127
127
127
127
127
127
127
127
127
127
127
127
127
127
127
127
127
127
127
127
127
127
127
127
123
117
109
105
103
105
103
91
57
97
127
63
57
15
127
127
127
127
61
127
127
127
127
127
127
127
127
127
127
127
127
127
127
127
127
127
127
127
127
127
127
127
127
127
127
127
127
127
127
127
127
127
127
127
127
127
127
127
127
121
113
107
103
101
95
93
81
53
103
127
69
65
-8
127
127
127
127
51
127
127
127
127
127
127
127
127
127
127
127
127
127
127
127
127
127
127
127
127
127
127
127
127
127
127
127
127
127
127
127
127
127
127
127
127
127
127
125
119
113
107
101
97
95
93
87
77
53
111
123
69
61
-18
127
127
127
127
41
127
127
119
127
127
127
127
127
127
127
127
127
127
127
127
127
127
127
127
127
127
127
127
127
127
127
127
127
127
127
127
127
127
127
127
127
127
119
117
113
107
101
95
91
89
91
87
71
53
117
105
65
51
-12
127
127
127
127
37
121
125
115
127
127
127
127
127
127
127
127
127
127
127
127
127
127
127
127
127
127
127
127
127
127
127
127
127
127
127
127
127
127
127
127
127
123
107
105
101
97
91
85
81
79
85
77
63
53
127
91
67
45
-18
127
127
127
127
43
103
127
119
127
127
127
127
127
127
127
127
127
127
127
127
127
127
127
127
127
127
127
127
127
127
127
127
127
127
127
127
127
127
127
127
119
113
99
97
93
89
83
79
75
73
73
63
49
47
127
79
75
47
-22
127
127
127
127
47
81
127
121
117
125
127
127
127
127
127
127
127
127
127
127
127
127
127
127
127
127
127
127
127
127
127
127
127
127
127
127
127
127
125
119
109
101
93
91
87
83
79
73
71
69
67
57
45
47
127
69
75
45
11
127
127
127
127
53
69
127
125
111
123
127
127
127
127
127
127
127
127
127
127
127
127
127
127
127
127
127
127
127
127
127
127
127
127
127
127
127
125
121
113
101
93
91
89
85
81
77
71
69
67
73
61
47
49
127
57
71
37
59
127
127
127
127
69
81
103
127
115
125
127
127
127
127
127
127
127
127
127
127
127
127
127
127
127
127
127
127
127
127
127
127
127
127
127
127
115
105
103
101
101
103
85
81
73
69
65
61
63
65
43
55
17
101
123
3
113
41
127
127
127
127
127
127
51
97
127
91
125
127
127
125
125
127
127
127
127
127
127
127
127
127
127
127
127
127
127
127
127
127
127
123
117
125
119
109
103
97
95
91
87
77
75
71
69
61
57
51
49
45
41
53
113
79
49
127
-4
127
127
127
127
127
127
11
95
113
89
123
127
127
127
125
127
127
127
127
127
127
127
127
127
127
127
127
127
127
127
127
127
121
113
107
107
103
99
93
89
85
73
69
67
69
65
63
55
47
39
33
31
15
89
103
25
97
97
-10
127
127
127
127
127
127
25
69
85
107
119
121
123
121
123
127
127
127
127
125
127
127
127
127
127
127
125
127
127
127
127
123
117
107
99
97
91
87
81
75
71
63
59
53
53
51
49
41
35
27
25
17
11
121
71
27
125
7
101
127
127
127
127
127
127
127
17
81
107
111
103
105
105
109
115
121
127
127
127
127
127
127
127
127
127
127
123
121
121
117
115
109
99
89
93
85
73
67
63
59
57
55
43
39
35
29
23
23
21
23
13
35
123
45
73
117
-56
127
127
127
127
127
127
127
127
11
77
79
101
103
103
101
101
105
107
115
117
127
125
123
119
119
121
123
125
109
107
101
101
99
91
83
77
83
75
63
57
53
49
47
45
35
29
23
17
15
15
17
15
19
57
79
35
99
61
-4
127
127
127
127
127
127
127
127
121
33
67
101
109
109
103
103
103
103
109
109
109
109
109
107
107
105
105
103
99
95
91
87
87
81
77
69
69
65
57
53
49
43
37
33
27
25
21
17
9
7
3
3
47
77
29
69
89
3
127
127
127
127
127
127
127
127
127
127
-20
79
105
105
103
99
97
97
99
103
105
101
105
109
111
109
105
99
95
97
93
87
83
79
77
73
71
57
55
55
51
49
41
29
17
23
23
23
17
13
3
-4
-12
85
105
9
121
87
-18
127
127
127
127
127
127
127
127
127
127
101
-4
105
91
127
63
85
127
97
87
111
89
91
91
93
95
97
97
99
69
71
73
73
67
63
51
47
47
43
37
31
27
27
29
29
9
51
-12
-18
47
-2
-30
51
53
5
127
79
-28
127
127
127
127
127
127
127
127
127
127
127
127
67
13
113
47
127
105
65
109
87
101
95
93
91
87
83
81
79
77
71
69
69
63
59
49
43
41
39
35
33
29
27
29
29
31
19
-4
39
13
-38
-16
39
127
25
49
119
-2
45
127
127
127
127
127
127
127
127
127
127
127
127
127
-10
57
87
81
71
73
93
113
93
89
87
85
79
75
69
67
65
67
65
59
55
45
37
33
31
25
25
25
25
25
25
25
25
-14
19
-4
13
-6
27
99
19
47
115
37
-36
127
127
127
127
127
127
127
127
127
127
127
127
127
127
127
-12
75
51
77
97
79
115
81
71
71
69
67
65
65
63
63
61
53
47
41
35
27
25
25
13
13
15
15
15
15
13
11
-10
-20
1
-38
31
101
21
23
113
79
-40
127
127
127
127
127
127
127
127
127
127
127
127
127
127
127
127
91
-34
55
101
65
89
75
77
63
63
63
63
63
63
63
63
45
43
39
31
27
23
23
21
1
1
1
1
-2
-4
-6
-8
-32
11
-36
17
39
-10
79
127
91
-52
127
127
127
127
127
127
127
127
127
127
127
127
127
127
127
127
127
127
87
-20
27
77
69
55
81
65
63
61
59
55
53
51
49
31
29
29
25
19
17
11
11
-10
-12
-14
-16
-18
-18
-20
-20
-2
-34
59
59
35
77
67
75
-20
87
127
127
127
127
127
127
127
127
127
127
127
127
127
127
127
127
127
127
127
79
15
75
47
65
67
63
63
59
55
51
45
43
41
23
23
23
19
15
5
1
-6
-18
-18
-22
-24
-24
-22
-20
-18
15
37
43
95
105
79
63
-18
79
127
127
127
127
127
127
127
127
127
127
127
127
127
127
127
127
127
127
127
127
127
127
-2
61
65
41
55
55
51
49
45
41
39
37
19
19
19
17
7
-4
-12
-18
-24
-26
-30
-30
-28
-24
-18
-14
61
61
49
87
111
-4
-22
127
127
127
127
127
127
127
127
127
127
127
127
127
127
127
127
127
127
127
127
127
127
127
127
127
7
-32
35
57
49
45
31
19
45
55
29
29
17
-4
-22
-34
-40
-40
-38
-52
-22
-34
-28
-28
-6
57
79
71
99
119
47
-62
3
127
127
127
127
127
127
127
127
127
127
127
127
127
127
127
127
127
127
127
127
127
127
127
127
127
127
127
85
-70
-2
7
39
57
43
33
33
23
-22
-8
3
7
-2
-10
-16
-16
-16
-18
-46
-10
59
93
83
13
65
39
-26
-44
103
127
127
127
127
127
127
127
127
127
127
127
127
127
127
127
127
127
127
127
127
127
127
127
127
127
127
127
127
127
127
-10
-24
-4
25
13
1
23
41
41
41
35
13
-2
-2
19
37
-4
55
59
53
35
45
91
91
-8
-44
29
127
127
127
127
127
127
127
127
127
127
127
127
127
127
127
127
127
127
127
127
127
127
127
127
127
127
127
127
127
127
127
127
127
127
7
-68
-46
11
29
5
29
47
65
81
81
79
73
73
63
81
67
61
29
-18
-26
-52
-4
127
127
127
127
127
127
127
127
127
127
127
127
127
127
127
127
127
127
127
127
127
127
127
127
127
127
127
127
127
127
127
127
127
127
127
127
127
127
109
-4
-38
-50
-12
-16
-20
-20
-16
-16
-24
-30
-40
-12
-16
-24
-60
-26
127
127
127
127
127
127
127
127
127
127
127
127
127
127
127
127
127
127
127
127
127
127
127
127
127
127
127
127
127
127
127
127
127
127
127
127
127
127
127
127
127
127
127
127
127
75
35
-20
-58
-68
-60
-48
-44
-6
5
65
127
127
127
127
127
127
127
127
127
127
127
127
127
127
127
127
127
127
127
127
127
127
127
127
127
127
127
127
127
127
127
127
127
127
127
127
127
127
127
127
127
127
127
127
127
127
127
127
127
127
127
127
127
127
127
127
127
127
127
127
127
127
127
127
127
127
127
127
127
127
127
127
127
127
127
127
127
127
127
127
127
127
127
