45696633
45104015
44457540
43822945
43162155
42389271
41465766
40404379
39282507
38276834
37555321
37085030
36843686
36787752
36827879
36998459
37376876
37931099
38616314
39328364
39843258
40205469
40458716
40611675
40777605
40983689
41247772
41512932
41803998
42098988
42451205
42781262
43069347
43287432
43520088
43735834
44035094
44355629
44670924
45011785
45496379
45833820
45994839
45877302
45576273
45148619
44820520
44498084
44180537
43880010
43681805
43476713
43240849
43017431
42758042
42468997
42151204
41831660
41451985
41051317
40673425
40240328
39678903
39023210
38220868
37395342
36763733
36456426
36403286
36549925
36752988
37056036
37562105
38294056
39196886
40233050
41219670
42002406
42614344
43104344
43541550
44017823
44522199
45017019
45488998
45956663
46489846
47079473
47596997
48059356
48488034
48797008
49075775
49332203
49660781
50010177
50366590
50708534
50790132
50768298
50675910
50411507
49996311
49669596
49410662
49163308
48984924
48761951
48445615
47971988
47458435
46914500
46334521
45797000
45204048
44560911
43938858
43274683
42509067
41651043
40627117
39511284
38445211
37627513
37068728
36750303
36646344
36640461
36725780
37022202
37461825
38088676
38838490
39470322
39902910
40164608
40338026
40525551
40733298
40981590
41233665
41506944
41819681
42183530
42546346
42834376
43085285
43340589
43577156
43875629
44226287
44524842
44833354
45244487
45622631
45826010
45787697
45591728
45169907
44845042
44516940
44199986
43893884
43686838
43502159
43276466
43021350
42744323
42422464
