1815132
911199
1120133
1150051
241895
601467
641616
-252268
223335
493566
-213221
179410
423071
-238157
140229
461590
-310719
189383
510239
-241580
254315
544061
-123670
195675
388156
-254045
221655
622573
-165297
170724
632881
-228610
74175
830167
87255
420817
1228447
461879
425531
1199458
325286
397785
1195429
416468
267814
1446220
598252
384423
1370757
570169
507442
1786908
825738
489781
1555770
569993
183119
1385317
325188
407171
1696888
493829
349962
1527590
255160
503432
1736679
842289
1267135
2605741
1550126
1650468
2534896
1450611
1680611
2807958
1870105
2023829
2943140
1784961
1853865
2874121
1514797
1498227
2723368
1499187
1573357
2797741
1661892
1901734
3231381
2110410
2168488
3305191
2107662
2081970
3155777
1916522
1962974
3207071
2141151
2005945
3259262
2172130
1902363
2847941
1653047
1623947
2677918
1862128
1999712
2803255
1931042
1760489
2490114
1739806
1737087
2495130
2079119
1908577
2648271
2239712
1986746
2821793
2747331
2585239
3385801
3407916
3347869
4156140
3971523
3678774
4391095
4386429
4069086
4794355
4698583
4420763
5059312
4784805
4730795
5673885
5495715
5415664
6217431
6063491
6053721
6942600
6810666
6791689
7647353
7516933
7488622
8420236
8257788
8193691
9046136
8754897
8482704
9216986
8884532
8529837
9216010
8772530
8451023
9132195
8699840
8417602
9053826
8411150
8163543
8613251
8058619
7953616
8553692
7800261
7752267
8343406
7487738
7365168
8015709
7332592
7271338
7819187
7133304
7187166
7578996
6720930
6860786
7218811
6247054
6361400
6674176
5717761
5762609
5698275
4731553
4871919
4935260
3985088
4152270
4202767
3266031
3393234
3540219
2769314
3005550
3056576
2080951
2233497
2240435
1139791
1236826
1367880
303419
472164
573442
-307143
-171726
-43831
-909786
-497854
-229246
-884051
-483469
-222214
-945099
-632971
-307964
-1145837
-745072
-285898
-991995
-607505
-371746
-1104996
-680709
-418701
-1210823
-746545
-308939
-1097378
-767258
-295157
-1092391
-811635
-123323
-790653
-457535
304838
-464017
-417184
382766
-493982
-553228
341202
-442198
-548735
490168
-316496
-551442
448824
-271433
-282282
956896
138733
-258465
641521
-259023
-571588
444404
-401367
-395815
883259
-179198
-512502
736580
-438810
-437518
890134
115042
518172
1857988
811147
896349
1932439
747129
859037
2047060
964780
1037027
2278273
1038226
1040474
2077552
827474
798708
1994410
736012
812437
2112428
1110194
1356166
2585651
1491451
1649519
2726426
1598037
1420275
2513062
1316136
1288935
2440161
1468694
1446546
2601399
1394354
1103513
1991341
869066
756081
1887747
1108405
1138323
1953767
1172551
941959
1649265
914122
843846
1625271
1245366
1081360
1876217
1409948
1163621
1920468
1881090
1622922
2493619
2629331
2503378
3297808
3102267
2766927
3497642
3382853
3187543
3911806
3791711
3613453
4371225
4131280
4014229
4999791
4847759
4753664
5608966
5358392
5333946
6197868
6044934
6088093
6920433
6732744
6728553
7712805
7513746
7281711
8182051
7936166
7656064
8489807
8141984
7886811
8503492
8036000
7742443
8418273
7980790
7772202
8409478
7873873
7550926
8077268
7620596
7511336
8052050
7433733
7462183
8023689
7267369
7180580
7800142
7139672
7200216
7724964
7091679
7084679
7559710
6793003
6908453
7244248
