220542866
220542866
220542866
220542866
220542866
220542866
220542866
220542866
220542866
220542866
220542866
220542866
220542866
220542866
220542866
220542866
220542866
220542866
220542866
220542866
220542866
220542866
220542866
220542866
220542866
220542866
220546168
220631131
220834077
221063947
221449519
221923864
222437325
223029780
223710754
224437702
225203004
225954717
226742371
227548440
228354128
229142544
230000683
230883714
231847898
232790365
233704765
234622594
235592112
236556804
237616492
238681895
239708309
240752503
241840004
242861211
243888768
244962807
245999889
247021096
248028587
249019060
249962162
250881134
251729748
252589157
253455043
254285750
255151636
256063242
256970657
257824351
258684522
259545201
260463030
261309104
262136255
262982837
263765665
264530586
265332845
266081510
266800330
267480796
268110843
268666341
269177643
269615158
269953232
270219932
270403828
270476980
270482568
270482568
270482568
270482568
270482568
270482568
270482568
270482568
270482568
270482568
270482568
270482568
270482568
270482568
270482568
270482568
270482568
270482568
270482568
270482568
270482568
270482568
270482568
270482568
270482568
270482568
270482568
270482568
270482568
270482568
270482568
270482568
270480536
270473170
270462502
270454120
270443706
270434562
270429228
270422878
270416020
270408908
270403066
270396462
270389858
270382746
270374618
270365474
270358108
270347948
270340328
270332962
270321278
270313912
270304006
270294608
270286734
270286734
270286734
270286734
270286734
270286734
270286734
270286734
270286734
270286734
270286734
270286988
270286988
270286988
270286988
270286988
270286988
270286988
270286988
270286988
270286988
270286988
270286988
270286988
270286988
270286988
270286988
270286988
270286988
270286988
270286988
270286988
270286988
270286988
270286988
270286988
270286988
270286988
270286988
270286988
270286988
270286988
270286988
270286988
270286988
270286988
270286988
270286988
270286988
270286988
270286988
270286988
270286988
270286988
270286988
270286988
270286988
270286988
270286988
270286988
270286988
270286988
270286988
270286988
270286988
270286988
270286988
270286988
270286988
270286988
270286988
270286988
270287496
270287496
270287496
270287496
270287496
270287496
270287496
270287496
270287496
270287496
270287496
270287496
270287496
270287496
270287496
270287496
270287496
270287496
270287496
270287496
270287496
270287496
270287496
270287496
270287496
270287496
270287496
270287496
270287496
270287496
270287496
270287496
270287496
270289528
270296894
270307562
270315944
270326358
270335502
270340836
270347186
270353028
270343122
270318103
270267303
270221710
270164306
270092678
270028670
269957042
269884779
269803880
269719933
269637002
269543911
269451074
269366238
269290292
269209901
269121128
269025751
268928088
268830806
268736953
268650339
268563471
268490700
268407007
268325854
268236192
268142974
268063091
267977366
267893800
267771372
267595858
267395579
267135737
266844526
266675362
266529693
266401804
266294108
266212574
266136120
266071731
266010136
265955907
265908663
265857101
265802237
265746357
265691747
265638153
265587734
265529314
265476863
265425428
265397742
265389868
265388090
265388090
265388090
265388090
265388090
265388090
265388090
265388090
265388090
265388090
265388090
265388090
265388090
265388090
265388090
265388090
265388090
265388090
265388090
265388090
265388090
265388090
265388090
265388090
265388090
265388090
265388090
265388090
265388090
265388090
265388090
265388090
265388090
265388090
265388090
265388090
265388090
265388090
265388090
265388090
265388090
265388090
265388090
265388090
265365738
265313414
265223498
265110722
264972419
264831449
264652887
264424287
264154158
263838817
263473946
262965946
262359521
261705598
260977634
260040755
259001768
257806444
256506599
255071626
253644527
252215396
250766072
249278267
247770777
246231918
244644037
243047139
241426111
239803432
238151162
236473111
234787948
233043222
231252395
229416356
227564442
225659696
223673670
221600268
219595192
217602816
215580722
213543515
211544281
209670269
207738345
205616937
203470129
201343641
199164448
196969507
194735704
192496313
190253112
187990353
185705496
183376951
181016402
178632739
176373663
174240825
172196506
170237531
168287192
166355395
164364670
162482403
160559369
158933642
157291278
155591129
153969085
152326594
150723600
149096222
147485735
145814288
144197832
142601061
141008100
139344527
137790301
136287637
134794752
133331077
131869307
130374390
128881378
127398399
125887099
124336937
122776488
121191909
119593741
117974110
116350161
114719989
113124615
111520859
109949615
108375450
106799507
105363010
104065578
102864539
101645339
100428298
99200970
97953830
96620838
95056198
93421200
91764993
90059891
88366473
86790784
85393403
83993609
82533744
81202276
79758540
78255368
76588620
74783569
73085579
71269098
69476366
67669664
65972817
64227964
62475491
60615830
58635138
56591073
54479317
52436776
50399188
48241204
46091602
44074969
42230802
40490521
38652196
37082476
35641915
34309812
33078674
32023177
30953964
29890593
28888182
27935047
26969847
26044525
25164542
24323929
23585170
22939502
22392894
21928074
21518753
21116417
20767548
20475448
20194651
19967829
19857593
19877405
19874738
19828002
19829145
19881342
19956526
19861022
19869023
20085050
20347813
20641183
21037042
21482431
21992590
22526752
23090886
23677118
24275923
25083770
26083260
27241246
28297886
29283660
30336490
31414593
32451802
33500568
34673286
35777170
36981130
37899848
38823138
39811706
40720264
41629076
42587926
43673014
44818046
46090332
47395130
48658018
49931066
51316255
52587779
53748432
54887241
56054498
57212357
58378979
59450224
60552330
61723143
63004827
64341248
65730755
67166490
68670424
70207886
71766430
73319259
74903838
76472542
78046199
79621888
81058385
82355817
83556856
84776056
85993097
87220425
88467565
89800557
91365197
93000195
94656402
96361504
98054922
99630611
101027992
102427786
103887651
105219119
106662855
108166027
109832775
111637826
113335816
115152297
116945029
118751731
120470930
122268107
124110496
126082933
128201928
130386963
132677281
134948422
137256139
139729464
142243937
144768570
147219162
149613366
152179655
154686254
157165802
159693229
162224212
164714682
167210994
169703496
172155231
174596171
177068861
179533042
182001922
184456451
186847099
189172850
191423925
193631312
195805552
198025766
200244456
202455018
204676248
206899129
209090006
211244053
213354539
215487885
217592656
219658057
221670880
223735773
225757359
227760022
229737920
231657652
233527854
235350177
237157514
238943896
240712625
242482370
244248305
245854728
247299353
248647458
250025408
251372751
252624082
253796165
254878459
255907159
256853055
257739134
258539742
259323205
260106668
260879844
261647559
262428482
263124188
263721342
264242677
264696448
265061700
265446002
265824335
266155170
266489307
266859004
267220954
267519150
267823061
268151356
268573123
268953996
269294483
269562961
269786989
269982061
270144494
