51150423
51091349
51075179
51090850
51058014
50984982
50939700
50902769
50910119
50925445
50877083
50780420
50706907
50656841
50647632
50589100
50539877
50452897
50353275
50330034
50335096
50316713
50285979
50296253
50282955
50254814
50233755
50147524
50044184
49988791
49976710
49911067
49809604
49695467
49632752
49633068
49662434
49647411
49546565
49482151
49463719
49433455
49389702
49323559
49281647
49257181
49268082
49357160
49400973
49355455
49338217
49379169
49344205
49291499
49268319
49241162
49269086
49309939
49307208
49290551
49260089
49274363
49289573
49297715
49351546
49315909
49245806
49237355
49202270
49151355
49045339
49021418
49000747
48955882
48907824
48898662
48870420
48895597
48931677
48887133
48787922
48714578
48661683
48664301
48689069
48636623
48607779
48619684
48693482
48785692
48833365
48857467
48846914
48801385
48831098
48939015
49018166
49045131
49095872
49163474
49236451
49249816
49291734
49371031
49504820
49663168
49787564
49859913
49940371
50108845
50309525
50532632
50682506
50769317
50864739
50862025
50787349
50739989
50628270
50602903
50637927
50578349
50507382
50475290
50436463
50465724
50532374
50501085
50373878
50214242
50077356
50020895
49980083
49940269
49898964
49889833
49920810
49975546
50003195
50032772
49995852
50013544
50033662
50081801
50060586
50037440
50081807
50153951
50197669
50196272
50193711
50255254
50384274
50508475
50547104
50581833
50677715
50839579
50988450
51083729
51171124
51170499
51123915
51110486
51092114
50999135
50902567
50824053
50856248
50872616
50876859
50891192
50865720
50888521
50955774
50948947
50877375
50749599
50615097
50556979
50536358
50560761
50560680
50540970
50571926
50657028
50707767
50766269
50783594
50760885
50739142
50721442
50782468
50785929
50826096
50920302
50935184
50941929
50950397
50958954
51032298
51148961
51206812
51253684
51332343
51391141
51465893
51577828
51619247
51590795
51532669
51531651
51538144
51482837
51427806
51441337
51464939
51452319
51414524
51392829
51386463
51426660
51464313
51447704
51371309
51287998
51231739
51213941
51154491
51118232
51039815
50942481
50947575
50969099
50943943
50948728
50964433
50930556
50897219
50839590
50794346
50743299
50703614
50700308
50685851
50627381
50552960
50513919
50569026
50633225
50636891
50574800
50513943
50458435
50392244
50365320
50317827
50271357
50238784
50270884
50346909
50369825
50286394
50224517
50234254
50209464
50162529
50144313
50111726
50145824
50200927
50202822
50183551
50165384
50177486
50187862
50162951
50205528
50184529
50122355
50119982
50108923
50041079
49949230
49952797
49930261
49911824
49919519
49865865
49811539
49825401
49845540
49815306
49695530
49586937
49516283
49452333
49440519
49416306
49388060
49367543
49406197
49449466
49453799
49445326
49390817
49333668
49343064
49433720
49518608
49594664
49675351
49773128
49837574
49848107
49865944
49887061
49966192
50047691
50096182
50119474
50153814
50273632
50431813
50583649
50689469
50749638
50808467
50797783
50755221
50732657
50658493
50643424
50646020
50549962
50464442
50421294
50387271
50414603
50462056
50398699
50283398
50125071
49982128
49922897
49873877
49796947
49742060
49697875
49726273
49820631
49853711
49873755
49848377
49863405
49891611
49952995
49953118
49931203
49968300
49965016
49959604
49948993
49920973
49970141
50069079
50244387
50367605
50417635
50497717
50645599
50794787
50951608
51082863
51098108
51095088
51088266
51062019
51008735
50886903
50763565
50771707
50772493
50766527
50770090
50740718
50748988
50796199
50780284
50698515
50560966
50399919
50308912
50240137
50225900
50223812
50204985
50212906
50267900
50304979
50361354
50367248
50351310
