14556928
13745519
12968014
12121181
11262437
10256960
9154928
8162717
7239970
6197558
5176145
4160792
3225720
2368786
1681447
871086
832812
872672
905937
840360
851209
909795
1189371
1569453
1908955
2086112
2279670
2577906
2868681
3135517
3476904
3823169
4128136
4566006
4907395
5102062
5239332
5154333
5112958
5164512
5291774
5419639
5508402
5510322
5600949
5642541
5634324
5633886
5530412
5413186
5325856
5274878
5317571
5278538
5079003
4854219
4631868
4311807
4211630
4170114
4242343
4289101
4374400
4433681
4435804
4516079
4670985
4801290
4878010
4854013
4722195
4580749
4542712
4488207
4274660
4030152
3717735
3360425
2978041
2657535
2323849
1936000
1571440
1207074
979361
873000
735418
535972
332254
152002
-32558
-213957
-290625
-299444
-293918
-265274
-162334
92364
463480
871069
1185657
1412647
1509064
1624979
1667847
1698734
1751876
1751258
1665560
1459188
1284296
1083041
858272
726988
523569
331892
242096
255555
61343
-122950
-267985
-399056
-425332
-472519
-569866
-592445
-523207
-467555
-465687
-470019
-530895
-628643
-737333
-844971
-974298
-1045961
-1010314
-1118932
-1177925
-1165253
-1208426
-1279277
-1319268
-1424620
-1739055
-2219407
-2750536
-3216246
-3478517
-3604711
-3830833
-4127811
-4508717
-4968648
-5406982
-5725182
-6050755
-6326694
-6421769
-6320618
-6206266
-6275853
-6453873
-6753230
-7053399
-7423521
-7871090
-8349363
-8759409
-9033697
-9452559
-9831894
-9942663
-9755747
-9247535
-8658782
-8033610
-7356932
-6413297
-5522537
-4556118
-3540160
-2501199
-1405472
-309438
810631
1999307
2937980
3777352
4419601
4919639
5330286
5773145
5958996
6226346
6500585
6751941
7103880
7354758
7440893
7454887
7356802
7171022
6817593
6166081
5444569
4733834
3971206
3177404
2372149
1530756
841711
350365
-35892
-293985
-411892
-345877
-193272
153293
584157
1067284
1609581
2229676
2991534
3898618
4752792
5382948
5709091
5808457
5774023
5632762
5469240
5457569
5293137
5065282
5050182
5078084
5112248
5267144
5511198
5304693
5133615
5147650
5061373
4990063
5099683
5172834
5234138
5375671
5499869
5319864
4765681
4125262
3388673
2434335
1723350
999429
328794
-161780
-613138
-1245345
-1753706
-2189690
-2596991
-2705660
-2614395
-2099473
-1554318
-953073
-378842
121541
663191
1115916
1479512
1813028
2107387
2389973
2617880
2693180
2616586
2521545
2127251
1786395
1511484
1168901
708627
417779
220428
237887
435283
655273
681148
768446
848659
856911
776173
801006
920992
1274815
1676677
1949365
2101595
2361420
2655488
2952882
3225864
3604470
3900398
4242717
4676312
4962168
5172657
5216212
5111445
5099155
5197655
5338579
5454157
5501659
5520766
5623326
5659074
5670241
5639066
5509135
5385058
5306921
5313927
5331506
5217436
5015414
4786226
4540661
4258582
4191775
4229487
4292396
4349671
4425018
4449462
4505914
4623263
4767612
4888864
4934432
4859177
4700052
4580298
4578408
4459019
4205775
3916014
3592850
3200274
2871004
2524394
2180783
1806476
1423519
1077241
930514
827082
665644
465793
259014
89647
-104225
-268227
-273440
-291231
-267537
-210166
-46492
307408
668239
1042997
1324753
1498809
1611385
1724804
1765733
1774938
1833649
1794032
1650278
1458516
1259427
1027397
842410
702492
484633
325706
281407
228794
-14151
-183304
-339957
-433314
-461529
-499475
-592935
-557771
-506230
-488580
-496045
-486724
-563899
-665349
-781951
-898301
-1011149
-1043226
-1055662
-1167944
-1194250
-1172323
-1276978
-1347301
-1402961
-1591046
-1982937
-2464008
-2985213
-3407603
-3564893
-3711164
-3968163
-4328006
-4748774
-5205195
-5606644
-5894647
-6210989
-6450852
-6408878
-6537272
-6698029
-7014439
-7432013
-7990572
-8558671
-9089484
-9724365
-10358930
-10832113
-11314040
-11881983
-12287096
-12275097
