62389711
62434505
62464459
62494185
62529812
62550685
62556493
62552212
62560042
62553511
62541726
62536422
62532922
62537379
62545439
62564627
62577080
62585341
62605544
62611226
62614684
62624314
62614720
62615210
62615354
62577507
62544567
62519621
62490004
62463263
62434409
62372630
62306701
62239452
62144501
62044112
61941606
61801753
61651085
61498548
61320669
61126802
60959526
60775285
60616084
60499093
60377477
60274591
60228367
60162202
60125887
60151346
60145585
60154596
60188498
60192067
60210379
60241162
60261495
60286084
60325582
60350038
60386982
60441597
60481917
60529703
60604724
60660522
60725445
60802931
60881290
60931797
60998927
61043510
61095546
61147096
61217598
61289600
61312333
61378664
61451472
61432582
61505115
61579062
61499492
61536481
61557579
61454849
61454768
61467735
61376734
61393809
61428369
61375445
61380704
61440596
61448675
61466643
61531116
61570065
61627936
61677913
61703763
61754184
61806516
61812886
61832253
61872327
61866831
61872218
61875404
61867529
61875025
61879668
61893042
61904783
61922344
61940771
61949273
61963687
61983900
61989931
61992170
61996945
61991654
61985669
61980361
61967947
61964504
61955652
61959389
61968230
61982213
61992006
62009366
62037640
62075561
62104018
62136376
62186165
62235632
62290324
62350697
62396857
62479547
62536927
62595442
62667809
62720918
62777238
62833250
62882052
62925673
62972718
63012927
63042906
63063733
63111518
63146409
63159853
63193414
63234135
63255157
63273284
63299476
63307814
63305616
63305436
63295633
63294028
63288280
63291120
63296707
63303842
63316075
63326959
63339298
63346404
63354546
63360272
63353153
63344218
63329393
63311723
63299294
63281773
63259256
63235538
63207763
63156238
63097848
63026912
62947507
62852028
62752266
62636434
62499258
62346894
62190061
62010481
61820110
61631646
61469648
61308611
61166465
61049756
60956897
60875799
60811418
60777088
60749685
60732482
60722653
60718430
60708266
60710709
60720916
60714355
60712512
60719678
60712374
60704238
60691544
60663802
60647570
60625525
60597672
60586852
60573384
60540264
60520852
60514642
60476388
60438927
60455199
60455877
60459118
60522943
60548768
60570990
60704541
60743041
60779225
60960454
60973037
60979019
61097623
61063593
61038339
61100141
61061931
61014159
61030753
60990449
60929064
60899050
60853073
60799178
60763383
60708114
60639555
60601756
60561260
60521877
60495552
60460452
60432539
60413963
60387146
60360737
60352349
60333368
60320906
60295042
60274932
60259479
60243599
60224925
60210508
60200119
60180373
60157780
60147230
60128487
60102968
60100870
60103663
60104761
60121060
60125663
60135018
60152744
60161564
60168948
60187687
60221429
60248330
60292425
60324288
60353012
60409042
60470250
60532502
60603402
60663855
60710962
60780718
60836721
60896823
60973174
61022893
61066925
61126242
61168614
61205261
61245519
61263021
61261046
61282119
61272938
61262937
61251010
61238014
61226439
61201433
61173539
61130261
61109440
61086611
61061538
61032044
61010053
60996094
60973310
60965922
60957958
60929397
60911391
60886957
60867051
60830963
60788257
60736902
60728804
60721774
60689484
60656783
60617946
60589309
60575637
60535783
60469815
60409971
60322805
60216538
60099041
59962207
59793820
59630624
59472125
59300281
59168788
59057609
58927049
58832427
58760811
58676187
58659412
58632420
58588786
58596692
58615136
58613290
58627532
58637818
58645376
58665939
58696082
58713395
58768862
58835879
58877351
58925324
58992306
59049528
59120430
59198028
59263916
59337993
59440476
59513735
59596738
59662170
59733338
59817375
59907296
60013911
60112233
60226541
60330468
60430038
60522231
60603000
60659493
60694633
60714597
60737173
60750500
60743720
60738277
60742657
60719401
60725371
60694525
60689232
60665855
60641405
60610371
60590658
60564638
60514815
60492114
60458945
60421047
60393031
60365385
60339009
60324289
60306109
60281907
60274441
60269740
60277000
60284969
60288284
60296395
60304591
60308674
60310985
60327170
60340187
60336224
60337166
60344155
60355365
60382906
60412990
60433334
60450212
60463687
60479735
60521306
60552972
60591685
60613833
60639164
60673785
60735897
60799644
60828753
60873108
60936376
60968101
61019463
61080406
61109974
61165439
61208165
61230040
61284684
61328708
61347749
61387130
61418875
61437987
61457221
61491015
61516364
61557144
61580360
61616213
61642567
61660526
61658478
61651408
61652677
61636507
61618700
61610861
61604241
61603655
61608648
61622071
61630723
61636985
61658001
61665323
61673900
61684605
61680093
61688218
61689886
61651904
61618780
61595173
61571011
61545369
61505633
61430826
61341752
61251055
61140938
61021386
60894185
60728176
60557189
60373398
60177961
59968422
59783762
59601125
59424077
59288391
59158244
59048689
58995033
58919475
58874514
58873379
58859621
58869278
58894933
58897591
58909768
58936042
58960388
58989923
59032888
59066387
59113146
59170419
59219932
59281107
59363718
59426113
59499141
59576629
59661053
59718164
59790129
59841862
59896741
59960276
60036277
60109850
60161367
60234612
60319010
60335175
60423804
60515386
60465971
60523072
60566345
60499045
60515682
60537315
60481873
60501344
60524178
60476118
60485983
60538018
60538869
60542703
60602508
60626776
60652364
60699362
60711016
60742868
60780667
60761742
60765571
60783549
60775449
60769192
60761515
60754501
60760660
60767255
60781853
60797041
60821074
60836738
60849289
60873552
60903731
60918482
60929983
60946152
60949653
60944262
60945994
60948901
60954611
60950500
60955200
60965650
60983464
60998365
61021736
61058637
61102541
61138566
61171773
61226541
61285641
61344192
61402875
61456804
61535768
61597479
61663487
61737185
61796943
61854928
61910427
61961768
62015957
62068802
62108842
62140852
62167203
62216744
62248224
62259796
62293948
62328118
62350539
62368016
62389757
62392091
62383410
62380786
62363999
62358675
62347607
62347758
62349654
62349731
62357822
62361192
62367556
62373015
62381693
62390596
62384242
62375980
62362245
62343319
62329893
62311474
62292111
62262663
62228799
62164764
62078883
61986369
61883351
61769816
61642905
61499734
61336594
61159540
60974054
60771582
60568842
60373522
60196130
60023223
59872599
59745833
59642769
59558957
59484287
59436771
59400365
59378432
59366566
59357552
59348140
59344922
59355633
59359023
59367252
59395299
59411138
59421866
59430824
59421737
59428507
59421711
59409788
59416356
59416705
59395578
59385080
59396123
59378496
59360879
59368353
59386709
59410346
59468342
59501564
59537143
59672954
59724380
59770419
59946300
59976166
60001436
60111174
60110422
60097600
60143512
60119661
60088637
60080570
60043516
59982364
59944491
59897137
59834558
59793692
59730688
59669257
59634646
59592812
59552776
59524165
59483192
59449021
59430323
59404394
59379351
59368408
59350308
59348296
59334006
59313894
59306146
59292714
59283421
59272341
59268272
59253522
59234480
59230133
59210628
59187540
59200871
59206432
59211016
59229661
59234872
59245433
59261705
59276009
59292276
59315521
59355941
59392407
59443063
59480533
59517067
59582524
59641646
59705845
59783063
59852024
59908342
59981165
60045949
60107326
60186899
60241001
60297500
60361653
60411377
60452156
