12456986
12050061
11497295
11180162
11161671
11062275
10854087
10619502
10285814
9842823
9381095
10225785
10550794
10789526
11013676
11248399
11464399
11668715
11843570
11979778
12129889
12220624
12299882
12372416
12290704
12210015
12165943
12145077
12160105
12210199
12328292
12475039
12682988
12938218
13212068
13505870
13829796
14183237
14558353
14908175
15304809
15744541
16193099
16663190
17161455
17746463
18461228
18802350
18802350
18802350
18802350
18802350
18802350
18802350
18802350
18802350
18802350
18802350
18802350
18802350
18802350
18802350
18802350
18802350
18802350
18802350
18802350
18802350
18802350
18802350
18802350
18802350
18802350
18802350
18802350
18802350
18802350
18802350
18802350
18802350
18802350
18802350
18802350
18802350
18802350
18802350
18802350
18802350
18802350
18802350
18802350
18802350
18802350
18802350
18802350
18802350
18802350
18802350
18802350
18802350
18802350
18802350
18802350
18802350
18802350
18802350
18802350
18802350
18802350
18802350
18802350
18802350
18802350
18802350
18802350
18802350
18802350
18802350
18802350
18802350
18802350
18802350
18802350
18802350
18802350
18802350
18802350
18802350
18802350
18802350
18802350
18802350
18802350
18802350
18802350
18802350
18802350
18802350
18802350
18802350
18802350
18802350
18802350
18802350
18802350
18802350
18802350
18802350
18802350
18802350
18802350
18802350
18802350
18802350
18802350
18802350
18802350
18802350
18802350
18802350
18802350
18802350
18802350
18802350
18802350
18802350
18802350
18802350
18802350
18802350
18802350
18802350
18802350
18802350
18802350
18802350
18802350
18802350
18802350
18802350
18802350
18802350
18802350
18802350
18802350
18802350
18802350
18802350
18802350
18802350
18802350
18802350
18802350
18802350
18802350
18802350
18802350
18802350
18802350
18802350
18802350
18802350
18802350
18802350
18789015
18779236
18767298
18752185
18735421
18720181
18703925
18684621
18660745
18635345
18608929
18575401
18531205
18464657
18384647
18291429
18182463
18072227
17951831
17815433
17679986
17542689
17387038
17206716
17030258
16851284
16763486
16704040
16618817
16523549
16465022
16368777
16280320
16177589
16068228
15965448
15883459
15808080
15732122
15635460
15507068
15370620
15243277
15061328
15194602
15497743
15862754
16199357
16528945
16845406
17134202
17386962
17597995
17754327
17867624
17941348
18006207
18010354
17992997
17951610
17886800
17813094
17733982
17630669
17518551
17323720
17124874
17044496
16973053
16538853
16125531
15838680
15594828
15408905
15242918
15149185
15151351
15218470
15336248
15542947
15806737
16112891
16454515
16847407
17247004
17663932
18083824
18580227
18802350
18802350
18802350
18802350
18802350
18802350
18802350
18802350
18802350
18802350
18802350
18802350
18802350
18802350
18802350
18802350
18802350
18802350
18802350
18802350
18802350
18802350
18802350
18802350
18802350
18802350
18802350
18802350
18802350
18802350
18802350
18802350
18802350
18802350
18802350
18802350
18802350
18802350
18802350
18802350
18802350
18802350
18802350
18802350
18802350
18802350
18802350
18802350
18802350
18802350
18802350
18802350
18802350
18802350
18802350
18802350
18802350
18802350
18802350
18802350
18802350
18802350
18802350
18802350
18802350
18802350
18802350
18802350
18802350
18802350
18802350
17869779
17166390
16574163
16026279
15513269
15077496
14702848
14303858
13989598
13669611
13390621
13141709
12908438
12800831
12738150
12761916
12850844
12987728
13206276
13428466
13750281
14033331
14258596
14393879
14422824
14350342
14269098
14112854
13942698
13661386
13412020
13139279
12847789
12540114
12186910
11641097
11203205
11136802
11085578
10926939
10686238
10376887
9945556
9485079
10075196
10491896
10753494
10987402
11236675
11467791
11651667
11847442
11953782
12078556
12163524
12267398
12339602
12311832
12204797
12163016
12136808
12157788
12192859
12298605
12444052
12638953
12886012
13150736
13429052
13776259
14119273
13444729
12857094
12531443
13081786
13662142
14283153
14906002
15579729
16461272
17117199
17295878
17432402
17599723
17772370
17945188
18138540
18350953
18552823
18759748
18967052
19191647
19452762
19673307
19690926
19534074
19292103
19087502
18913248
18736594
18603676
18454070
18336621
18216438
18114364
17932115
17712047
17427310
17147567
16832702
16525208
16216842
15928132
15611857
15336716
16207171
16258064
16257510
16454813
16692549
16942412
17189514
17442536
17669544
17930227
18126224
18258922
18285724
18335323
18397723
18478739
18565896
18670894
18776709
18881716
18979412
19088435
19237256
19341162
19222696
18961062
18744588
18552200
18383269
18204252
18048197
17915022
17755349
17600722
17446588
17327148
17218060
17099480
17020700
16931682
16840604
16770657
16689289
16590282
16575703
17677912
18783046
18802350
18802350
18802350
18802350
18802350
18802350
18802350
18802350
18802350
18802350
18802350
18802350
18802350
18802350
18802350
18802350
18802350
18802350
18802350
18802350
18802350
18802350
18802350
18802350
18802350
18802350
18802350
18802350
18802350
18802350
18802350
18802350
18802350
18802350
18802350
18802350
18802350
18802350
18802350
18802350
18802350
18802350
18802350
18802350
18802350
18802350
18802350
18802350
18802350
18802350
18802350
18802350
18802350
18802350
18802350
18802350
18802350
18802350
18802350
18802350
18802350
18802350
18802350
18802350
18802350
18802350
18802350
18802350
18802350
18802350
18802350
18802350
18802350
18802350
18802350
18796127
18786348
18774029
18757519
18740755
18725515
18707227
18687923
18666079
18640679
18612231
18578703
18537555
18478627
18402554
18314162
18211800
18096865
17981930
17853787
17713325
17568656
17410814
17245749
17071190
16889344
16787770
16714904
16635169
16542448
16466918
16388427
16293247
16198562
16084376
15975176
15874319
15811645
15740532
15664920
15549438
15393655
15274664
15169498
15010105
15332033
15701000
16051127
16383891
16699542
17002479
17262498
17500812
17693206
17824956
17938004
