120662397
120624039
120598326
120570606
120544169
120518139
120493936
120466777
120443377
120422982
120403609
120387400
120372350
120357664
120344497
120333436
120328050
120314839
120308499
120302807
120297523
120290338
120284890
120275649
120266667
120257805
120246375
120235368
120230431
120226222
120223779
120221098
120244933
120293079
120316965
120347500
120378007
120404359
120437858
120469523
120505425
120536789
120572232
120606382
120639668
120676230
120707897
120732644
120763294
120787545
120793126
120802974
120812444
120831299
120854938
120884973
120917098
120956236
121008553
121056660
121081049
121107535
121121306
121085552
121077605
121137040
121171448
121171793
121150456
121129855
121110684
121094805
121080658
121061216
121046097
121040720
121029532
121016526
121001455
120977375
120949058
120923326
120896603
120868095
120838203
120801538
120767227
120730600
120702060
120667855
120626711
120601936
120569727
120526949
120505666
120506648
120498409
120498237
120504662
120512121
120514550
120511600
120510192
120507161
120507070
120506259
120504253
120503394
120504626
120505748
120507081
120509925
120512567
120512529
120512398
120514803
120517500
120515087
120513242
120515593
120519111
120522160
120523788
120523218
120533902
120529879
120463766
120437539
120439675
120435461
120438529
120441196
120452972
120460275
120469261
120482734
120496180
120512241
120540692
120579101
120618106
120667902
120741646
120816446
120894655
120959383
121016123
121068272
121129500
121170915
121203243
121235627
121264730
121287667
121312616
121334036
121359299
121385132
121422059
121463442
121501498
121525552
121546795
121567152
121590404
121612109
121634555
121653657
121670866
121686915
121700086
121713486
121725752
121735987
121743736
121746314
121756317
121759089
121760109
121760781
121763358
121764513
121769687
121774620
121780687
121789776
121795239
121797188
121801907
121807824
121812522
121814358
121814336
121814336
121814336
121814336
121814630
121814726
121814626
121814668
121814720
121814678
121814714
121814688
121815313
121820631
121826590
121830531
121841977
121875277
121901963
121928379
121949441
121963020
121971910
121973434
121973434
121973434
121973434
121973434
121973434
121973434
121973428
121973428
121973428
121973438
121973454
121973464
121973480
121973486
121973496
121973502
121973502
121973496
121973496
121973496
121973502
121973502
121973502
121973502
121973506
121973506
121973506
121973502
121973490
121973480
121973480
121973486
121973490
121973496
121973496
121973502
121973518
121973496
121973480
121973460
121973470
121973490
121973312
121973212
121973186
121973192
121973170
121973170
121973160
121973154
121973176
121973160
121973164
121973164
121973164
121973164
121973154
121973154
121973154
121973154
121973164
121973164
121973170
121973170
121973170
121973170
121973170
121973170
121973170
121973164
121973160
121973160
121973150
121973150
121973164
121973180
121973164
121973144
121973112
121973096
121973108
121973102
121973096
121973096
121973096
121973092
121973096
121973096
121973096
121973096
121973096
121973096
121973340
121973340
121973340
121973340
121973340
121973340
121973340
121973340
121973340
121973340
121973340
121973340
121973340
121973340
121973340
121973340
121973340
121973340
121973340
121973340
121973340
121973340
121973340
121973340
121973340
121973340
121973340
121973340
121973340
121973340
121973340
121973340
121973340
121973340
121973340
121973340
121973340
121973340
121973340
121973340
121973340
121973340
121973340
121973340
121973340
121973340
121973340
121973340
121973340
121973340
121973340
121973340
121973340
121973340
121973340
121973340
121973340
121973340
121973340
121973340
121973340
121973340
121973340
121973340
121973340
121973340
121973340
121973340
121973340
121973340
121973340
121973340
121973340
121973340
121973340
121973340
121973340
121973340
121973340
121973340
121973340
121973340
121973340
121973340
121973340
121973340
121973340
121973340
121973340
121973340
121973340
121973340
121973340
121973340
121973340
121973340
121973340
121973340
121973340
121973340
121973340
121973340
121973340
121973340
121973340
121973340
121973340
121973340
121973340
121973340
121973340
121973340
121973340
121973340
121973340
121973340
121973340
121973340
121973340
121973340
121973340
121973340
121973340
121973340
121973340
121973340
121973340
121973340
121973340
121973340
121973340
121973340
121973340
121973340
121973340
121973340
121973340
121973340
121973340
121973340
121973340
121973340
121973340
121973340
121973340
121973340
121973340
121973340
121973340
121973340
121973340
121973340
121973340
121973340
121973340
121973340
121973340
121973340
121973340
121973340
121973340
121973340
121973340
121973340
121973340
121973340
121973340
121973340
121973340
121973340
121973340
121973340
121973340
121973340
121973340
121973340
121973340
121973340
121973340
121973340
121973340
121973340
121973340
121973340
121973340
121973340
121973340
121973340
121973340
121973340
121973340
121973340
121973340
121973340
121973340
121973086
121973086
121970927
121970927
121970927
121970927
121970927
121970927
121970927
121970927
121970927
121970927
121970927
121970927
121970927
121970927
121970927
121970927
121970927
121970927
121970927
121970332
121970317
121970307
121970332
121970347
121967563
121966689
121966765
121966890
121967006
121967092
121967077
121967166
121967201
121967201
121967236
121967277
121967277
121967277
121967283
121967211
121967097
121967066
121967017
121967042
121967037
121967012
121967051
121967097
121967011
121966986
121966986
121966986
121966986
121966986
121966986
121966876
121966862
121966741
121966715
121966715
121966624
121966609
121966609
121966609
121966609
121966609
121966609
121966609
121966609
121966609
121966609
121966609
121966609
121966609
121966609
121966609
121966609
121966609
121966609
121966634
121969455
121973065
121972262
121972788
121973263
121972874
121972849
121972960
121972879
121972864
121972814
121972889
121973151
121973302
121973358
121973357
121973322
121973322
121973307
121973307
121973307
121973307
121973307
121973307
121973293
121973308
121973302
121972687
121972647
121972673
121972747
121972674
121972827
121973120
121972806
121972410
121969792
121960567
121946128
121930052
121913404
121891301
121869420
121837603
121810462
121771627
121727204
121671236
121597925
121524941
121447762
121365143
121291082
121228216
121163636
121101839
121054826
121012724
120971074
120927077
120871913
120826039
120782632
120744107
120696081
120652913
120610903
120567998
120528050
120492121
120457045
120425697
120396825
120372291
120347217
120320828
120298843
120278995
120263061
120252719
120241517
120233254
120225863
120213715
120207069
120201925
120191859
120185448
120177418
120172151
120167118
120162382
120156623
120145438
120135986
120129708
120123168
120120634
120168469
120226675
120245451
120279097
120327686
120375640
120407124
120438116
120474296
120505682
120537761
120570668
120604698
120637006
120669285
120700356
120732195
120746590
120755322
120767483
120778831
120797122
120829737
120864860
120906185
120949391
120983737
121011535
121029338
121046076
121045788
121024339
121050063
121122347
121156287
121186197
121203909
121203330
121216999
121226205
121210772
121194851
121174517
121159125
121146238
121122082
121096348
121066147
121033053
121005095
120976535
120947288
120913170
120875365
120840856
120801027
120754663
120701726
120643838
120597439
120535709
120469313
120440603
120439952
120429136
120431898
120438031
120449386
120456961
120463061
120469409
120473698
120478330
120477240
120475903
120476309
120474713
120474018
120476309
120477850
120477830
120476859
120478198
120480043
120483228
120480849
120479863
120480780
120480109
120481467
120480188
120471244
120474986
120458904
120387613
120367202
120371064
120362264
120367457
120379012
120397893
120411645
120427026
120443297
120470510
120490676
120521759
120558192
120605337
