1893681
2039542
2182662
2313519
2446624
2580807
2701028
2840157
2981318
3160941
3346216
3493470
3643454
3828549
3810955
3782692
3772364
3768228
3741684
3713946
3712711
3696441
3666102
3627972
3587693
3521160
3460667
3380909
3313590
3231368
3141497
3053295
2939280
2839839
2726601
2579610
2456554
2283414
2036808
1743463
1478077
1199001
946658
797798
615074
467448
354181
190865
27196
-98362
-160924
-289262
-463445
-588259
-632495
-631554
-597080
-508570
-406752
-166605
20714
299870
603079
888337
1161853
1433742
1737449
2019008
2291378
2524467
2749809
2933970
3088947
3248934
3374199
3425873
3551436
3591319
3648558
3749661
3864717
3858356
3920914
3947440
3901238
3827616
3848126
3842188
3730120
3625175
3515513
3386578
3256812
3095305
2896858
2687767
2466397
2250185
2059999
1892093
1728724
1574931
1411620
1294568
1218283
1199517
1209820
1225760
1261429
1277990
1368526
1489842
1705807
1952576
2133325
2266058
2387006
2437457
2430592
2377767
2272965
2144192
1960498
1746606
1484603
1209263
959156
693179
450231
175880
23633
-154378
-327201
-520212
-650167
-755050
-833918
-910265
-927817
-947678
-938011
-908691
-849350
-739185
-615462
-420661
-209333
4276
199905
366862
474752
572755
757771
988316
1172296
1401611
1638802
1786156
1973930
2176117
2322785
2471303
2698153
2848609
3015972
3197997
3418043
3637258
3870652
4130661
4380135
4656929
4909027
5123798
5256015
5447544
5561394
5625712
5709161
5852455
5818364
5831945
5870878
5836128
5705008
5443986
5160168
4794994
4480149
4164273
3880684
3531426
3240479
2982760
2751792
2534419
2335162
2183542
1984019
1784326
1617528
1520434
1406674
1281855
1187296
1172864
1140407
1111107
1096501
1082189
1079850
1130972
1197544
1309452
1314019
1240366
1177596
1123430
1053786
930378
886513
897800
816272
901966
994444
1020126
1010902
1254753
1540098
1757783
2060513
2429923
2827222
3218486
3549243
3843942
4171517
4438237
4682044
4862329
5045885
5202413
5350458
5555221
5614847
5641309
5634721
5629275
5622205
5624779
5637819
5475837
5365009
5224109
5092417
4884401
4774335
4585112
4422450
4205208
4019275
3847132
3745412
3664972
3536099
3404446
3228505
3098024
2947055
2804920
2611663
2425811
2258044
2076793
1916736
1857556
1752224
1676855
1580837
1529592
1461002
1405996
1377467
1306181
1299635
