-375955532
-375830772
-375863265
-375921658
-375800185
-375868191
-375923736
-375800901
-375850442
-375901311
-375794158
-375843421
-375941556
-375851479
-375905971
-375985856
-375942779
-376034255
-376113044
-376052670
-376142075
-376209795
-376110312
-376203929
-376279279
-376154887
-376230073
-376300866
-376193213
-376250465
-376302342
-376221725
-376305001
-376387529
-376319415
-376427783
-376506359
-376402213
-376484441
-376554202
-376438570
-376533568
-376665311
-376514786
-376582575
-376693167
-376562345
-376633027
-376724942
-376616969
-376709427
-376811613
-376673499
-376796958
-376888895
-376706974
-376797828
-376891339
-376693624
-376779235
-376906023
-376712287
-376838068
-376991989
-376821064
-376936874
-377056531
-376882577
-377010968
-377098409
-376920142
-377086407
-377185890
-376970014
-377127629
-377271447
-377086006
-377240462
-377413866
-377235760
-377364794
-377504534
-377290425
-377400548
-377481779
-377259757
-377392172
-377480443
-377255640
-377397697
-377500617
-377291405
-377475642
-377634718
-377438891
-377612264
-377792424
-377603017
-377720993
-377851598
-377611021
-377710620
-377787701
-377556091
-377702671
-377800188
-377554507
-377697442
-377799077
-377584666
-377764923
-377903260
-377672161
-377784149
-377897532
-377687787
-377800285
-377927392
-377722659
-377863054
-377986012
-377767782
-377917850
-378017482
-377793995
-377926578
-378010393
-377800668
-377936143
-378022628
-377734198
-377798999
-377864342
-377629265
-377745586
-377866965
-377682933
-377820621
-377892929
-377697009
-377830741
-377887766
-377682557
-377792481
-377826037
-377626154
-377757417
-377791812
-377534183
-377628877
-377655882
-377405216
-377513602
-377531772
-377335981
-377456202
-377440055
-377281669
-377421426
-377397096
-377216845
-377313378
-377279690
-377039607
-377134122
-377098079
-376844524
-376942029
-376882808
-376642858
-376778579
-376670553
-376445396
-376561863
-376429467
-376276710
-376424923
-376328650
-376191271
-376334438
-376244214
-376049994
-376193135
-376119224
-375929876
-376069790
-375951454
-375772440
-375926559
-375789540
-375640642
-375788548
-375673266
-375559667
-375721699
-375672047
-375568800
-375738829
-375689203
-375521180
-375638349
-375566929
-375421046
-375558358
-375481694
-375350901
-375500096
-375391670
-375259400
-375409962
-375304902
-375218097
-375356355
-375276150
-375188536
-375346266
-375314844
-375159494
-375251313
-375222084
-375108236
-375220984
-375167059
-375047066
-375168957
-375067693
-374926200
-375034609
-374946034
-374831431
-374938883
-374884499
-374774345
-374913635
-374899674
-374778828
-374883410
-374861071
-374745998
-374869129
-374811680
-374677091
-374775671
-374688805
-374571098
-374675084
-374569212
-374465821
-374549765
-374455208
-374375559
-374499745
-374488577
-374411051
-374502033
-374488257
-374385277
-374486999
-374461365
-374377079
-374503292
-374457098
-374365015
-374449781
-374391974
-374342434
-374405219
-374359018
-374333272
-374407801
-374371966
-374336542
-374391029
-374379040
-374350079
-374415659
-374408184
-374388355
-374464175
-374439908
-374432677
-374524046
-374542200
-374532354
-374595352
-374600936
-374616005
-374675751
-374679233
-374698226
-374756696
-374753671
-374754721
-374785169
-374782634
-374773360
-374794791
-374790550
-374770548
-374791142
-374808802
-374760096
-374779564
-374825684
-374756649
-374735721
-374734577
-374714972
-374721483
-374732140
-374740807
-374773679
-374812828
-374790180
-374817959
-374848008
-374785145
-374790408
-374833697
-374759232
-374753958
-374820853
-374745181
-374744049
-374794285
-374717378
-374714330
-374746137
-374715011
-374756353
-374811024
-374746761
-374753314
-374802169
-374704331
-374703576
-374789086
-374685155
-374726402
-374836393
-374711353
-374737209
-374821960
-374731423
-374793145
-374870543
-374799738
-374835090
-374860192
-374772510
-374771382
-374807907
-374690381
-374706108
-374773367
-374684675
-374724957
-374787462
-374688994
-374751563
-374845378
-374750001
-374821267
-374896311
-374779128
-374829663
-374855253
-374783843
-374816284
-374835356
-374743467
-374805623
-374846161
-374751050
-374809872
-374859914
-374730148
-374785907
-374868203
-374744155
-374818851
-374926376
-374805556
-374851363
-374908073
-374829657
-374906145
-374938373
-374836087
-374899623
-374917726
-374780009
-374859545
-374927645
-374748341
-374801814
-374886410
-374733150
-374780851
-374871048
-374727091
-374819550
-374911921
-374821804
-374972691
-375057109
-374937578
-375089955
-375183538
-375045384
-375171971
-375294028
-375111750
-375248387
-375412519
-375279200
-375425987
-375564672
-375451986
-375600776
-375697079
-375575313
-375758718
-375853627
-375687317
-375863872
-375984313
-375831352
-376003225
-376159813
-376015888
-376205500
-376370400
-376239777
-376427641
-376573103
-376449182
-376621310
-376755530
-376594771
-376785291
-376890906
-376713228
-376937578
-377074642
-376892091
-377080669
-377243927
-377070352
-377241432
-377377521
-377222669
-377399198
-377528915
-377366438
-377565362
-377729908
-377567856
-377777523
-377912668
-377747398
-377948220
-378084065
-377899541
-378048158
-378157511
-377998750
-378156564
-378284361
-378106025
-378283721
-378424851
-378227437
-378429027
-378562223
-378387178
-378568206
-378640734
-378477006
-378662499
-378709581
-378507790
-378649720
-378685082
-378516803
-378690397
-378780142
-378599982
-378766306
