64005587
64000634
63577089
64830579
64835659
64413257
65673605
65680717
65257807
66531109
66556255
66122677
67402202
67417061
66972561
68287011
68300727
67845178
69131180
69118353
68636261
69912992
69903848
69431281
70732650
70753732
70217030
71499222
71495031
70904481
72162797
72193785
71549641
72812656
72845549
72151240
73399650
73419462
72688704
73951211
73958958
73153524
74416158
74411459
73553574
74770869
74783061
73897109
75035791
75052174
74141584
75218036
75246611
74275823
75301983
75317350
74324972
75351513
75375262
74338307
75340210
75346179
74293349
75293347
75321795
74249280
75231244
75257533
74166476
75133073
75160251
74055732
75020043
75045570
73934828
74879200
74902822
73780015
74691875
74720704
73600818
74479023
74480674
73367392
74192384
74226801
73121266
73880345
73917175
72817101
73539223
73565004
72472931
73126727
73166605
72086851
72670416
72695816
71623682
72151875
72178291
71108570
71609966
71634477
70590156
71076439
71109205
70067551
70526656
70548627
69542152
69983096
70013703
69060949
69517514
69563742
68687696
69148960
69191505
68390389
68852034
68892801
68146041
68608829
68646421
67913631
68388230
68420234
67714495
68203064
68234941
67520693
68008119
68043044
67310508
67793743
67812158
67070605
67558793
67577462
66846831
67423284
67453764
66701162
67301237
67336416
66592958
67266058
67274440
66496819
67219703
67266439
66492501
67246754
67252342
66495930
67309619
67319398
66546984
67417569
67413759
66607309
67507739
67520058
66701289
67638803
67641851
66791205
67760596
67760850
66892551
67900804
67901566
67009010
68050537
68052569
67140963
68210176
68210684
67267582
68366005
68366259
67415156
68530089
68529581
67558158
68688839
68689601
67695318
68830825
68830571
67810380
68955539
68957444
67873372
69021071
69014213
67866895
69024881
69015991
67799077
68931663
68943347
67691000
68822570
68819522
67553713
68676266
68680965
67392677
68495545
68496942
67232784
68341875
68333874
67036315
68137024
68152137
66882137
67961002
67960748
66668396
67721607
67716273
66436494
67479672
67496817
66206751
67187064
67176650
65874773
66755772
66718053
65453387
66249423
66210180
64940688
65680336
65640458
64361695
65069339
65028318
63749174
64440054
64395985
63082043
63782575
63750698
62462156
63207519
63206376
61943615
62694312
62678691
61391038
62100587
62060836
60780549
61537342
61527817
60266707
60979177
60950221
59711209
60455937
60427362
59162823
59916949
59893454
58653426
59402091
59393836
58146442
58923555
58910855
57712102
58506360
58491882
57344437
58146823
58119899
57046495
57868566
57869963
56852693
57705625
57689750
56675655
57544462
57539890
56553862
57459499
57443116
56465343
57379997
57354089
56396128
57320942
57297066
56355742
57299987
57273825
56333771
57302527
57277762
56357139
57353708
57331356
56439562
57494805
57466992
56615838
57761505
57716801
56920130
58102627
58075576
57324752
58540269
58508773
57810146
59050174
59019694
58381392
59629802
59606688
59041411
60280169
60243212
59741181
61012324
60981336
60481972
61727461
61692917
61222636
62482222
62470665
62032134
63289942
63253239
62810136
64069595
64042036
63611633
64867282
64862329
64455929
65678050
65683130
65278635
66507360
66514472
66109469
67350640
67375786
66960623
68207763
68222622
67796791
69078856
69092572
68656454
69910071
69897244
69435091
70679437
70670293
70218935
71487919
71509001
70995286
72245093
72240902
71675117
72901048
72932036
72313419
73544049
73576942
72909176
74126979
74146791
73443084
74677524
74685271
73907396
75145011
75140312
74310748
75513311
75525503
74668634
75803760
75820143
74939144
76009500
76038075
75097640
76114656
76130023
75168506
76181839
76205588
75200002
76183998
76189967
75168506
76145771
76174219
75133327
76091034
76117323
75057889
75999721
76026899
74954257
75893549
75919076
74840211
75761088
75784710
74693780
75583669
75612498
74523473
75381485
75383136
74300969
75106530
75140947
74067035
74806175
74843005
73775062
74476737
74502518
73442830
74076433
74116311
73068942
73632822
73658222
72618473
73128505
73154921
72117585
72601836
72626347
71614411
72084946
72117712
71108189
71552054
71574025
70598919
71024877
71055484
70133591
70574408
70620636
69774943
70219062
70261607
69489828
69933566
69974333
69256148
69701029
69738621
69033898
69490082
69522086
68843652
69313552
69345429
68657216
69125211
69160136
68451857
68915153
68933568
68213986
68680965
68699634
67989196
68542662
68573142
67839717
68415027
68450206
67725163
68372736
68381118
67621658
68317999
68364735
67609466
68336668
68342256
67604767
68390897
68400676
67646931
68489195
68485385
67697858
68569205
68581524
67780916
68688839
