29375362
29252253
29129511
29008069
28891605
28776649
28660112
28551438
28446128
28311982
28185353
28566057
28736766
28907936
29097990
29267206
29441538
29594174
29743033
29881078
30030441
30155111
30323566
30486368
30617971
30759937
30924215
31115568
31316426
31590689
31956869
32433124
33071402
33824782
34654449
35513774
36447459
37493343
37967527
38046372
38094428
38131147
38170336
38209919
38245876
38293411
38341186
38389348
38364402
38288262
38150029
37918579
37691806
37531177
37413442
37335783
37309568
37339321
37364297
37397229
37437123
37483297
37529141
37570530
37604860
37652163
37698872
37740453
37790422
37843839
37905238
37948322
38003329
38050357
38091991
38125205
38172555
38216540
38256645
38301112
38350237
38388077
38440718
38496465
38540082
38586176
38632391
38675778
38717902
38756133
38795712
38828802
38932831
39088971
39314896
39626671
39932846
40203164
40415669
40591355
40724861
40804572
40877559
40949139
41020664
41089390
41154739
41221091
41285199
41341523
41393441
41450833
41499633
41551452
41605987
41657863
41705435
41760990
41805362
41858156
41902438
41943725
41982198
42012857
42040424
42053798
42043146
42010523
41968144
41900835
41814310
41685348
41488235
41241368
40975778
40667065
40308452
40023276
39803983
39622934
39495788
39407255
39379195
39365863
39344252
39321396
39285018
39240761
39187844
39126285
39056943
38995303
38930533
38855748
38777218
38648277
38493981
38318662
38122965
37925691
37704788
37416010
36791106
36097135
35321191
34721392
34228795
33836592
33487069
33176118
32883642
32579171
32256039
31872881
31427729
30961814
30656612
30537511
30538486
30709142
30919111
31039592
31086037
31077565
30971668
30797716
30532885
30162270
29548340
28655585
27812703
26981251
26162540
25350145
24518357
23648212
22749342
21863040
20910587
19943826
19002776
18037085
17080033
16121712
15180119
14323539
13822760
13377473
13029397
12527631
11938852
11271748
10572332
9861950
9167662
8515704
7915257
7428060
7022910
6714265
6312985
5794461
5194741
4469241
3792304
3125934
2475073
1868162
1285485
750679
240270
-208593
-397293
-289106
-195269
-116934
-6501
126703
272232
419153
571659
686537
808709
952614
1130664
1380494
1638525
1690211
2042661
3197593
4333411
5471069
6608867
7732145
8831966
9926449
10998638
12065123
13118716
14151441
15154655
16145374
17128873
18081777
19025563
19948142
20854661
21760863
22624106
23494855
24354858
25195829
26039812
26861438
27686530
28528526
29364902
30192199
31002386
31809345
32597553
33369546
34145449
34934368
35764703
36639568
37568226
38520887
39458249
40362403
41264097
42379265
43185334
43185334
43185334
43185334
43185334
43185334
43185334
43185334
43185334
43185334
43185334
43185334
43185334
43185334
43185334
43185334
43185334
43185334
43185334
43185334
43185334
43185334
43185334
43185334
43185334
43185334
43185334
43185334
43185334
43185334
43185334
43185334
43185334
43185334
43185334
43185334
43185334
43185334
43185334
43185334
43185334
43185334
43185334
43185334
43185334
43185334
43185334
43185334
43185334
43185334
43185334
43185334
43185334
43185334
43185334
43185334
43185334
43185334
43185334
43185334
43185334
43185334
43185334
43185334
43185334
43185334
43185334
43185334
43185334
43185334
43185334
42742866
42419752
42124726
41826744
41530371
41224144
40943501
40662032
40396695
40124611
39868768
39609375
39324020
39064808
38828587
38560576
38271691
37958154
37594182
37154644
36604602
35901063
35070144
34172813
33228216
32231884
31080447
30308075
30082658
29922189
29792458
29659613
29524594
29397030
29283487
29157380
29041359
28925632
28813386
28697733
28583696
28478304
28358066
28219177
28542034
28739535
28909165
29093067
29262589
29443178
29589922
29747595
29888344
30041653
30169214
30322199
30496363
30641239
30765456
30929829
31112082
31303187
31538118
31868688
32307982
32900823
33629695
34432735
35281100
36170178
37224857
37896277
38026265
38079206
38115088
38152882
38197914
38236545
38273113
38320485
38365831
38360995
38284234
38161822
37962192
37721662
37531788
37412565
37319987
37290142
37295403
37321423
37349593
37387360
37437411
37479309
37526871
37565458
37611662
37661505
37702980
37756513
37808823
37867844
37916772
37974786
38021851
38070603
38100237
38145608
38187439
38228361
38271208
38319066
38362703
38416958
38467202
38519286
38558329
38605482
38644305
38690927
38727582
38767626
38799920
38883711
39039184
39244138
39528361
39848954
40136919
40364728
40553054
40690203
40794769
40868550
40937078
41009270
41079924
41144700
41210548
41271688
41334518
41380324
41438617
41484206
41535787
41590506
41640628
41687102
41746313
41795514
41848177
41896821
41938858
41980970
42012028
42039154
42055723
42047162
42024414
41977173
41920890
41841420
41736831
41554983
41324633
41068234
40767522
40409496
40100688
39850755
39671304
39524558
39423375
39378354
39361440
39337648
39308732
39282811
39248190
39199021
39133329
39067647
38997862
38939779
38854362
38788909
38675835
38532437
38362095
38179467
37985178
37758398
37548647
36985732
36310079
35525904
34858226
34343963
33918691
33561165
33238406
32930075
32635258
32327896
31963268
31503403
31048761
30658819
30538671
30474753
30635723
30844212
30998071
31073165
31073991
30996068
30844361
30596791
30274770
29735278
28911042
28029092
27194148
26365030
25554954
24730476
23875250
22983057
22108204
21164110
20184339
19244170
18294673
17324251
16359076
15413559
14473963
13909524
13455148
13110140
12662460
12092717
11448920
10750488
10039841
9352630
8683623
8064819
7543229
7151265
6792964
6457437
5927559
5386978
4659590
3961933
3297241
2645018
2022084
1437079
883927
383659
-105879
-378266
-340484
-211478
-126954
-34292
106718
242377
387928
531540
657536
778735
926152
1074170
1297381
1574312
1752689
1732624
2888444
4028726
5152356
6293308
7426023
8531990
9628025
10713582
11785207
12842926
13882323
