321586790
321171515
320734375
320235017
319666565
319043243
318385002
317657791
316894140
316060110
315208575
314306742
313370371
312421808
311468171
310470474
309444949
308382854
307333707
306290157
305284571
304276070
303292186
302351237
301463253
300594776
299788586
299012991
298297854
297638978
297029146
296455084
295938956
295466919
295044749
294602154
294139112
293662481
293165784
292644322
292118288
291562663
291032946
290500689
289978592
289446081
288928429
288421064
287912556
287418526
286935799
286468058
286012763
285557341
285118683
284688407
284253178
283822013
283392118
282960191
282548203
282135453
281747976
281372310
281000073
280645616
280277062
279931114
279617297
279316688
279051004
278812879
278596471
278414988
278264620
278137747
278045037
277964138
277919815
277899876
277903178
277923371
277970869
278009985
278045672
278084153
278106759
278124793
278139525
278151463
278165941
278172194
278177137
278184060
278184585
278184784
278184679
278184744
278184735
278184720
278184754
278184744
278184744
278185289
278185736
278185452
278185943
278185936
278185846
278185897
278185928
278186832
278190027
278213225
278255389
278318098
278405220
278516943
278653236
278812718
278980148
279169714
279382677
279610718
279862679
280138769
280439626
280775948
281133677
281509615
281890794
282282650
282688090
283110741
283538489
283987657
284443554
284916948
285407203
285909912
286418261
286951076
287492260
288039462
288627347
289275872
289978986
290719840
291497609
292324978
293216678
294149352
295117004
296134875
297198666
298291234
299417064
300590927
301814226
303080890
304392982
305722491
307088162
308489011
309912393
311356883
312843037
314347352
315883798
317436373
319017142
320608198
322198619
323779515
325381874
326985249
328583798
330146152
331680693
333158465
334602074
336002249
337345147
338619084
339828505
340962996
342038940
343041732
343966673
344822145
345623896
346345637
346997655
347585030
348164658
348741111
349308039
349873697
350441006
350991805
351553018
352086799
352619945
353142677
353673918
354190935
354698935
355208078
355707696
356195122
356673277
357144193
357612315
358066340
358511475
358963849
359411905
359843451
360274616
360677333
361066842
361437047
361789599
362124244
362446062
362762546
363052487
363299375
363527086
363712125
363848396
363941106
363969173
363927263
363833410
363663357
363447457
363170724
362835063
362468541
362058458
361589066
361071287
360514900
359964736
359399586
358805099
358181910
357529384
356869873
356194868
355484303
354760403
354020247
353273106
352513138
351721166
350900492
350060895
349203264
348324678
347412564
346488131
345526614
344541602
343521411
342485599
341416894
340321773
339189441
338022692
336818859
335573116
334284447
332996413
331694536
330391897
329077447
327765791
326456040
325155941
323867018
322571999
321286759
320029840
318796670
317587630
316416817
315288676
314174505
313086496
312020077
310973470
309947056
308942486
307946933
306949729
305953541
304994691
304046636
303122203
302204501
301314231
300436153
299594905
298773342
297969813
297187112
296426382
295680765
294958770
294239696
293513637
292785419
292059741
291333428
290593145
289839400
289079813
288312733
287531937
286732345
285940881
285151449
284364430
283559758
282749498
281945207
281166062
280398347
279651714
278915114
278209756
277533862
276889845
276267926
275678773
275102447
274543012
273990562
273463258
272952718
272467705
271999456
271546193
271099915
270681577
270270732
269880588
269497810
269134336
268775434
268434520
268090996
267753614
267419928
267095001
266788489
266490903
266190914
265914562
265638758
265373835
265102334
264849030
264602510
264357980
264117830
263891096
263662139
263427926
263189308
262962798
262738238
262516551
262291061
262084773
261900096
261726700
261574991
261438590
261314341
261214229
261128381
261074894
261025066
260988740
260966443
260960838
260982553
261043862
261137927
261283538
261462179
261691817
261961434
262265224
262619590
263000318
263412791
263864871
264374319
264930796
265480993
266046164
266640631
267263722
267916562
268576051
269252177
269962876
270687624
271427728
272175131
272921906
273682728
274450711
275225070
275985967
276741058
277516734
278273828
279043827
279816135
280590424
281370416
282169614
282974619
283808681
284662845
285537103
286440115
287366403
288264443
289160958
290022348
290883524
291715223
292519072
293286734
294019332
294734012
295416161
296053955
296652649
297208541
297694359
298117683
298497646
298822663
299099177
299317185
299492238
299615785
299708153
299777090
299809205
299784456
299714551
299585243
299425762
299203037
298949555
298609038
298211117
297757261
297240134
296654255
296026103
295338234
294621842
293876897
293096237
292307447
291539693
290818624
290132029
289478121
288862858
288282028
287754851
287239792
286778154
286349083
285970234
285634234
285318690
285002832
284730966
284467184
284227638
283976741
283735105
283475018
283220617
282958673
282720052
282483314
282264334
282024383
281803365
281578399
281344987
281126471
280932461
280709077
280516794
280321135
280145363
279975818
279832943
279685242
279572085
279474168
279388062
279321387
279257887
279208865
279184862
279148794
279142698
279143460
279180417
279209373
279259538
279322911
279412954
279516332
279639395
279790779
279977596
280180669
280404951
280640790
280884630
281124152
281353387
281582495
281802840
282007056
282198826
282389072
282558109
282713303
282875482
283028263
283165424
283289038
283402541
283498889
283581371
283647112
283692557
283726344
283742737
283752637
283747129
283725206
283694577
283655389
283608732
283548319
283486273
283423560
283363918
283304071
283241055
283179107
283122879
283070416
283021473
282973340
282927102
282900940
282894427
282910658
282940729
283000532
283099498
283218308
283367450
283545759
283751512
283995103
284243912
284507138
284797748
285096090
285409392
285739304
286082023
286444270
286833958
287239217
287680556
288133807
288613761
289119802
289652254
290208728
290789006
291391949
292011396
292646152
293288829
293942340
294601664
295269638
295945704
296622973
297311961
298015097
298731375
299438154
300154299
300884135
301610726
302348946
303088166
303825721
304579377
305343763
306143834
306965762
307821296
308698750
309599944
310504566
311439355
312384448
313344719
314323453
315299827
316237944
317149572
318029001
318851042
319594353
320267054
320851276
321384676
321791711
322118482
322366894
322542027
322644770
322682489
322620228
322486401
322278263
322004278
321651122
321251504
320794183
320278445
319689791
319058341
318385235
317673654
316894515
316072831
315216337
314309811
313341167
312387905
311398321
310415087
309404929
308390214
307366482
306373841
305372313
304381586
303399489
302432765
301537400
300681919
299871384
299135165
298428918
297787314
297171110
296639361
296124503
295663366
295209595
294740965
294252396
293752651
293217854
292676199
292117399
291553773
291004244
290452556
289913314
289380422
288853753
288347658
287830387
287322133
286820229
286327469
285831153
285361634
284895290
284439868
283984319
283553662
283138118
282728289
282334208
281953462
281573986
281193113
280813510
280435431
280069163
279733502
279414859
279130506
278871807
278642826
278446992
278283289
278150447
278053927
277970615
277906480
277862157
277842853
277842091
277859490
277897209
277933404
277968329
278005540
278030305
278047958
278066246
278079327
278085550
278088664
278092517
278097936
278098044
278098161
278098091
278098100
278098106
278098115
278098130
278098105
278098105
278098986
278098866
278099218
278099434
278099349
278099399
278099380
278099353
278100285
278110584
278141455
278187257
278253749
278342079
278455353
278595488
278744941
278909450
279105652
279317610
279551652
279809006
280088672
280403005
280742743
281102267
281469701
281851300
282248119
282648765
283070121
283515095
283983949
284459205
284949170
285459944
285989700
286526744
