197197315
197240825
197295756
197333706
197326472
197300754
197265824
197213847
197140473
197069014
196998359
196939872
196877185
196802195
196697768
196589055
196503197
196419158
196295039
196147673
195970992
195820455
195717033
195656900
195601600
195542106
195490994
195512383
195664120
195841966
196176148
196589459
197026047
197503716
198082901
198686901
199273309
199872588
200531773
201142593
201809600
202521124
203195219
203878538
204643236
205429433
206225191
207023805
207820506
208657781
209501533
210344196
211188879
212039888
212890570
213738568
214598203
215472631
216325013
217165832
217966526
218796794
219596011
220377412
221166942
221921843
222641339
223358274
224083610
224814010
225544192
226269107
226951052
227645248
228385389
229098681
229780532
230473740
231154600
231811740
232465895
233080355
233653569
234208913
234732924
235185280
235625366
236030471
236361605
236626993
236804511
236875587
236870759
236856393
236856401
236851895
236871043
236880375
236898549
236903911
236915777
236928085
236956369
236965877
236967259
236963385
236961141
236958569
236953753
236951089
236947697
236970677
236971911
236983075
237026348
237033522
237042998
237053252
237052138
237046186
237047026
237040344
237035592
237042586
237035278
237024360
237012578
236998908
236994570
236986362
236999638
237008350
237010888
237003956
236999680
236987290
236982842
236988332
236977512
236971518
236975286
236967256
236980718
236997536
236994258
236995348
236987770
236995198
237008674
237030504
237057812
237090918
237109278
237117152
237117822
237110770
237113032
237105284
237118404
237158014
237192366
237208234
237217990
237228102
237233476
237240048
237242478
237243608
237250096
237260500
237285196
237296992
237286010
237250950
237217152
237198490
237196682
237196434
237185286
237171266
237170636
237173502
237175706
237181140
237181724
237178162
237165860
237162152
237163672
237169482
237177282
237181998
237180154
237169402
237161340
237161766
237167924
237171694
237179390
237194932
237198456
237204542
237208560
237209136
237193870
237185700
237182856
237175652
237166822
237157902
237162248
237172444
237183084
237169154
237138240
237131890
237136342
237143298
237154350
237162210
237166916
237167602
237163032
237155528
237151698
237150962
237155784
237156008
237150840
237158290
237167670
237159024
237149034
237146858
237150760
237158274
237158304
237159940
237158180
237158454
237160042
237159306
237157206
237150502
237149960
237148022
237146634
237150026
237147456
237146592
237148116
237151164
237152180
237154212
237161578
237172246
237180628
237191042
237200186
237205520
237211870
237218728
237225840
237231682
237238286
237244890
237252002
237260130
237269274
237276640
237286800
237294420
237301786
237313470
237320836
237330742
237340140
237348014
237348014
237348014
237348014
237348014
237348014
237348014
237348014
237348014
237348014
237348014
237348014
237348014
237348014
237348014
237348014
237348014
237348014
237348014
237348014
237348014
237348014
237348014
237348014
237348014
237348014
237348014
237348014
237348014
237348014
237348014
237348014
237348014
237348014
237348014
237348014
237348014
237348014
237348014
237348014
237348014
237348014
237348014
237348014
237348014
237348014
237348014
237348014
237348014
237348014
237348014
237348014
237348014
237348014
237348014
237348014
237348014
237348014
237348014
237348014
237348014
237348014
237348014
237348014
237348014
237348014
237348014
237348014
237348014
237348014
237348014
237348014
237348014
237348014
237348014
237348014
237348014
237348014
237348014
237348014
237348014
237348014
237348014
237348014
237348014
237348014
237338362
237310168
237238794
237141512
237003336
236838109
236687741
236492669
236260259
235984542
235658533
235293662
234778804
234168823
233500168
232765092
231825927
230782876
229568756
228230209
226765364
225307311
223845106
222378060
220830762
219235929
217633029
215979980
214308232
212600785
210904833
209262489
207582473
206000356
204354021
202598497
200898667
199169385
197448615
195767183
194025844
192399137
190806854
189205140
187643761
186132542
184706864
183124735
181342901
179598038
178016836
176378041
174370031
172240796
170086697
167818306
165460940
162960010
160251761
157542196
154730343
152116956
149503303
146835195
144350635
141898239
139369631
136724557
134195961
131815586
129686903
127358520
125085906
123117776
121140768
119326495
117643951
116029533
114644751
113285032
111769317
110382411
108878925
107302649
105580574
103693924
101612145
99568032
97536860
95421350
93287118
91261939
89396774
87661550
85805323
83763684
81719367
79773831
77767458
75768408
73801459
71963338
70153247
68501816
66402229
64198026
62638100
61095768
59345175
57594959
56283045
55405501
54137663
52681437
50792723
48656161
47037159
45483388
43885797
42160304
40405822
38932739
37286500
35968669
34673962
33556212
32222451
30548070
28748372
26678582
24287208
21507324
18516758
15354022
12375968
9480920
6426492
3702388
1318451
-1154398
-3702205
-6086615
-8339034
-10526532
-12753637
-14436741
-15943165
-17397331
-18982288
-20502015
-21676293
-22958791
-24219660
-25337922
-26498487
-27799573
-28956905
-30239927
-31667363
-33345742
-35384762
-37162769
-38963532
-40559143
-41726348
-42592075
-43304515
-43941228
-44765367
-45738573
-47000998
-48513214
-50367986
-51912713
-53493266
-55314008
-56352357
-57018978
-57849698
-58915931
-60068844
-60744631
-61306671
-61537204
-61402597
-60940290
-60514695
-59942981
-59217141
-58306539
-57756287
-57318931
-56530655
-55586338
-54432570
-53172464
-51098345
-48732462
-46147799
-43901526
-41601416
-39141191
-36809384
-34688616
-32599572
-30606321
-28768934
-27060753
-25461382
-24066431
-22551030
-20754850
-19213216
-17978126
-16489540
-14642651
-12797086
-10819553
-9068576
-7259792
-5764955
-4145040
-2449147
-543440
1526187
3864562
6185728
8653966
11245704
13459723
15643537
18037387
20118299
21981513
23795806
25488724
27216344
28945964
30666678
32462947
34144370
35856121
37634766
39438197
41583382
43676468
45676530
47468814
49207686
50974013
52431544
53874003
55091154
56372723
57800534
59415346
61189225
63006954
64699072
66112211
67740526
69409638
71136006
72898433
74715641
76590704
78430420
80224319
82365212
84693411
87097703
89349382
91326982
93090977
94891946
96869004
98890061
100905038
102957713
105170048
107520985
109889690
112208994
114524790
116644017
118702915
120788005
123135453
125596338
127994472
130356555
132834283
135496573
138219779
141058944
143939697
146832186
149734483
152593565
155596772
158486629
161405279
164409363
167389863
170213198
172959345
175758382
178453868
181112558
183758833
186297507
188910948
191596015
194293852
197027569
199786596
202425598
204930930
207344929
209854777
212339074
214667984
216857569
218898771
220873505
222367901
223713472
224921753
226046897
226989616
227825778
228521112
229240236
229933672
230534746
231063165
231530144
231898444
232288080
232680383
233019854
233353991
233723688
234085638
234383834
234687745
235016040
235437807
235818680
236159167
236427645
236651673
236846745
237009178
