366710214
366710214
366710214
366710214
366710214
366710214
366710214
366710214
366710214
366710214
366710214
366710214
366710214
366710214
366710214
366710214
366710214
366710214
366710214
366710214
366710214
366710214
366710214
366710214
366710214
366710214
366710214
366710214
366710214
366710214
366710214
366710214
366710214
366710214
366710214
366710214
366710214
366710214
366710214
366710214
366710214
366710214
366710214
366710214
366710214
366710214
366710214
366710214
366710246
366710214
366710214
366710214
366710214
366710214
366710214
366710214
366710214
366710214
366710214
366710214
366710214
366710214
366710214
366710214
366710214
366712754
366713262
366713262
366713262
366713262
366713262
366713262
366713262
366714151
366714151
366714151
366715675
366715675
366715675
366715675
366715675
366716310
366716310
366716564
366716564
366716564
366716564
366716564
366716564
366716564
366716564
366716564
366716564
366716564
366716564
366716564
366716564
366716564
366716564
366716564
366716564
366716564
366716564
366716564
366716564
366716564
366716564
366716564
366716564
366716564
366716564
366716564
366716564
366716564
366716564
366716564
366716564
366716564
366716564
366716564
366716564
366716564
366716564
366716564
366716564
366716564
366716564
366716564
366716564
366716564
366716564
366716564
366716564
366716564
366716564
366716564
366716564
366716564
366716564
366716564
366716564
366716564
366716564
366716564
366716564
366716564
366716564
366716564
366716564
366716564
366716564
366716564
366716564
366716564
366716564
366716564
366716564
366716564
366716564
366716564
366716564
366716564
366716564
366716564
366716564
366716564
366716564
366716564
366716564
366716564
366716564
366716564
366716564
366716564
366716564
366716564
366716564
366716564
366716564
366716564
366716564
366716564
366716564
366716564
366716564
366716564
366716564
366716564
366716564
366716564
366716564
366716564
366716564
366716564
366716564
366716564
366716564
366716564
366716564
366716564
366716564
366716564
366716564
366716564
366716564
366716564
366716564
366716564
366716564
366716564
366716564
366716564
366716564
366716564
366716564
366716564
366716564
366716564
366716564
366716564
366716564
366716564
366716564
366716564
366716564
366716564
366716564
366716564
366716564
366716564
366716564
366716564
366716564
366716564
366716564
366716564
366716564
366716564
366716564
366716564
366716564
366716564
366716564
366716564
366716564
366716564
366716564
366716564
366716564
366716564
366716564
366716564
366716564
366716564
366716564
366716564
366716564
366716564
366716564
366716564
366716564
366716564
366716564
366716564
366716564
366716564
366716564
366716564
366716564
366716564
366716564
366716564
366716564
366716564
366716564
366716564
366716564
366716564
366716564
366716564
366716564
366716564
366716564
366716564
366716564
366716564
366716564
366716564
366716564
366716564
366716564
366716564
366716564
366716564
366716564
366716564
366716564
366716564
366716564
366716564
366716564
366716564
366716564
366716564
366716564
366716564
366716564
366716564
366716564
366716564
366716564
366716564
366716564
366716564
366716564
366716564
366716564
366716564
366716564
366716564
366716564
366716564
366716564
366716564
366716564
366716564
366716564
366716564
366716564
366716564
366716564
366716564
366716564
366716564
366716564
366716564
366716564
366716564
366716564
366716564
366716564
366716564
366716564
366716564
366716564
366716564
366716564
366716564
366716564
366716564
366716564
366716564
366716564
366716564
366716564
366716564
366716564
366716564
366716564
366716564
366716564
366716564
366716564
366716564
366716564
366716564
366716564
366716564
366716564
366716564
366716564
366716564
366716564
366716564
366716564
366716564
366716564
366716564
366716564
366716564
366716564
366716564
366716564
366716564
366716564
366716564
366716564
366716564
366716564
366716564
366716564
366716564
366716564
366716564
366716564
366716564
366716564
366716564
366716564
366716564
366716564
366716564
366716564
366716564
366716564
366716564
366716564
366716564
366716564
366716564
366716564
366716564
366716564
366716564
366716564
366716564
366716564
366716564
366716564
366716564
366716564
366716564
366716564
366716564
366716564
366716564
366716564
366716564
366716564
366716564
366716564
366716564
366716564
366716564
366716564
366716564
366716564
366716564
366716564
366716564
366716564
366716564
366716564
366716564
366716564
366716564
366716564
366716564
366716564
366716564
366716564
366716564
366716564
366716564
366716564
366716564
366716564
366716564
366716564
366716564
366716564
366716564
366716564
366716564
366716564
366716564
366716564
366716564
366716564
366716564
366716564
366716564
366716564
366716564
366716564
366716564
366716564
366716564
366716564
366716564
366716564
366716564
366716564
366716564
366716564
366716564
366716564
366716564
366716564
366716564
366716564
366716564
366716564
366716564
366716564
366716564
366716564
366716564
366716564
366716564
366716564
366716564
366716564
366716564
366716564
366716564
366716564
366716564
366716564
366716564
366716564
366716564
366716564
366716564
366716564
366716564
366716564
366716564
366716564
366716564
366716564
366716564
366716564
366716564
366716564
366716564
366716564
366716564
366716564
366716564
366716564
366716564
366716564
366716564
366716564
366716564
366716564
366716564
366716564
366716564
366716564
366716564
366716564
366716564
366716564
366716564
366716564
366716564
366716564
366716564
366716564
366716564
366716564
366716564
366716564
366716564
366716310
366716310
366716310
366716310
366715421
366713262
366713008
366712119
366710341
366710341
366710341
366710341
366710341
366707547
366706658
366705769
366705769
366705769
366705769
366705769
366705769
366705769
366705769
366705769
366705769
366705769
366705769
366705769
366705769
366705769
366705769
366705769
366705769
366705769
366705769
366705769
366705769
366705769
366705769
366705769
366705769
366705769
366705769
366705769
366705769
366705769
366705769
366705769
366705769
366705769
366705769
366705769
366705769
366705769
366705769
366705769
366705769
366705769
366705769
366705769
366705769
366705769
366705769
366705769
366705769
366705769
366705769
366705769
366705769
366705769
366705769
366705769
366705769
366705769
366705769
366705769
366705769
366705769
366705769
366705769
366705769
366705769
366705769
366705769
366705769
366705769
366705769
366705769
366705769
366705769
366705769
366705769
366705769
366705769
366705769
366705769
366705769
366705769
366705769
366705769
366705769
366705769
366705769
366705769
366705769
366705769
366705769
366705769
366705769
366705769
366705769
366705769
366705769
366705769
366705769
366705769
366705769
366705769
366705769
366705769
366705769
366705769
366705769
366705769
366705769
366705769
366705769
366705769
366705769
366705769
366705769
366705769
366705769
366706011
366705769
366705824
366705769
366705769
366705769
366705769
366705769
366705769
366705769
366705769
366705769
366705769
366705769
366705769
366705769
366705769
366705769
366705769
366705769
366705769
366705769
366705769
366705769
366705769
366705769
366706023
366706023
366706023
366706023
366706912
366709071
366709325
366710214
366711992
366711992
366711992
366711992
366711992
366714786
366715675
366716564
366716564
366716564
366716564
366716564
366716564
366716564
366716564
366716564
366716564
366716564
366716564
366716564
366716564
366716564
366716564
366716564
366716564
366716564
366716564
366716564
366716564
366716564
366716564
366716564
366716564
366716564
366716564
366716564
366716564
366716564
366716564
366716564
366716564
366716564
366716564
366716564
366716564
366716564
366716564
366716564
366716564
366716564
366716564
366716564
366716564
366716564
366716564
366716564
366716564
366716564
366716564
366716564
366716564
366716564
366716564
366716564
366716564
366716564
366716564
366716564
366716564
