60086866
60044673
60065672
60149395
60261216
60344044
60391512
60502075
60618542
60738262
60850147
60964611
61082802
61201779
61316997
61429119
61544053
61668699
61786705
61886347
61974373
62083767
62215286
62360601
62492234
62597382
62718930
62845169
62968592
63090126
63206997
63324852
63443053
63560865
63682391
63802782
63923210
64041097
64158518
64275749
64390476
64505294
64618555
64731672
64847883
64961968
65070538
65175538
65277781
65377185
65479905
65580630
65677880
65768731
65856566
65948345
66043909
66137858
66231301
66323593
66414049
66503875
66589608
66673885
66763663
66857779
66957095
67055543
67150698
67237797
67320458
67408599
67495433
67580715
67660033
67731773
67804874
67876576
67949091
68023564
68099863
68177696
68256475
68335669
68414062
68490435
68569259
68652686
68737063
68818899
68903272
68986336
69073299
69155361
69236037
69315958
69393107
69467028
69588658
69734688
69820684
69907913
69983004
70059514
70139657
70221981
70308681
70392366
70473812
70551488
70628831
70709073
70794595
70880789
70963806
71046992
71130363
71213039
71295987
71377829
71454078
71525995
71595557
71662834
71730533
71793026
71858123
71926960
71991292
72059504
72130626
72178005
72273052
72330906
72308720
72249117
72305760
72523245
72701038
72760620
72843545
72899105
72969792
73061224
73106675
73151947
73197963
73244284
73286425
73327988
73372882
73416042
73459740
73500751
73543233
73589525
73634413
73678769
73723469
73766818
73811023
73853403
73895468
73936918
73979185
74020542
74062406
74103117
74139918
74176518
74215074
74253937
74293618
74334873
74374767
74415092
74458954
74504713
74551955
74598617
74646676
74697245
74750519
74807814
74865431
74924819
74987262
75047394
75106689
75162664
75220472
75280974
75341422
75401236
75466822
75534414
75603371
75671221
75739532
75810304
75888420
75964088
76039139
76109600
76181386
76252079
76326917
76410143
76490302
76567217
76646575
76721684
76802592
76881306
76956836
77036909
77112763
77178994
77246811
77311648
77379011
77450980
77518114
77588346
77657743
77730662
77806466
77882390
77956292
78029942
78106884
78177966
78249345
78317611
78387447
78456560
78524069
78589503
78656212
78718792
78781939
78845654
78907966
78967671
79026999
79083422
79143621
79200939
79253405
79303179
79356995
79415327
79476252
79535024
79592463
79649541
79705721
79760416
79818010
79876405
79937875
79996825
80059147
80122509
80184679
80249998
80316594
80380524
80477024
80535746
80594607
80726945
80927582
81072044
81167042
81230317
81357446
81420880
81485664
81552664
81622126
81689570
81759309
81825370
81890282
81950889
82012442
82072791
82134486
82197219
82266919
82335373
82403909
82470510
82536400
82599588
82659834
82720220
82782565
82844394
82905946
82964404
83022855
83079710
83139416
83199136
83253134
83274484
83253601
83166761
83056124
82980615
82920325
82864956
82729038
82538873
82278915
82003885
81688058
81341978
80974905
80615203
80266651
79911152
79557823
79195074
78847480
78481946
78141262
77822284
77531078
77270699
77049825
76866589
76680416
76482534
76304292
76113997
75895281
75706756
75597826
75540802
75516997
75528613
75545852
75556646
75559885
75604873
75645555
75684956
75726034
75762541
75798420
75838041
75870762
75877658
75859324
75826175
75787386
75748975
75712340
75666401
75612173
75550212
75495497
75457940
75431537
75395293
75343548
75277509
75210674
75147179
75087691
75031902
74979152
74924076
74884340
74842073
74799523
74764493
74727795
74707756
74718330
74749560
74785427
74822222
74864528
74904954
74949699
74995102
75039562
75071246
75093749
75114907
75141903
75165243
75184655
75199261
75217127
75228531
75243550
75256398
75273190
75287192
75306271
75327769
75352744
75374527
75391486
75405369
75417836
75428655
75437763
75448223
75462065
75474178
75482574
75486145
75487337
75485682
75486159
75488561
75497174
75502731
75510206
75517464
75529190
75533756
75540800
75541857
75543458
75547487
75553164
75560167
75571791
75580280
75591483
75599991
75610162
75616346
75622661
75619641
75618043
75619286
75647913
75715313
75843496
75987010
76102215
76202232
76302806
76467071
76669227
76927706
77197813
77498207
77821583
78157044
78486117
78807847
79139532
79463732
79795874
80114522
80439008
80722534
80983646
81224551
81452175
81658478
81838532
82010750
82186908
82334946
82495116
82679373
82840322
82932150
82979389
82998626
82986864
82964461
82948634
82933059
82882997
82826557
82769900
82709994
82650233
82585123
82517396
82450846
82403868
82379594
82366672
82355749
82349318
82343043
82344038
82348467
82358548
82369853
82387123
82408780
82433382
82457187
82483337
82504045
82520998
82532257
82540830
82545839
82552855
82542212
82533270
82521331
82501282
82479242
82441880
82379892
82301549
82220878
82140901
82058800
81975603
81890957
81806384
81719632
81638801
81555129
81472106
81386987
81300856
81211005
81120660
81030967
80941465
80847847
80754199
80652031
80551846
80451069
80350436
80248271
80145538
80034901
79923585
79810064
79696819
79578558
79457213
79332293
79208465
79083077
78958663
78833222
78706251
78579292
78453759
78331963
78214483
78091566
77968985
77842977
77719278
77593898
77467267
77335012
77204104
77070364
76933871
76797491
76663267
76528522
76393907
76256453
76122016
75986957
75850059
75712768
75577950
75440438
75301294
75161465
75025145
74888884
74751790
74610635
74471931
74331061
74188933
74044078
73901119
73758958
73619532
73477639
73335980
73190421
73044579
72900199
72752817
72604017
72450442
72291695
72131420
71969270
71810233
71652132
71490267
71321675
71155373
70991938
70825494
70651663
70477763
70301743
70123960
69938439
69753446
69561130
69367075
69166029
68969131
68775405
68582357
68391321
68200600
68013576
67830878
67646818
67463108
67277400
67090774
66900402
66703753
66502226
66303936
66101639
65900113
65698235
65501262
65299850
65096123
64889473
64686904
64483783
64281098
64076350
63871898
63670689
63476515
63284750
63095435
62907572
62722060
62535867
62349380
62159891
61975503
61790957
61609321
61431116
61254652
61079140
60905557
60728213
60557308
60389092
60224642
60061605
59900857
59741592
59582498
59427612
59279111
59130921
58988053
58843736
58704086
58567608
58430419
58293024
58165305
58038496
57916001
57790211
57668222
57547614
57435028
57323832
57214600
57103599
56994512
56888724
56789048
56687063
56582797
56473522
56371525
56270504
56174601
56077028
55979485
55880601
55789004
55700943
55617478
55537160
55459960
55384665
55312036
55241652
55173782
55105807
55043884
54987494
54934965
54882265
54834292
54790872
54751262
54711740
54676752
54646449
54620512
54596166
54575886
54558937
54544001
54532962
54527168
54520993
54518100
54516126
54520079
54527439
54542036
54560495
54581093
54606697
54638362
54674834
54720563
54769380
54816764
54865634
54919383
54976478
55038239
55106814
55183604
55263568
55345011
55429044
55522947
55621637
55727796
55838545
55960332
56084242
56206593
56329414
56453938
56584122
56720342
56863782
57011791
57158813
57312304
