30303978
30368748
30079188
30386274
30466030
30187011
30494478
30570805
30293564
30610810
30713426
30438979
30799532
30891226
30578425
30935168
31024830
30736921
31073217
31117540
30754447
31092775
31137606
30835981
31200344
31277179
30954472
31301055
31354522
31026608
31348172
31447994
31144591
31476823
31576772
31282005
31602426
31686500
31402528
31759398
31837503
31520765
31891351
31944437
31627699
31983299
32050736
31720790
32062547
32126555
31822898
32169862
32267017
31946596
32299021
32356171
32059880
32416242
32514413
32213677
32585025
32654748
32361505
32717232
32812228
32514921
32877125
32977074
32669226
33021143
33111821
32779462
33124394
33206817
32908875
33252537
33334198
32997521
33342453
33429956
33124648
33482026
33540954
33209484
33559623
33648269
33316799
33659445
33751139
33420812
33768665
33844230
33507807
33840039
33926780
33594294
33881314
33953831
33623250
33895411
33971484
33644840
33907984
33982660
33659826
33920049
33999043
33656016
33920557
33990153
33650682
33875980
33961832
33648396
33886775
33986597
33712658
33946211
34037016
33751520
33975929
34065972
33780476
33999551
34076259
33733740
33950275
34017204
33678876
33933384
33999932
33660207
33882584
33985200
33666303
33939734
34029015
33725866
33950910
34040953
33729676
34008060
34116264
33775904
34031428
34141791
33781111
34031555
34105088
33706435
33948497
34063305
33674177
33898459
33963102
33581594
33819338
33895792
33521015
33760918
33828609
33436814
33695005
33793430
33424495
33667319
33753171
33339405
33568259
33631124
33245298
33468564
33543113
33123378
33338770
33388046
32976312
33193736
33265618
32846010
33077404
33124775
32703897
32949261
33008062
32597598
32869886
32939228
32532955
32770445
32845375
32445325
32723201
32800417
32399605
32651446
32718629
32312864
32606234
32674560
32280352
32551243
32644969
32228155
32520001
32603059
32215455
32496125
32578040
32186245
32468058
32558990
32187515
32481266
32565975
32138366
32425894
32534225
32135445
32421576
32512000
32120332
32403161
32493712
32124777
32432371
32542607
32128079
32405066
32490537
32097599
32306768
32362775
31997269
32203009
32257619
31892494
32101663
32159829
31798260
32038163
32096075
31700978
31947612
32005905
31614999
31865062
31930594
31524067
31798641
31888303
31493079
31751397
31827978
31405957
31640399
31677737
31255081
31541974
31593663
31193867
31454725
31484697
31111063
31409767
31441771
31038673
31343727
31377763
30988127
31291530
31344489
30929326
31251017
31301436
30910022
31234380
31278449
30870144
31175071
31209234
30808041
31124652
31190184
30806517
31135193
31182818
30783784
31105348
31165673
30777434
31119445
31170880
30775656
31100268
31141162
30763718
31084647
31121731
30742636
31062422
31097093
30714442
31038292
31072709
30685486
31003875
31036260
30645481
30958790
30985841
30592903
30939740
30951805
30564201
30869763
30904307
30496256
30821376
30833822
30428184
30740223
30769941
30379035
30684089
30708727
30353254
30652212
30663007
30322520
30674056
30687137
30327092
30651196
30661483
30317186
30629860
30663642
30313376
30612715
30618557
30289881
30618557
30628590
30315154
30608270
30646370
30369510
30644211
30697551
30431994
30707076
30759019
30496510
30781371
30858968
30601412
30929580
30995239
30701107
31025465
31087695
30819725
31123636
31140908
30798262
31104205
31123382
30843220
31175198
31226379
30932374
31246826
31274893
30989651
31279084
31353887
31095696
31395797
31470981
31219648
31507938
31567247
31331916
31656909
31709614
31442152
31780861
31808547
31541974
31865697
31907734
31629477
31939357
31977965
31724727
32040068
32111569
31841186
32161988
32193484
31946850
32271335
32344106
32092900
32431863
32476186
32232092
32555434
32625030
32378015
32708088
32782637
32525462
32845756
32911034
32629856
32943165
33000188
32754062
33066355
33122616
32838644
33152207
33214310
32960691
33286446
33319720
33039050
33358328
33421320
33140142
33454467
33521142
33240599
33563179
33613725
33326832
33635823
33696910
33413192
33677733
33723834
33441513
33697291
33747710
33469072
33720786
33771078
33496631
33750504
33808416
33512252
33771967
33818576
33523809
33742249
33803336
33534223
33762188
33836610
33606994
33827847
33892998
33650555
33861502
33925891
33679257
33883600
33934908
33629600
33829244
33871154
33569783
33805622
33846770
33540065
33742503
33819719
33527873
33780857
33844738
33567243
33770824
33835467
33549844
33806511
33889315
33581721
33815274
33900237
33581213
33809432
33857565
33506156
33725485
33814639
33474279
33675574
33714563
33387030
33601533
33651952
33333690
33549844
33591881
33257109
33491297
33564068
33252664
33471739
