363489200
363450758
363424743
363397977
363372233
363347332
363323922
363298994
363278039
363258862
363240828
363226223
363213965
363200587
363189400
363179675
363176436
363165808
363161597
363158121
363155535
363150286
363147483
363141153
363134727
363127344
363117519
363110927
363106912
363100705
363093578
363086773
363083784
363083875
363083791
363082007
363081434
363082743
363081755
363080012
363078140
363072178
363067991
363065588
363065330
363058836
363043297
363027443
363018623
363000678
362964437
362932712
362899568
362865738
362836723
362810980
362788462
362765129
362734691
362713998
362693413
362680813
362665638
362648153
362639495
362634626
362623936
362613740
362612938
362609513
362605371
362599482
362598599
362595045
362590354
362586564
362579394
362581699
362586094
362584237
362586407
362587346
362585681
362591313
362587515
362588943
362590306
362591034
362591534
362591158
362592969
362593725
362594002
362593970
362594728
362596344
362595694
362599401
362598730
362599281
362599356
362599888
362599995
362600562
362599155
362598862
362597751
362595977
362595167
362594179
362594475
362592083
362592509
362588917
362582259
362581211
362581442
362581564
362581962
362581935
362582087
362581682
362582932
362583059
362582768
362582821
362583690
362583314
362584839
362600842
362631199
362666956
362719789
362772632
362830858
362899738
362966352
363034796
363119033
363209676
363298934
363399285
363525290
363658026
363791745
363925750
364034760
364124494
364237778
364343188
364442248
364529370
364617000
364689263
364752890
364812707
364868841
364925610
364986570
365030385
365068866
365094901
365121698
365147352
365172244
365195612
365220504
365241459
365260636
365278670
365293275
365307372
365320453
365331375
365340392
365343821
365354652
365358934
365362236
365364776
365369983
365372777
365379000
365385477
365392843
365402749
365409226
365413290
365419513
365426625
365433610
365436404
365436404
365436404
365438182
365440341
365440341
365441230
365442754
365445294
365451517
365455454
365457867
365463455
365469678
365484791
365500285
365509048
365526828
365563023
365594773
365628428
365661702
365690785
365716312
365739045
365763302
365793147
365813213
365833660
365846487
365860965
365878491
365887127
365892080
365902875
365913289
365914559
365917353
365921417
365927513
365928148
365932085
365936403
365940086
365947198
365947198
365947198
365947198
365947198
365947198
365947198
365947198
365947198
365947198
365947198
365947198
365947198
365947198
365947198
365947198
365947198
365947198
365947198
365947198
365947198
365947198
365947198
365947198
365947198
365947198
365947198
365947198
365947198
365947198
365947198
365947198
365947198
365947198
365947198
365947198
365947198
365947198
365947198
365947198
365947198
365947198
365947198
365947198
365947198
365947198
365947198
365947198
365947198
365947198
365947198
365947198
365947198
365947198
365947198
365947198
365947198
365947198
365947198
365947198
365947198
365947198
365947198
365947198
365947198
365947198
365947198
365947198
365947198
365947198
365947198
365947198
365947198
365947452
365947452
365947452
365947452
365947452
365947452
365947452
365947452
365947452
365947452
365947452
365947452
365947452
365947452
365947452
365947452
365947452
365947452
365947452
365947452
365947452
365947452
365947452
365947452
365947452
365947452
365947452
365947452
365947452
365947452
365947452
365947452
365947452
365947452
365947452
365947452
365947452
365947452
365947452
365947452
365947452
365947452
365947452
365947452
365947452
365947452
365947452
365947452
365947452
365947452
365947452
365947452
365947452
365947452
365947452
365947452
365947452
365947452
365947452
365947452
365947452
365947452
365947452
365947452
365947452
365947452
365947452
365947452
365947452
365947452
365947452
365947452
365947452
365947452
365947452
365947452
365947452
365947452
365947452
365947452
365947452
365947452
365947452
365947452
365947452
365947452
365947452
365947452
365947452
365947452
365947452
365947452
365947452
365947452
365947452
365947452
365947452
365947452
365947452
365947452
365947452
365947452
365947452
365947452
365947452
365947452
365947452
365947452
365947452
365947452
365947452
365947452
365947452
365947452
365947452
365947452
365947452
365947452
365947452
365947452
365947452
365947452
365947452
365947452
365947452
365947452
365947452
365947452
365947452
365947452
365947452
365947452
365947452
365947452
365947452
365947452
365947452
365947452
365947452
365947452
365947452
365947452
365947452
365947452
365947452
365947452
365947452
365947452
365947452
365947452
365947452
365947452
365947452
365947452
365947452
365947452
365947452
365947452
365947452
365947452
365947452
365947452
365947452
365947452
365947452
365947452
365947452
365947452
365947452
365947452
365947452
365947452
365947452
365947452
365947452
365947452
365947452
365947452
365947452
365947452
365947452
365947452
365947452
365947452
365946817
365946563
365946563
365945928
365945674
365944531
365944531
365944277
365944277
365944277
365944277
365944023
365944023
365941864
365941864
365941864
365941864
365941864
365941864
365941864
365941864
365941864
365941864
365941864
365941864
365941864
365941864
365941864
365941864
365941864
365941864
365941864
365941229
365941229
365941229
365941229
365941229
365938435
365937546
365937546
365937546
365937546
365937546
365937546
365937546
365937546
365937546
365937546
365937546
365937546
365937546
365937546
365937546
365937546
365937546
365937546
365937546
365937546
365937546
365937546
365937546
365937546
365937546
365937546
365937546
365937546
365937546
365937546
365937546
365937546
365937546
365937546
365937546
365937648
365937567
365937546
365937546
365937546
365937546
365937546
365937546
365937546
365937546
365937546
365937546
365937546
365937546
365937546
365937546
365937546
365937546
365937546
365937546
365937546
365937546
365937546
365937546
365937546
365937546
365937546
365937546
365937546
365937546
365937546
365937546
365937546
365937546
365936911
365936991
365937023
365936911
365936911
365936911
365936911
365936911
365936911
365936911
365936911
365936911
365936911
365936911
365936911
365936911
365936657
365936657
365936657
365936657
365936403
365934879
365921671
365893731
365854361
365814483
365763048
365706279
365643795
365565182
365485172
365394567
365298702
365195329
365076096
364959324
364839051
364716474
364600280
364491882
364383184
364280718
364192818
364103943
364023183
363940423
363849174
363770486
363687616
363621325
363556563
363501966
363458088
363413421
363373035
363338110
363303566
363273848
363245146
363221270
363198537
363174534
363153833
363134768
363123300
363113456
363103071
363097310
363092151
363081777
363077219
363074781
363066824
363062783
363058398
363056199
363054294
363052399
363049274
363043397
363036920
363028294
363017841
363008286
363005417
363005628
363005792
363004119
363002839
363004602
362999657
362992403
362981692
362975555
362971080
362962116
362952334
362943706
362933508
362922713
362910741
362884707
362854522
362824508
362794643
362765988
362747022
362720694
362683006
362656680
362633371
362615426
362603213
362596081
362581391
362566522
362553563
362553130
362545673
362535495
362531271
362528894
362522338
362510762
362502438
362496614
362491434
362483609
362479539
362483086
362487642
362485019
362486883
362488613
362490729
362492556
362489620
362491551
362493375
362492438
362493289
362494374
362494306
362495609
362496332
362496935
362497401
362497172
362498419
362499660
362497670
362498668
362499403
362500152
362500720
362501031
362501245
362501470
362498997
362498224
362497921
362496672
362495746
362493229
362495304
362488856
362480731
362480157
362480548
362479979
362480269
362480799
362480604
362480540
362482027
362481653
362481490
362480902
362481563
362480980
362482926
362495981
362524632
362563463
362603701
362655515
362713312
362774122
362855610
362934205
363026312
363123810
363225714
