9297494
9277294
9179567
9129808
9186494
9209406
9182070
9180820
9125285
9114729
9119763
9097845
9007788
9024241
8844605
8614711
8592491
8374510
8048785
7933912
7655660
7301798
7293793
6980827
6615053
6525624
6331643
6086843
6056603
5910659
5637061
5710640
5659795
5546247
5563352
5519639
5387696
5453538
5475101
5382479
5397903
5348751
5221542
5236809
5318865
5320414
5331431
5226468
5234136
5346070
5468978
5466427
5704789
5827867
5837548
5983279
6149192
6239514
6381297
6617316
6622042
6824227
7046587
6983157
7279569
7501759
7488124
7712669
7978848
7853858
8016144
8199286
8204711
8387037
8502320
8615346
8725814
8897529
8856040
8963677
9097521
9149361
9209407
9249384
9186718
9199984
9266814
9311558
9366328
9351954
9294335
9215498
9196511
9255629
9304079
9250441
9307484
9327393
9296213
9299025
9266625
9213250
9135534
9069199
9002158
8976022
8883580
8847421
8822065
8819676
8822526
8771484
8724306
8678892
8622690
8651595
8640547
8698219
8722242
8759748
8740308
8734526
8739302
8781501
8767381
8754351
8684921
8623385
8616823
8587076
8553277
8559982
8580101
8557087
8481601
8427904
8511048
8549225
8561638
8560481
8535445
8557425
8576379
8544020
8492271
8490984
8358699
8156738
8133249
7913893
7608687
7522142
7240304
6912911
6903329
6612795
6270816
6164257
6001665
5769118
5736382
5604167
5356263
5437201
5401992
5327546
5320261
5315172
5222640
5265655
5321291
5218749
5237650
5210450
5103911
5107527
5203667
5256251
5237289
5129739
5151402
5246767
5321673
5327288
5525183
5639371
5653277
5781180
5918321
6016062
6126340
6331111
6350164
6530574
6708786
6661172
6935484
7113548
7115087
7309181
7572421
7448266
7596137
7755012
7753420
7908955
8004387
8101686
8218597
8348378
8331798
8400040
8522224
8577625
8615593
8643745
8584167
8570104
8626800
8641506
8692008
8652147
8600343
8513059
8499464
8576304
8608862
8552425
8615247
8615437
8586951
8594425
8555408
8506944
8440080
8329143
8275325
8251708
8188010
8118490
8127158
8089691
8113893
8060589
8014662
7971308
7904106
7925492
7920542
7955186
7989372
8015187
8030181
8022134
8016974
8079874
8048057
8047310
7985559
7883867
7900323
7859044
7824229
7842252
7860816
7839942
7772428
7718221
7806208
7859660
7900986
7905220
7902560
7937846
7962005
7958487
7944882
7930761
7801683
7627330
7622232
7408176
7138622
7025308
6789240
6488820
6470291
6193159
5874778
5768201
5624479
5416800
5391638
5280691
5053086
5114448
5112684
5047493
5057602
5050984
4968649
5009634
5073869
5013951
5022475
5014364
4945378
4980052
5064460
5107240
5090544
4987470
5003431
5063642
5125130
5110543
5313509
5386731
5408910
5512722
5646623
5722985
5820419
6019899
6018436
6180356
6354839
6290939
6556398
6698062
6705104
6873580
7127284
7015978
7118359
7263529
7275886
7401971
7466010
7582336
7674529
7796287
7766792
7823676
7916014
7962667
7985964
7992487
7925837
7894521
7917238
7937377
7971666
7956035
7918345
7818099
7826008
7870766
7910964
7855703
7905632
7902047
7861949
7888809
7847159
7792540
7728732
7630587
7572479
7558497
7487631
7433695
7405308
7385875
7400725
7354881
7302151
7250347
7189579
7219342
7198914
7269056
7272863
7320821
7335154
7329703
7315544
7363619
7325185
7331754
7253389
7178125
7162677
7153090
7099413
7130299
7170702
7146726
7061823
6998115
7089718
7168466
7185480
7207210
7221941
7285625
7340404
7340865
7324639
7326108
7205617
7059332
7054098
6861572
6616368
6515540
6256828
5995692
5982219
5729222
5435496
5331538
5198292
5021455
4994185
4895050
4687918
4738724
4745415
4714235
4705234
4721356
4662905
4713557
4790791
4788606
4805556
4807579
4749764
4775078
4858744
4906666
4882362
4775555
4787307
4856759
4906961
4872624
5053236
5123208
5128088
5220482
5318487
5429223
5493714
5647712
5673486
5824352
5965660
5894860
6134830
6262911
6273366
6409521
6633982
6517284
6595832
6716381
6733250
6852345
6911149
7016385
7085068
7178828
7151642
7179484
7277383
7311324
7322177
7304338
7234602
7184567
7217899
7228212
7281892
7247704
7194184
7105331
7097806
7142416
7177503
7127768
7199059
7180417
7161858
7177053
7150458
7096146
7020849
6938750
6874705
6821862
6773659
6719196
6674887
6653775
6685275
6633497
6583351
6520746
6450669
6498093
6478670
6530962
6555201
6594344
6609687
6582348
6579950
6611837
6607767
6586035
6497965
6431212
6448795
6401594
6368392
6399730
6428439
6389017
6312856
6261651
6352984
6432683
6469990
6482097
6560129
6612063
6654742
6704032
6712514
6694440
6598789
6460112
6459969
6284940
6077532
5966961
5770244
5512166
5497836
5262619
5001289
4876680
4756866
4612429
4576542
4486501
4306584
4364826
4384662
4363740
4364315
4392981
4393803
4434353
4535138
4538048
4565761
4556798
4501819
4539931
4616778
4668157
4640057
4541026
4551604
4624539
4661116
4647908
4815355
4837426
4851241
4940142
5013885
5090913
5155558
5300487
5324191
5458359
5548700
5502341
5705768
5812665
5814866
5953500
6150359
6023115
6118699
6211576
6212877
6316921
6341895
6469454
6490852
6577847
6541825
6557868
6621362
6654630
6645897
6586955
6528726
6460917
6495273
6536240
6583449
6546128
6485251
6391891
6382361
6449159
6476393
6423567
6484159
6464167
6445940
6450040
6441732
6378153
6287322
6231893
6158930
6110824
6033680
5983961
5966723
5930621
5956325
5918592
5860914
5807385
5731254
5767592
5753619
5807467
5828081
5838356
5837991
5848741
5816516
5879460
5854032
5847077
5756169
5713489
