40759858
40861176
40918140
40951977
41001436
40952732
40769502
40556992
40487503
40681555
41238874
42165556
43142677
44079189
44843857
45406820
45896276
46397204
46749297
46969285
46865286
46665111
46496428
46485898
46648321
46874286
47168517
47557298
47956874
48338443
48622572
48816871
48931415
48960349
48855026
48622098
48250632
47725823
47050680
46283632
45468362
44746158
44179607
43725756
43380075
43133060
43013475
43055868
43181843
43418999
43675644
43893007
44058374
44115851
44119259
44026723
43835122
43611478
43293825
42910419
42554144
42267431
41887958
41428200
40870635
40224538
39745756
39466072
39342185
39203147
39127772
39267261
39460961
39410565
39441651
39421043
39464056
39558302
39645629
39588220
39473679
39405849
39376046
39392253
39482789
39597966
39736546
39895957
40052512
40207924
40423640
40616752
40767098
40906434
41040685
41160700
41260522
41335532
41394857
41418979
41402849
41365926
41300991
41224681
41124051
41031206
40935345
40865889
40800283
40721580
40674181
40695430
40708910
40724188
40748284
40768604
40792859
40816719
40821567
40738951
40591357
40471203
40575391
41029891
41923548
42920399
43913302
44738540
45323382
45800951
46205761
46567240
46911652
46922309
46746077
46520120
46477231
46610132
46810219
47074565
47459441
47889876
48253095
48546274
48739460
48854195
48920833
48865107
48666917
48314539
47828259
47180454
46435161
45659694
44936755
44364151
43916964
43559701
43268837
43115341
43138031
43261140
43443516
43669224
43918451
44096556
44216067
44226047
44150903
