43551884
43597508
43639054
43678496
43718003
43773616
43828340
43885568
43939675
43987932
44039667
44089129
44139215
44190267
44241897
44289741
44336127
44379962
44424558
44469013
44517066
44565569
44615827
44666602
44719713
44771938
44832548
44891738
44953079
45011218
45057460
45103937
45146639
45191914
45238199
45280195
45327068
45380483
45430858
45474599
45518779
45559925
45601780
45644421
45688236
45730056
45773101
45816897
45860989
45907438
45954255
45998743
46044360
46092684
46142558
46192177
46242067
46290814
46347554
46407417
46469563
46524553
46571564
46615387
46666060
46713305
46767168
46821313
46878109
46932719
46989193
47042027
47096043
47146671
47197140
47243570
47291740
47339768
47389003
47437853
47487563
47536384
47586324
47634710
47683344
47736005
47790398
47843538
47894099
47948827
48003995
48056490
48108961
48158078
48204685
48245160
48281406
48319624
48364317
48410743
48456581
48499232
48544442
48591468
48643014
48692732
48746644
48808075
48876710
48941059
48997938
49044506
49089336
49135037
49179768
49220405
49261253
49301729
49346881
49390335
49432753
49473765
49517668
49561921
49606236
49649346
49690946
49728904
49770405
49805992
49847118
49879443
49918312
49967677
50023782
50078221
50130256
50170524
50210757
50255917
50295803
50340164
50376560
50418314
50459280
50497621
50534661
50569389
50609453
50650894
50693048
50733111
50775393
50818125
50861709
50904901
50949845
50993985
51032258
51068941
51104413
51136628
51169979
51197296
51224550
51249581
51275463
51307260
51334781
51364721
51392774
51419659
51452555
51481310
51507348
51535436
51567295
51595948
51628498
51660258
51693780
51726273
51762098
51798753
51836661
51872290
51908430
51943890
51980048
52014789
52049482
52081334
52114369
52144471
52175512
52199430
52220905
52241479
52267850
52302394
52337398
52373986
52416440
52445489
52473510
52499465
52525268
52547510
52570975
52593187
52621888
52655811
52693145
52728369
52760312
52787889
52817576
52846216
52875630
52902935
52931288
52958097
52986438
53013992
53041353
53067686
53093611
53117913
53143356
53168410
53193665
53218643
53243715
53267754
53293201
53318761
53344646
53369909
53395461
53417279
53437048
53452931
53469981
53484034
53493376
53499383
53508592
53522648
53543852
53563413
53584357
53604375
53625184
53643592
53664129
53684475
53709035
53734555
53759813
53782675
53806056
53829495
53852736
53874865
53896710
53913421
53935134
53954451
53980349
54000478
54014677
54026571
54032971
54043045
54083605
54122994
54147848
54181484
54204124
54238232
54267409
54292595
54312345
54333336
54357895
54378613
54398767
54417692
54436102
54451569
54468765
54483298
54498204
54512880
54527841
54545662
54572105
54614915
54668935
54720116
54754629
54763491
54751194
54741097
54747799
54768659
54792130
54811100
54829759
54850303
54871805
54889582
54905121
54918628
54933583
54946327
54961290
54976148
54991250
55004065
55018193
55029010
55040265
55050264
55061172
55071490
55083116
55094099
55106186
55117299
55130685
55143145
55156594
55169689
55182474
55192024
55201492
55211532
55218805
55221310
55232204
55242638
55255523
55268410
55281849
55293505
55304470
55310561
55312241
55311021
55308668
55307278
55317747
55330906
55340846
55346874
55358523
55367005
55375018
55380213
55384529
55386532
55389250
55391650
55396208
55399640
55403032
55404551
55408495
55412964
55416635
55423469
55436337
55447451
55457854
55462694
55466816
55468266
55473665
55479194
55487505
55494105
55495957
55496521
55496049
55496463
55498993
55498030
55498454
55498645
55499255
55498136
55497070
55494239
55490918
55488393
55486296
55483982
55482676
55478907
55476486
55472565
55470213
55468269
55466485
55464088
55463817
55462409
55457325
55456784
55454148
55435732
55420320
55412050
55399613
55388616
55374200
55359693
55349422
55341968
55337804
55331454
55330639
55339986
55348465
55358807
55358786
55353040
55353268
55350947
55348565
55342460
55337291
55329557
55323046
55316995
55312337
55306008
55299303
55290259
55281644
55272095
55264116
55255825
55248979
55240722
55232793
55223236
55211970
55200822
55192234
55182310
55172443
55161617
55151754
55140992
55132491
55122201
55113782
55104370
55095332
55083520
55070181
55054538
55039430
55023426
55008495
54993360
54980566
54966247
54951549
54934565
54918418
54900983
54884051
54866601
54849788
54832815
54817963
54802272
54787479
54771927
54757752
54742759
54728343
54713268
54697727
54683019
54665966
54643493
54618390
54595479
54578642
54554750
54532574
54508623
54499322
54484407
54474389
54456438
54433054
54410475
54385144
54359448
54333472
54306041
54278503
54252975
54221992
54183079
54146069
54107729
54075177
54041715
54012048
53980482
53951004
53919501
53887368
53856674
53829024
53800184
53772160
53744100
53718727
53691739
53661270
53626684
53592828
53557754
53525595
53492765
53460370
53426815
53392778
53357313
53323958
53289448
53255789
53222130
53190221
53157679
53125652
53091707
53058422
53023536
52989677
52953107
52916462
52878973
52842854
52804980
52771898
52738513
52703948
52663635
52624259
52581165
52537509
52491006
52437432
52383649
52329160
52282846
52242361
52197097
52152430
52105425
52059543
52013064
51966600
51922651
51879843
51831936
51779649
51724225
51670966
51618222
51566457
51515266
51464721
51411968
51358346
51303924
51251872
51200041
51149807
51096554
51044722
50992319
50939550
50884976
50830605
50775657
50721864
50666684
50613421
50559247
50503307
50443063
50384110
50325174
50266800
50207758
50149836
50090653
50032791
49974667
49920311
49863419
49806646
49750320
49696664
49640169
49582172
49519717
49464504
49409560
49358147
49309131
49262511
49213564
49163681
49108601
49053711
48999696
48948774
48897841
48847977
48795683
48741685
48685036
48631858
48567336
48507637
48444435
48386988
48333652
48279450
48226217
48175813
48125614
48076750
48026595
47977776
47928647
47879735
47828760
47786279
47742937
47701114
47659168
47616784
47572928
47526001
47475652
47424656
47370822
47319475
47268733
47221315
47172209
47121593
47065816
47013189
46955099
46897141
46835676
46778877
46727408
46678656
46626902
46571361
46509160
46451637
46395851
46339724
46280209
46221115
46159265
46097832
46036108
45977395
45917842
45859662
45799129
45738587
45674430
45611974
45545092
45478258
45413309
45354343
45296479
45240649
45183944
45126836
45068888
45012461
44957531
44903069
44844711
44786182
44723968
44662697
44602053
44542167
44482250
44422729
44361671
44300219
44239041
44182852
44128020
44076608
44023751
43966648
43912284
43856504
43810095
43760807
43712257
43658536
43598119
43541053
43477568
43414235
43352472
43300925
43250827
43201308
43151876
43105422
43057065
43008625
42958828
42909723
42859493
42810574
42762169
42713287
42661120
42608674
42553790
42497939
42439521
42383709
42329835
42276256
42219528
42160011
42098649
42040538
41976545
41913847
41849998
41786868
41721664
41657971
41592181
41528067
41463748
41400935
41336503
41275227
41211483
41147218
41083280
41020162
