30234490
30055498
29852134
29593728
29292472
28990460
28710612
28427566
28120864
27788718
27455758
27125282
26792216
26517196
26299234
26100994
26408636
26671934
26946488
27221905
27492059
27749471
27966595
28096549
28164661
28191705
28181773
28149199
28075263
27956371
27785659
27581203
27325420
27073870
26852373
26685912
26558094
26488056
26492736
26524902
26571100
26625024
26700302
26810801
26946231
27079049
27178479
27244659
27284117
27320635
27351821
27377694
27383585
27383039
27428501
27514305
27627039
27745237
27861495
27956665
28057595
28145693
28209221
28207471
28144921
28030237
27854223
27619563
27293971
26911431
26509953
26100649
25668119
25233331
24831941
24462331
24164717
23934903
23741991
23556551
23415466
23343268
23321532
23324545
23384238
23499207
23683077
23890261
24054847
24196867
24331923
24489126
24651832
24767968
24807844
24773500
24640228
24431984
24172670
23897868
23610440
23308546
23013280
22685766
22361042
22064326
21815640
21627314
21524516
21517320
21565966
21618020
21693255
21792242
21875636
21918078
21934356
21906509
21872504
21838898
21805966
21791347
21854627
22005855
22285191
22648474
23031064
23398300
23761182
24086497
24361418
24630462
24926789
25258105
25559258
25804420
26052300
26306690
26586832
26895522
27243926
27609182
27947579
28215813
28416590
28606505
28824088
29018006
29179560
29310766
29395536
29441344
29488648
29554164
29635716
29800450
30013070
30226174
30452068
30659552
30865398
31051532
31179950
31251166
31262138
31243182
31180818
31081532
30972870
30826842
30613558
30349024
30066208
29791878
29530944
29233534
28899760
28573914
28279215
27974288
27690758
27489114
27341461
27201517
27098813
27005899
26953836
26951428
26997830
27071378
27187593
27289772
27329528
27360499
27392663
27468603
27537761
27520833
27435714
27342674
27262662
27174156
27068090
26971871
26880682
26756616
26555862
26336489
26157771
26014721
25877338
25743167
25611472
25524880
25547660
25646314
25782930
25945016
26166048
26355572
26538532
26703808
26805390
26835664
26814124
26733970
26629838
26517078
26413626
26363840
26334234
26323170
26330006
26350816
26374182
26393998
26409806
26437166
26482006
26540394
26594584
26626534
26605158
26541730
26453820
26342892
26234431
26142839
26057456
25983323
25937263
25929249
25948455
25968931
25965543
25926211
25824357
25641075
25428312
25247306
25065458
24955743
24912855
24880745
24822663
24778669
24769905
24791599
24855266
24950050
25091282
25267676
25404196
25481841
25497732
25455120
25367740
25284676
25210180
25133116
25048394
24996884
24984082
24998218
25062716
25189514
25359214
25558340
25744052
25918712
26114778
26327102
26566988
26817540
27090534
27352766
27623564
27865374
28035562
28132854
28181534
28190864
28171652
28121728
28030962
27901682
27712766
27476447
27207689
26960290
26776187
26631891
26524847
26508397
26532747
26559853
26598003
26655260
26742038
26861959
27013902
27141078
27222121
27270881
27309123
27354611
27388300
27415175
27411873
27404828
27450922
27550388
27678559
27806834
27907754
27984676
28088148
28173266
28210352
28178566
28106498
27974220
27780322
27508236
27149686
26760896
26349548
25933472
25481544
25050804
24662916
24307710
24050786
23848412
23677002
23521948
23413264
23360886
23334064
23358195
23441915
23565356
23747132
23920721
24068602
24209010
24348850
24504400
24655898
24753692
24754926
24680454
24530600
24301364
24033804
23748218
23451810
23154850
22852852
22533492
22236758
21951648
21712348
21539726
21481122
21516662
21571590
21649502
21745071
21834063
21892552
21926668
21916786
21891647
21864533
21830557
21799906
21812098
21908836
22116330
22443328
22823307
23208519
23592853
23936432
24236262
24499512
24773100
25084690
25400524
25677552
25926334
26165840
26429554
26720370
27036908
27398738
27759973
28060923
28273069
28452972
28656082
28868487
29054367
29207106
29322429
29392711
29442469
29490357
29553504
29660520
29845430
30058798
30241716
30424730
30824358
31300666
31767314
32185604
32591022
32956228
33337454
33698308
34070916
34461844
34808682
35115762
35359286
35562930
