68125071
68101794
68066990
68008780
67913266
67839872
67768523
67696182
67661347
67632851
67619719
67612233
67600805
67593285
67750330
67876824
67984506
68074072
68161005
68229421
68297335
68365749
68437256
68509896
68584318
68660748
68736467
68808004
68881827
68951496
69022346
69101598
69190778
69287412
69387682
69536818
69677407
69846825
69996050
70109080
70231508
70423024
70570344
70700773
70899020
71021829
71152766
71282433
71382763
71479029
71574533
71671561
71771637
71871713
71971281
72071103
72174735
72276589
72377427
72474455
72574785
72676131
72776969
72872473
72975343
73105391
73300590
73300590
73300590
73300590
73300590
73300590
73278492
73098406
72820657
72466454
72034781
71527289
70906386
70310629
69669152
68987797
68342510
67634866
66941007
66237300
65384726
64613338
63809331
62969708
62207220
61483052
60851060
60341300
59875998
59487817
59198468
58835787
58594489
58403483
58194688
57985153
57794563
57483677
57170977
56789437
56414300
56089713
55825505
55484601
55230147
54974399
54710291
54362166
54081791
53767123
53373365
52963886
52595211
52268024
51923476
51522530
51301253
51179472
51117898
51075894
51029174
50927252
50773142
50536851
50291148
49992095
49678824
49334938
48943254
48469836
47947396
47384860
46768551
46163238
45404471
44730861
44112353
43402800
42983069
42734861
42453359
42382385
42372181
42461076
42715824
42949096
43272884
43690408
44136444
44593853
45110081
45758334
46343396
46925509
47530971
48144733
48714246
49314269
49915086
50458356
50982803
51469507
52063152
52638146
53083175
53579786
54020125
54472246
55046368
55676109
56328222
56951130
57566657
58071428
58517095
58904484
59334982
59792460
60220869
60522991
60982597
61454346
61947210
62430943
62784392
63085755
63397739
63590227
63660007
63662756
63626741
63627316
63609837
63580546
63541587
63502903
63503807
63523736
63517564
63567321
63595061
63622158
63679158
63722359
63809064
64031907
64173640
64362302
64607081
64736534
64838934
64942106
65071102
65246770
65322223
65393079
65583820
65707295
65522193
65127979
64653348
64284342
63916036
63464972
63642149
63749034
63413056
63103521
62727059
62409217
62133694
61984928
62141368
62303795
62381673
62686399
62927439
63167532
63482316
63768909
64026682
64327924
64516063
64775806
65004896
65172863
65621525
65994324
66244169
66669140
66917404
67036126
67169913
67295809
67542907
67549290
67717983
68073174
67917080
67809551
68010023
67971122
67695745
67554793
67617799
67504011
67225159
67068330
66829713
66280461
65653607
65121873
64492729
63984683
63589280
63061919
62463238
61800137
61159436
60591676
60067571
59549538
59044840
58466101
57866026
57282461
56600863
55922316
55188002
54806541
54589271
54436877
54257947
54078419
54045802
53433352
52917031
52816786
52709498
52651026
52567633
52473474
52360937
52048913
51651535
51302681
50930042
50607765
50409718
50277030
50092752
49973181
49967402
49987173
50078861
50254582
50363244
50395830
50434978
50472201
50473394
50356192
50255585
50225597
50141780
50017815
49913839
49536804
49143615
48832562
48499703
48127851
47763912
47430826
47035817
46709963
46503437
46340428
46234256
46173762
46104363
45962736
45875788
45821941
45762560
45729175
45719283
45779582
45953846
46099284
46031415
45936378
46004512
46171364
46345318
46649196
46884679
47095344
47477254
47919175
48197484
48542672
48827198
49148826
49546404
49945798
50361507
50724354
51006640
51315256
51550431
51759745
51969181
52225301
52417486
52654237
52795322
52785686
52743581
52660581
52530261
52366240
52199261
51968902
51897667
52026316
52087145
52125552
52165179
52178099
52189426
52200268
52214116
52248385
52285226
52306592
52331392
