-972308
-987957
-1175257
-1196058
-1232124
-1199598
-1183874
-1347525
-1480030
-1480542
-1524495
-1590660
-1403984
-1410521
-1494996
-1425635
-1383825
-1395349
-1273500
-1249766
-1118344
-967664
-838801
-521345
-254074
-221890
-285626
-211415
-300056
-342049
-162406
-281866
-384457
-345365
-603808
-907525
-985598
-1279268
-1468677
-1464618
-1586554
-1872687
-2082308
-2257524
-2528559
-2505124
-2681010
-2768253
-2770803
-2761106
-2781216
-2854244
-2785582
-2590938
-2468709
-2391123
-2297814
-2433075
-2461465
-2404247
-2413140
-2436050
-2328332
-2297268
-2403534
-2397120
-2394846
-2657491
-2761023
-2856622
-3082289
-3083594
-3064011
-3150042
-3080244
-3063356
-3057397
-3103207
-3014194
-2920072
-2942655
-2897463
-2729410
-2748540
-2641478
-2535051
-2457434
-2392915
-2285225
-2167668
-2049671
-1974073
-1945662
-1911229
-1812645
-1681537
-1805177
-1757781
-1509570
-1454773
-1506756
-1347858
-1413135
-1567679
-1414560
-1437622
-1545266
-1454430
-1568822
-1545833
-1730330
-1818977
-2030543
-2199850
-2167312
-2218709
-2262004
-2308945
-2444717
-2425595
-2359505
-2229775
-2193653
-2245216
-2165169
-2066780
-2163869
-2057522
-1919872
-2006615
-2058797
-1993505
-1911886
-1950821
-1798931
-1599124
-1556927
-1477877
-1484600
-1570307
-1597014
-1313753
-1230779
-1374493
-1399690
-1655015
-1467871
-1446927
-1694102
-1609896
-1463835
-1559533
-1469133
-1441827
-1532985
-1530592
-1574113
-1502122
-1409208
-1310418
-1257225
-1307893
-1133209
-1059208
-1047683
-771197
-810042
-1019013
-933410
-979350
-1003451
-881403
-897015
-913603
-663336
-519483
-567686
-549731
-542180
-795370
-871974
-1065924
-1035440
-1020879
-1170077
-1282822
-1234731
-1267445
-1335593
-1250000
-1338880
-1237608
-1194345
-1264282
-1194866
-993913
-934350
-872297
-715594
-679908
-299276
-146629
-197126
-165950
-51220
-246763
-186477
12976
-152343
-6698
-107447
-543569
-648150
-786301
-1113736
-1118612
-1181961
-1353735
-1496352
-1683918
-1909957
-2042519
-2201268
-2402236
-2461289
-2443252
-2540462
-2588728
-2523005
-2540046
-2575048
-2432298
-2394666
-2480631
-2339949
-2296397
-2326338
-2225399
-2316758
-2250660
-2076705
-2237799
-2318348
-2122745
-2423209
-2503598
-2539097
-2815565
-2813702
-2763332
-2987811
-2967116
-2909615
-2996996
-2881780
-2759941
-2815446
-2742646
-2742587
-2699397
-2632486
-2573750
-2506612
-2334396
-2281966
-2145405
-1908884
-1705980
-1785767
-1719572
-1727820
-1592188
-1368310
-1332448
-1270833
-1050863
-996661
-997604
-807712
-852770
-882852
-765777
-852373
-952989
-912196
