42547440
42321531
42052071
41780484
41514536
41149769
40664393
40058417
39363706
38752101
38358260
38222118
38317453
38529070
38731249
39033030
39561158
40222997
41052104
42037382
42917247
43657578
44216812
44670632
45106522
45597528
46103175
46606267
47156361
47700412
48251718
48809301
49310528
49807783
50242582
50700078
51197576
51688733
52069062
52538332
53038098
53579392
53697138
53616352
53097959
52630019
52193687
51815167
51305389
50834987
50399244
49976332
49522404
48997470
48480566
47967719
47384309
46777337
46136058
45501092
44893357
44213737
43407551
42416401
41338694
40227789
39392125
38893446
38654496
38620521
38608675
38660235
38817442
39121745
39621088
40255164
40879742
41308217
41561883
41638777
41726030
41838477
41957546
42090536
42269327
42419276
42625969
42857197
43048836
43252487
43455104
43659851
43814024
43995932
44324852
44760507
45380019
45826864
46131746
46202770
46018509
45648608
45085723
44616804
44245173
44021648
43885134
43734810
43544006
43359204
43162138
42967339
42748085
42526153
42264816
41995906
41705442
41468510
41121265
40630202
40077102
39386012
38723366
38295856
38128344
38185273
38382227
38576996
38858810
39297782
39934438
40740889
41689952
42615030
43388206
43989533
44471356
44954956
45446064
45939520
46438288
46938040
47450774
47998112
48589600
49112324
49635793
50101397
50553268
51032311
51575145
52002594
52460646
52942928
53516170
53694335
53648891
53239563
52756404
52327486
51912925
51406784
50947579
50482686
50041189
49582095
49064121
48535497
48025112
