30247286
30317251
30320491
30252081
30160744
30037897
29903511
29761142
29635294
29425373
29179681
29025482
28954891
28862594
28811625
28755215
28665843
28490700
28242031
27967581
27888708
28046028
28047496
28094470
28224544
28374572
28574482
28928147
29202040
29253763
29346201
29346186
29277564
29291320
29206294
29042125
28978487
28876356
28756278
28591004
28480620
28403892
28310204
28217541
28105289
28026601
27867955
27695139
27623922
27593728
27499121
27520060
27494757
27448823
27378118
27349104
27414873
27405658
27436409
27493589
27533272
27673338
27741269
27818575
27923040
28043768
28152333
28266795
28401609
28399739
28399169
28308509
28189801
28096291
27977399
27911429
27871113
27845081
27825651
27803083
27771861
27670322
27526580
27398941
27275686
27178366
27083688
26945759
26859170
26803724
26796044
26821716
26745987
26822253
26962476
27092337
27291544
27314589
27275668
27423477
27457165
27437213
27458490
27489712
27466630
27532915
27587439
27571415
27530914
27485484
27518540
27598693
27540783
27514739
27446344
27459925
27447753
27388340
27417770
27395858
27317398
27194668
27275081
27355261
27452221
27593489
27644465
27651527
27724926
27736821
27699405
27648903
27647260
27594360
27526243
27498628
27415980
27365777
27293768
27099210
26858582
26544975
26264175
25931204
25426724
25056689
24845928
24663273
24552138
24502120
24390618
24411910
24569228
24891595
25376416
25860746
26485468
27046275
27461468
28031810
28658457
29273264
29789812
30416484
30771497
30948737
30782538
30270666
29598013
28708401
27890654
26981636
26041949
25362753
25120554
25228669
25457224
25749550
26040910
26509253
26891288
27293274
28015847
28954288
30231098
31549886
32812241
34048564
35309391
36647354
38046594
39484518
40865912
41956706
42921851
43787087
44513978
45001201
45202076
45232288
44987353
44496351
43812717
42863840
41620047
40204457
38774007
37551984
36364816
35417597
34760739
34009533
33195558
32567598
32032335
31680659
31259341
30720006
30209949
29860703
29478272
29263862
29114608
29046031
29019045
28991232
28843661
28442587
27930476
27548239
26860542
26153962
25469247
24774276
23984172
23218975
22388799
21802572
21270681
20747590
20269140
19811774
19632467
19616910
19766349
19936532
20032476
19988339
20064768
20113942
20484525
20925871
21172187
21660742
22421785
23157120
24077591
24963155
25763506
26600491
27355513
27831909
28175898
28368729
28589909
28777000
28821500
28762763
28626471
28456265
28336230
28223968
28103811
28089523
28191211
28408628
28659583
28957773
29077753
28945783
28551869
27870412
27491714
27322251
26945771
26719269
26578348
26390883
26512516
26863074
27191508
27469499
27379679
27249110
27195930
27124209
27168903
27186230
27018287
26920517
26738773
26681691
26584203
26358154
26225591
26244048
26229409
26356785
26509676
26620772
26769886
26981004
27098890
27212093
27380496
27446611
27350348
27311626
27359284
27486249
27753826
27905056
28136373
28595281
28892627
29128749
29325939
29455597
29548152
29604913
29633063
29640906
29658536
29531658
29300829
29005275
28809140
28624446
28324797
27968495
27633443
27310677
26919591
26447770
26084953
25857722
25753674
25664707
25640332
25657532
25631060
25589439
25634578
25571641
25340498
25355822
25201947
24981091
24891853
24771641
24739594
24762455
24827979
24922835
25101630
25315912
25411847
25359704
25427680
25659700
25826203
25969142
26002812
26177397
26428636
26666769
26825394
27079962
27210844
27239797
27126335
26967911
26829786
26803115
26607623
26445378
26412603
26347048
26101518
25851567
25808886
25885783
25918549
25863955
25640297
25368864
25096470
24940301
24906582
24918699
24926213
24921916
24939014
