-11455260
-11474188
-11395737
-11497599
-11489563
-11385991
-11531862
-11401363
-11297567
-11438327
-11296189
-11104544
-11187010
-11017680
-10836592
-10927916
-10740738
-10567396
-10708873
-10362938
-10071769
-9929915
-9303546
-8800048
-8962071
-8630619
-8410153
-8518875
-8044998
-7663832
-7831788
-7409463
-6878149
-7089833
-6649142
-6183313
-6403248
-5890488
-5334437
-5653660
-5059633
-4571466
-4926682
-4381446
-3824683
-4234745
-3664086
-3024706
-3403305
-2861042
-2238100
-2668130
-2246291
-1674500
-2145909
-1770577
-1224836
-1644666
-1347347
-830120
-1332794
-1126692
-576247
-1083054
-1043525
-552688
-1082435
-1006268
-509427
-1113048
-1086086
-634945
-1168354
-1344514
-953451
-1551558
-1791522
-1320067
-1913592
-2149633
-1749675
-2401885
-2712535
-2266288
-2961968
-3310657
-2865766
-3546502
-3963820
-3515779
-4208893
-4754068
-4371429
-5026393
-5515639
-5194681
-5726736
-6149630
-5817951
-6374118
-6844306
-6594952
-7076571
-7500889
-7208074
-7592826
-8020606
-7856456
-8174595
-8831371
-8946511
-9559810
-9879594
-9624072
-9857661
-10205166
-10164413
-10372124
-10600454
-10460672
-10764380
-10988572
-10867342
-11108176
-11277011
-11161568
-11402564
-11517058
-11432200
-11571275
-11637798
-11514357
-11657212
-11714881
-11615929
-11718261
-11725428
-11637390
-11776423
-11648338
-11554271
-11698653
-11560251
-11384454
-11457609
-11282506
-11098892
-11191824
-10997251
-10825776
-10938067
-10613522
-10350926
-10174716
-9538340
-9004919
-9159549
-8833912
-8618707
-8742733
-8258274
-7892871
-8059622
-7614477
-7101901
-7323140
-6873453
-6414122
-6663492
-6100988
-5539264
-5855587
-5274319
-4779790
-5155668
-4609283
-4051483
-4460576
-3870522
-3218296
-3587191
-3063156
-2422561
-2867221
-2455596
-1893790
-2368145
-1985445
-1454184
-1878929
-1582703
-1064761
-1555459
-1348709
-822495
-1313996
-1253727
-770036
-1305378
-1235321
-760186
-1347331
-1333231
-857846
-1410156
-1559788
-1150982
-1740436
-1954934
-1505341
-2098001
-2341248
-1942331
-2622781
-2949209
-2518167
-3209752
-3561691
-3108531
-3804526
-4213938
-3769150
-4465922
-5006367
-4623749
-5267859
-5762618
-5429555
-5956904
-6390024
-6044946
-6596776
-7054136
-6802142
-7292543
-7730060
-7449637
-7832733
-8248986
-8075857
-8426895
-9087486
-9224170
-9797052
-10100271
-9864981
-10102019
-10474474
-10414836
-10641989
-10898675
-10766172
-11078914
-11304199
-11175207
-11401804
-11554932
-11454621
-11705730
-11820208
-11719949
-11865615
-11950914
-11828878
-11994234
-12036074
-11934074
-12050589
-12043467
-11946577
-12088557
-11979806
-11866282
-11998379
-11880897
-11704402
-11792974
-11637879
-11452549
-11540271
-11333754
-11175378
-11268756
-10966461
-10715029
-10530122
-9895344
-9368618
-9528571
-9199567
-8986550
-9079762
-8603401
-8219949
-8384193
-7937182
-7394767
-7612963
-7144733
-6679845
-6905474
-6342671
-5792927
-6122104
-5534785
-5029341
-5380893
-4827494
-4246175
-4620066
-4017909
-3355919
-3724944
-3195092
-2573202
-3019179
-2616290
-2056450
-2535084
-2168717
-1609489
-2023393
-1721448
-1190142
-1694698
-1464010
-949159
-1446136
-1374694
-882359
-1408505
-1359924
-891287
-1455965
-1448468
-960800
-1537394
-1683069
-1263282
-1844452
-2079181
-1634585
-2238904
-2502399
-2108008
-2812136
-3130484
-2672122
-3349377
-3731419
-3295539
-3985287
-4418519
-4008462
-4716697
-5242941
-4893397
-5544502
-6029300
-5688439
-6213716
-6652886
-6303828
-6850650
-7330730
-7094930
-7574958
-8006092
-7693102
-8127271
-8541121
-8372214
-8703952
-9386028
-9513826
-10114194
-10400582
-10182402
-10419432
-10799179
-10726532
-10976942
-11238309
-11133107
-11430123
-11649954
-11539268
-11756244
-11923317
-11807503
-12049117
-12195057
-12083343
-12223837
-12321111
-12214215
-12371234
-12407749
-12291039
-12410190
-12410549
-12314365
-12440852
-12348290
-12208815
-12341766
-12227618
-12042504
-12123582
-11970320
-11804858
-11919850
-11721600
-11533615
-11610873
-11309385
-11051006
-10873237
-10248326
-9703317
-9853564
-9534847
-9321261
-9404292
-8932262
-8552762
-8702610
-8227215
-7719448
-7945364
-7465102
-6973177
-7197932
-6624638
-6087326
-6381584
-5802763
-5270130
-5594386
-4997458
-4380868
-4740184
-4150188
-3509450
-3871958
-3331105
-2715804
-3138016
-2754161
-2174004
-2651003
-2298659
-1752463
-2154686
-1864274
-1318372
-1830410
-1616478
-1109425
-1594925
-1522038
-1017744
-1529377
-1493594
-1040035
-1578324
-1589497
-1104184
-1661180
-1806150
-1383975
-1978176
-2197258
-1722404
-2332075
-2582849
-2176293
-2864450
-3199753
-2750442
-3464063
-3825654
-3409230
-4108260
-4563364
-4143055
-4886748
-5397753
-5055032
-5702015
-6201825
-5862966
-6417945
-6867273
-6525398
-7069630
-7538566
-7301711
-7781948
-8186532
-7909292
-8337639
-8763513
-8580035
-8931772
-9594446
-9720757
-10300192
-10582129
-10362559
-10588231
-10953321
-10875504
-11115480
-11372979
-11265021
-11557805
-11772972
-11671371
-11902076
-12064779
-11956337
-12161929
-12307490
-12193194
-12333245
-12431814
-12320710
-12471355
-12524273
-12379901
-12489469
-12481009
-12362644
-12467972
-12379254
-12215782
-12330384
-12195677
-11998582
-12065502
-11891873
-11707643
-11820386
-11600422
-11393712
-11449182
-11133815
-10867065
-10685965
-10063584
-9519813
-9670374
-9351678
-9125899
-9217001
-8736127
-8359595
-8513523
-8043741
-7525352
-7760606
-7276741
-6796597
-7018420
-6463668
-5927992
-6236639
-5673032
-5168452
-5469437
-4897526
-4271632
-4646225
-4037286
-3412633
-3742694
-3213758
-2587307
-3020398
-2636264
-2042622
-2505374
-2143352
-1583240
-1980723
-1675585
-1117182
-1612792
-1390195
-874515
-1355330
-1266303
-743964
-1247156
-1199634
-729374
-1267319
-1257212
-772068
-1311005
-1433495
-994963
-1576790
-1782540
-1292582
-1879940
-2119815
-1692495
-2359710
-2665162
-2202118
-2861436
-3203327
-2783454
-3472582
-3909229
-3482661
-4216252
-4707301
-4365369
-4998040
-5489571
-5136882
-5672670
-6129020
-5780836
-6341613
-6790453
-6566279
-7041784
-7443773
-7163084
-7592217
-8024395
-7849934
-8192547
-8849622
-8968574
-9539382
-9820469
-9597214
-9818484
-10183090
-10104924
-10339756
-10590110
-10475981
-10766696
-10992300
-10873747
-11099669
-11269675
-11149160
-11357855
-11492570
