11050114
10823624
10452015
10248601
10085499
9762903
9433791
9165070
8758559
8495854
8431291
8050387
7726679
7594062
7121890
6621188
6235993
5783962
5354480
5092491
4695463
4397747
4241092
3833631
3544221
3386819
3094564
2921972
2990764
2759056
2507789
2542012
2363911
2130131
2061933
1820229
1502989
1491796
1180985
822521
846020
710143
479133
623881
547544
322979
443356
408779
229630
364802
298319
141072
260787
143014
-83267
-2433
2181
-99354
110531
110516
-20720
244409
306529
139830
255281
247238
87241
222079
139554
-149126
-40153
-124941
-307296
-100975
-146262
-218841
-4356
117854
66401
375212
606381
769785
1148418
1486072
1701511
1967997
2241024
2398314
2804845
3140872
3276988
3602887
3996946
4176767
4445051
4814855
5030886
5305431
5655868
5815680
6138493
6456937
6542612
6801556
7068368
7194337
7554666
7912656
8113268
8482269
8850436
9011002
9408665
9753382
9919515
10114186
10326712
10404634
10736532
10943140
10914221
11005217
11254988
11288621
11454880
11645653
11650125
11782245
11916177
11926493
12043678
12244869
12346098
12428656
12367064
12316081
12508365
12627078
12847647
13047116
13281012
13460074
13637940
13772099
13952490
14070795
14156375
14170833
14306627
14344797
14271241
14235314
14278690
14295309
14318644
14198617
14194408
14209403
14104680
13945648
13984047
13876124
13766916
13669281
13472875
13351887
13286205
12973773
12683013
12612322
12382974
12156622
12142919
11920975
11714253
11523822
11245498
10931244
10726224
10414507
10255864
10080946
9748934
9466940
9279931
8892884
8626146
8494010
8190099
7904090
7752412
7386556
7036978
6596516
6053135
5635238
5462610
5085737
4786326
4535856
4206483
3898301
3744929
3519327
3332384
3348338
3091203
2845102
2810625
2602280
2412809
2382215
2186186
1901776
1850165
1597065
1347032
1289365
1065454
813066
971873
915118
714955
769988
697741
532186
622493
522205
398662
522413
421585
217490
276313
302913
279857
475392
527088
459926
707659
644769
498928
589525
649662
554526
732416
623272
413485
424506
402188
343229
516779
473041
390231
593893
738269
713807
1065197
1277796
1452400
1834803
2135515
2313442
2581164
2902722
3112474
3464242
3778275
3878268
4160131
4525965
4697881
4955707
5324047
5559516
5862940
6160160
6268061
6597737
6862838
6900375
7194360
7457518
7562536
7867390
8197511
