13414534
12875244
12354638
11749191
11103723
10457490
9767181
9058383
8301432
7566783
6824330
6099577
5468902
4932929
4443045
3982668
3953150
3985100
3999989
4027632
4074653
4140447
4243170
4303138
4286641
4191548
4081530
3927119
3769539
3649460
3595420
3490238
3374423
3278351
3240784
3194113
3273334
3341763
3365804
3418891
3530387
3631841
3727100
3842534
3955076
4023970
4068052
4101597
4135979
4047274
3916555
3837281
3842639
3934767
4019444
4023465
3986823
3928613
3901639
3910821
3983661
4045935
4057370
3934363
3705662
3380885
3029388
2670238
2314972
1989628
1660286
1360731
978904
633169
364468
130074
9104
-84631
-221106
-422131
-529706
-505289
-407351
-194954
243630
800805
1373844
1985911
2523034
2909046
3245168
3511969
3752388
3950977
4081653
4123926
4190256
4276414
4249619
4171205
4066527
3972825
3983732
4165876
4376455
4612542
4891741
5171281
5377828
5468468
5432580
5338896
5152248
4967282
4855413
4720033
4538787
4215435
3795496
3386411
3014350
2776630
2654148
2589215
2566525
2512915
2462218
2468997
2625262
2910103
3234025
3515314
3857502
4281055
4734735
5208097
5612783
5884624
6114747
6411429
6718650
7000241
7253179
7469163
7659046
7826547
8029993
8367439
8814848
9298451
9763410
10191011
10559975
10760418
10937012
11238206
11565295
11974684
12287418
12582582
12860948
13099169
13269494
13296381
13229909
13215876
13244545
13312696
13496445
13680768
13786668
13911929
14113381
14297486
14539926
14866506
15247190
15637764
16106369
16495067
16701761
16803906
16948552
17073875
17211094
17334456
17432653
17454536
17410090
17407212
17273902
17039719
16869042
16913352
16967090
16995820
16984975
16927185
16888880
16900885
16866529
16817971
16652169
16412851
16012545
15286529
14472834
13687324
12983947
12295921
11684700
11028650
10370205
9528651
8696474
7955060
7271931
6711155
6287219
6098672
6094266
6155402
6267362
6493891
6757565
7086106
7434337
7599025
7607666
7463455
7187732
6793994
6282409
5670246
5107289
4531329
3933756
3290711
2742921
2289496
1988003
1780375
1709777
1783969
1866119
2020923
2207013
2388418
2574661
2776623
2854583
2656846
2320111
1938702
1468671
1209328
1074832
935504
862456
765698
564331
384637
249093
259155
297572
431457
753683
1062857
1335065
1713167
2133430
2521907
2847851
3080687
3276189
3385808
3490620
3646935
3790228
3899926
3965518
3977531
3947458
3842133
3712168
3652221
3557121
3516212
3617991
3739663
3852525
3872693
3926921
3978862
3992980
4031072
4094099
4174204
4260177
4301260
4246432
4134297
4006296
3859955
3707511
3609211
3566567
3444056
3328124
3261214
3212513
3192045
3310058
3366057
3384168
3478393
3582623
3674767
3771844
3886934
3988372
4037389
4069521
4122012
4106040
3998194
3887967
3833382
3872578
3970212
4032672
4008749
3984648
3934729
3933819
3963702
4032827
4092930
4044973
3875190
3599785
3258793
2914304
2559369
2207908
1881170
1562051
1249560
864660
555777
279126
80024
-22504
-108895
-292943
-472425
-514294
-459623
-337613
-53297
458491
1043485
1625792
2203579
2694981
3032619
3345120
3587005
3819881
3993179
4099304
4146166
4236750
4294625
4235747
4147536
4034455
3966907
4048301
4271055
4484121
4726523
4990813
5239813
5392478
5429258
5373295
5236675
5040532
4895276
4786621
4638402
4423860
4050544
3636429
3225393
2872741
2717637
2615518
2570328
2528785
2459958
2446892
2471231
2673381
2987432
3279265
3603313
3995143
4431876
4878580
5354922
5703392
5932384
6181422
6505047
6803330
7036848
7278598
7496982
7670056
7859017
8130379
8522504
9003740
9482353
9922104
10304474
10606455
10805810
11025046
11354075
11736677
12097761
12434513
13116224
13949547
14820763
15650406
16422544
17143943
17902479
18601801
19301743
20051171
20756022
21421361
22073242
22687304
