41689832
41393371
40853213
40131750
39503061
38906080
38279123
37825129
37340119
36898206
36549337
36352074
36370626
36441579
36490672
36645066
36925698
37253288
37737122
38264883
38627455
38831367
38926697
38906053
38903214
38987582
39153554
39381358
39674152
40015968
40376708
40773281
41179145
41736287
42325085
42896174
43468645
44119842
44714694
45250955
45748619
46179097
46601727
46974027
47269796
47541870
47831999
48076679
48250145
48408448
48471617
48290452
48183730
48121162
48197331
48405895
48350176
48243557
48052215
47597611
47164202
46840181
46592973
46287106
45656102
44877760
44223727
43770906
43353957
43061501
42784622
42471359
42291094
42213508
42213242
42325134
42389412
42296445
42029662
41518652
40996137
40542689
40289644
40142279
40095914
40094900
40136636
40241196
40339027
40457040
40609057
40787389
40974937
41152688
41326610
41491175
41659598
41836865
41940939
42010766
42037708
41996295
41946424
41861417
41732131
41587968
41422081
41255747
41205577
41182774
41313091
41596142
41704387
41673988
41374550
40946821
40269537
39605916
39045386
38381889
37868930
37401281
36916130
36580964
36387651
36381873
36467830
36534196
36647586
36862593
37196586
37653345
38170846
38550982
38755436
38866386
38848753
38860395
38927940
39072766
39281512
39530993
39831713
40185664
40594808
41019957
41555822
42188148
42798681
43357549
43977368
44563615
45101634
45604795
46043566
46450785
46850445
47169104
47433512
47718364
47978445
48187794
48348640
48432501
48349209
48204983
48120553
48167507
48399971
