42820743
42505053
42148854
41826367
41495518
41047695
40502121
39834627
39083639
38428537
37991657
37798371
37872024
38055102
38280673
38719011
39396650
40132576
41048642
42088579
42888469
43518675
43988393
44338080
44664799
45031543
45448771
45873953
46314196
46805007
47337332
47836179
48297100
48691777
49027990
49284708
49530620
49784178
50126602
50450737
50809246
50954382
51057174
51047310
50978972
50597947
50217702
49896639
49651617
49398324
49134531
48852419
48529448
48118092
47642447
47146528
46661126
46205042
45634059
45064055
44506308
43908448
43189625
42299824
41286086
40226739
39372493
38746143
38388446
38254013
38154670
38209836
38423406
38803402
39349261
40016028
40650341
41126935
41431577
41595845
41749815
41938662
42177832
42406583
42648124
42918778
43243434
43596901
43849544
44081763
44308342
44541084
44806054
45124699
45415054
45693075
46005097
46407817
46600792
46657185
46558014
46255926
45942016
45676333
45374396
45005027
44700843
44471479
44230308
43982614
43734912
43468734
43167511
42854281
42506045
42148527
41800920
41477601
41013305
40479019
39837105
39116379
38407737
37923047
37674972
37693834
37880930
38123606
38520076
39129001
39885398
40802779
41799522
42670565
43299419
43765531
44118525
44500737
44867967
45287329
45737128
46143466
46623677
47129700
47645128
48133309
48533415
48865447
49146300
49399820
49644964
49965358
50317073
50734255
50922321
50973441
50971688
50962967
50673457
50275224
49940208
49668006
49395344
49183159
48932554
48610227
48223280
47749876
47234593
