43282716
43422777
43509687
43685118
43778006
43830479
43701817
43549556
43427453
43250932
43144432
42992421
42808419
42775790
42834539
42866551
42837668
42800242
42813251
42981297
43126520
43326352
43476003
43622324
43643854
43677800
43702181
43635775
43600270
43550372
43442692
43365991
43426275
43529108
43602527
43641846
43609364
43699378
43839001
43949019
43861995
43701402
43519635
43376514
43260146
43220871
43034656
42846256
42745359
42670060
42652754
42645796
42655297
42752376
43034301
43270839
43463564
43642187
43752188
43802674
43805728
43758976
43765823
43778229
43701817
43542982
43329615
43263381
43303538
43433338
43455580
43435360
43427622
43434335
43390432
43407730
43412810
43335149
43235680
43189360
43110894
43032388
42924887
42874289
42818699
42811802
42827802
42823060
42861233
42950427
43086510
43293833
43492380
43649723
43729879
43807802
43887823
43932615
44045534
44062662
43920318
43785337
43711380
43692500
43585424
43497991
43373215
43368334
43383967
43369506
43357743
43439822
43383563
43320735
43195959
43022916
42984866
42960346
42967964
42839830
42767818
42775932
42751900
42718665
42684762
42717733
42854149
43082828
43271822
43399528
43535775
43622187
43768220
43909134
43923466
43850467
43812382
43797050
43724601
43582379
43457676
43484727
43498113
43480423
43467979
43509627
43481135
43471658
43428195
43370207
43246369
43239933
43309431
43266146
43148071
43066455
43061410
43086521
43107160
43026606
42902647
42867189
42947970
43098165
43239840
43347406
43424627
43619329
43842652
