2991225
2901247
2730048
2565140
2304756
2114121
2030945
1856603
1608246
1388809
1182451
1002925
811525
780338
671699
444971
299436
219410
162723
50125
-45904
-146974
-325713
-407412
-306045
-277853
-429021
-476646
-378885
-338271
-317370
-155102
123872
345488
576914
680487
690605
787646
993141
1185723
1377615
1573193
1677307
1673409
1643727
1716025
1834820
1934906
2059567
2099929
2036047
1911736
1638512
1482782
1584420
1671653
1712220
1659747
1597432
1550653
1551373
1477401
1433314
1412135
1372418
1275409
1250370
1419012
1715166
1949809
2001958
2061727
2118003
2131112
2162970
2235651
2396754
2514282
2628603
2619156
2646920
2757222
2841843
2952067
3036903
3024135
2907645
2729741
2589334
2553028
2503095
2412224
2322317
2294535
2187804
2029435
1721045
1326437
1061606
989037
983174
947375
761787
407764
4143
-288936
-463201
-672002
-795786
-701762
-627547
-537314
-479925
-491350
-558522
-603389
-659019
-657735
-503736
-230285
49210
212959
320087
281710
70503
-175413
-323251
-344320
-375924
-474759
-583015
-690508
-784376
-849482
-776927
-712653
-682747
-629137
-560121
-594302
-582707
-471402
-312775
-197153
-90997
49063
246572
482265
696592
766691
840012
820606
852290
878337
769994
709287
743532
794667
846964
827567
744108
679424
605340
635350
813170
922096
979629
930142
831138
737181
690648
673259
543016
575556
644226
523280
409264
423015
313147
49841
-87736
-86158
-79976
3376
243897
379406
548073
801092
1118274
1357518
1495375
1667130
1718535
1675581
1808854
2041543
2024815
1986681
2082568
2257550
2412251
2580023
2676739
2692183
2593808
2408232
2239468
2316382
2407717
2520722
2692435
2941694
3234174
3387837
3497096
3639771
3814703
3865658
3864514
3888860
3846925
3743658
3785130
3715464
3488018
3299565
3106188
2987377
2970974
2885937
2669539
2556387
2525942
2532317
2449547
2328193
2126188
1752064
1445035
1290176
1311153
1508607
1673434
1705457
1531685
1374314
1076635
972336
1015788
979508
737240
522689
392903
478953
526373
543874
562273
557634
529526
562888
820644
1173708
1441075
1615320
1838743
2093593
2342883
2766597
3176330
3453072
3739579
3995675
3897703
3597956
3089373
2530708
2039064
1658864
1391664
1256826
1118241
1021664
860098
785288
744472
807528
878260
878920
815108
733372
532445
342097
247959
208178
97296
2980
-57817
-188602
-352619
-351939
-273152
-332135
-486735
-408352
-304509
-290958
-278957
-64184
187129
452850
657971
715969
707156
871063
1083895
1238401
1449594
1592332
1671590
1676204
1662766
1772374
1882017
1977116
2061015
2073793
1978594
1785158
1498369
1489560
1643378
1706084
1708867
1628683
1548067
1522491
1498016
1443464
1404629
1390846
1350152
1241781
1263889
1498208
1794668
1936369
2020243
2063339
2148654
2134091
2163262
2298446
2436796
2531106
2608589
2645922
2731744
2829929
2908269
3025601
3059714
3010376
2842959
2631506
2554430
2545745
2437469
2353272
2312595
2256185
2139933
1931221
1591206
1211839
1020943
1004677
1015587
927001
667708
235805
-151197
-371302
-543817
-731428
-755939
-632073
-564601
-487465
-464350
-500529
-571735
-602684
-648854
-602064
-395233
-136772
105742
252056
359554
215193
775
-230629
-332037
-338114
-392226
-500487
-646405
-729538
-834978
-809210
-737790
-690016
-665679
-573976
-576863
-584934
-525817
-394443
-265174
-187458
-52283
101310
349764
573147
765138
838789
853484
833581
905872
870378
743013
716618
768345
821616
853914
538246
431483
441719
437988
623399
817435
959231
1064336
1112847
1187260
1312204
1417220
1389226
1343344
