-122295666
-123604401
-124956697
-126375922
-127839597
-129317877
-130795268
-132265674
-133705092
-135109331
-136445244
-137670667
-138819128
-139897231
-140885926
-141793468
-142634335
-143402558
-144114393
-144795748
-145445480
-146076162
-146678777
-147213066
-147498435
-147441158
-147174077
-146836003
-146522313
-146247485
-146001232
-145781014
-145570575
-145361660
-145165826
-145010759
-144888966
-144789144
-144651095
-144456404
-144190466
-143998823
-143731869
-143454882
-143180816
-142908401
-142572867
-142144242
-141531340
-140750671
-139850495
-138898122
-137970895
-137123297
-136377426
-135742045
-135168005
-134530211
-133751574
-132850001
-131856734
-130877183
-129927985
-128959356
-128000125
-127047752
-126112270
-125217809
-124353574
-123509151
-122655457
-121789825
-120883680
-119955310
-118993539
-118011829
-116999893
-115967510
-114917601
-113849531
-112767491
-111713645
-110677071
-109665135
-108654723
-107647613
-106613325
-105534587
-104356281
-103131493
-101884861
-100632768
-99395026
-98159316
-96908493
-95661226
-94408752
-93169994
-91961716
-90811223
-89731977
-88751029
-87867617
-87102569
-86426929
-85813900
-85226271
-84651723
-84072603
-83485482
-82909029
-82308446
-81664556
-81019523
-80446626
-80009365
-79856965
-79855695
-79853536
-79844646
-79823056
-79789020
-79747618
-79713328
-79693516
-79679546
-79669132
-79660242
-79653892
-79653130
-79653130
-79655416
-79664306
-79681578
-79699104
-79715360
-79732632
-79768700
-79893414
-80280129
-81034509
-82022442
-83115404
-84216621
-85310218
-86399116
-87483696
-88574499
-89682955
-90791411
-91856814
-92831920
-93835220
-94867857
-95920179
-96998663
-98136964
-99372801
-100725351
-102199567
-103766239
-105386251
-107006390
-108603669
-110184438
-111716185
-113179098
-114588544
-115963319
-117322346
-118677309
-119981726
-121144284
-122122819
-123026297
-123870720
-124607193
-125214507
-125690249
-126074932
-126404878
-126699137
-126992253
-127342900
-127762508
-128257681
-128816608
-129428621
-130043047
-130658743
-131277995
-131900422
-132512181
-133089396
-133646926
-134228840
-134845171
-135526018
-136339199
-137266680
-138244199
-139301220
-140514832
-141909546
-143385159
-144917414
-146473164
-148020278
-149542754
-151060150
-152566751
-154069669
-155545663
-156987113
-158385383
-159735266
-161010981
-162193478
-163248721
-164185854
-165023419
-165704520
-165943915
-165858063
-165537896
-165051740
-164551868
-164060632
-163525581
-162894645
-162101276
-160977453
-159658431
-158299531
-156900880
-155468066
-153964513
-152408382
-150784560
-149111335
-147371689
-145569940
-143697071
-141777720
-139818872
-137836148
-135825103
-133807581
-131780407
-129752090
-127721995
-125696980
-123671457
-121665746
-119696357
-117778149
-115922044
-114173635
-112515015
-110928658
-109403134
-107950127
-106577384
-105273221
-104067864
-103003350
-102134797
-101351842
-100660835
-100060125
-99554157
-99092004
-98638360
-98124772
-97533333
-96865948
-96148017
-95434023
-94724093
-94011750
-93312742
-92657549
-92002610
-91312238
-90553667
-89697052
-88787478
-87941150
-87185754
-86419944
-85633941
-84864194
-84115910
-83398360
-82649441
-81815305
-80927956
-79976599
-78928214
-77790040
-76621005
-75431904
-74225912
-73037446
-71868792
-70715632
-69595619
-68519929
-67523741
-66612008
-65749551
-64930274
-64172973
-63393320
-62599697
-61823219
-61041661
-60192793
-59275345
-58341641
-57363868
-56385841
-55395241
-54432327
-53530754
-52786661
-52301902
-52113434
-52072286
-52068222
-52079906
-52091590
-52104036
-52133500
-52192174
-52280566
-52474114
-53084349
-54017418
-55190009
-56509412
-57848881
-59186064
-60490862
-61712729
-62646306
-63121413
-63387224
-63454534
-63442850
-63455550
-63531369
-63674371
-63927609
-64283717
-64769873
-65371472
-66085339
-66851276
-67665219
-68484623
-69306948
-70108064
-70890638
-71623936
-72316975
-72951975
-73533254
-74032999
-74425302
-74717656
-74919586
-74979911
-74941303
-74820907
-74636630
-74392917
-74082910
-73719563
-73296907
-72815958
-72317991
-71816214
-71306436
-70792721
-70295770
-69835395
-69427852
-69067299
-68751323
-68492624
-68305553
-68205858
-68215510
-68318507
-68516119
-68790693
-69139689
-69563488
-70047231
-70578853
-71185278
-71840090
-72550655
-73316338
-74126217
-74983086
-75891136
-76853796
-77904848
-79039593
-80222090
-81417668
-82615151
-83793076
-84918169
-85982429
-87024718
-88039067
-89035255
-90003630
-90947621
-91845765
-92699840
-93475683
-94170246
-94760288
-95208471
-95510604
-95679514
-95697421
-95567373
-95321374
-95036640
-94707583
-94365318
-94009718
-93690567
-93326077
-92881196
-92259023
-91357196
-90159713
-88814529
-87412830
-85988271
-84573364
-83181952
-81791302
-80431132
-79131795
-77941678
-76831825
-75793092
-74800841
-73827767
-72862313
-71889874
-70920864
-69990970
-69286374
-69044566
-69042407
-69232272
-69505576
-69866637
-70371335
-71060437
-72058784
-73267443
-74468609
-75644629
-76779247
-77916659
-79048864
-80205580
-81381092
-82587084
-83837526
-85141943
-86488905
-87889588
-89345262
-90865198
-92455238
-94094046
-95760921
-97467547
-99186111
-100916486
-102647877
-104369235
-106076369
-107764707
-109419898
-111048927
-112599978
-114008789
-115016661
-115785138
-116397659
-116930678
-117406420
-117820059
-118189375
-118494429
-118705122
-118794657
-118717314
-118492143
-118125748
