196279770
196212460
196149976
196099430
196058536
196022976
195984368
195943220
195894960
195838572
195773040
195701158
195627244
195546726
195461636
195367148
195279010
195185538
195095368
195007484
194914774
194809364
194698366
194582034
194479672
194370198
194262248
194226688
194303396
194414267
194714495
195141596
195630038
196201919
196873749
197624065
198461757
199332850
200335769
201378947
202417172
203437236
204549502
205710409
206981806
208242027
209509233
210812507
212191219
213571963
215058117
216546811
217992198
219453460
220964252
222408750
223866075
225376105
226857306
228323521
229777163
231221280
232639489
234015407
235292265
236544612
237776258
238938816
240102771
241266345
242382167
243377085
244324378
245199408
246106696
246897271
247640602
248404380
249076591
249704860
250364498
250994291
251620274
252197362
252724920
253146433
253528576
253832741
254018415
254102743
254105410
253981712
253766574
253503938
253215394
252883924
252537087
252262640
252108208
251927614
251721493
251501021
251206762
250825762
250465717
250116340
249759470
249383677
249019441
248650379
248286016
247925971
247539891
247098947
246644033
246185436
245724934
245248684
244782086
244310916
243838476
243377466
242906423
242431951
241942620
241423063
240895632
240329466
239761014
239187736
238609505
238027337
237422309
236809661
236188250
235583730
234978702
234381421
233810556
233244771
232702735
232159556
231652064
231165019
230689277
230225092
229786053
229387019
229003606
228701219
228466523
228318568
228239193
228190552
228203506
228306376
228410262
228519228
228634671
228739827
228840919
228934391
229031673
229141147
229260273
229375081
229487857
229601395
229718489
229838885
229962583
230092123
230224203
230348917
230477441
230613585
230747697
230863013
230975789
231091613
231214295
231334691
231452801
231567101
231682417
231797479
231912541
232026079
232142665
232264839
232392601
232528999
232679621
232849420
233038269
233237786
233442891
233652187
233868341
234084368
234307507
234537885
234775375
235019850
235279438
235540042
235795312
236066203
236347508
236645196
236942249
237238286
237539657
237847759
238168561
238478187
238770795
239065308
239379379
239691672
240019586
240352072
240701068
241053620
241423952
241797713
242149630
242491260
242842796
243212747
243576983
243951760
244350032
244731921
245109746
245495826
245898035
246298339
246701437
247105424
247506871
247940449
248434987
248946543
249461528
249980196
250517660
251050806
251593350
252137926
252682756
253251081
253828423
254416560
255027557
255646682
256294890
256945384
257576828
258203065
258814824
259408676
259963793
260504432
261004304
261518781
262069326
262586597
263112758
263610217
264103612
264553827
264978896
265391392
265780647
266148439
266483211
266811379
267069697
267263372
267369163
267410692
267410565
267358368
267222097
267082016
266955905
266817602
266683490
266543282
266401169
266278487
266160758
266043283
265872722
265623040
265335639
264971911
264579608
264355707
264161778
263988423
263841738
263725914
263621901
263533890
263452737
263383522
263325610
263267444
263207500
263148318
263091930
263038336
262986266
262928100
262878697
262830310
262804402
262798052
262798052
262798052
262798052
262798052
262798052
262798052
262798052
262798052
262798052
262798052
262798052
262798052
262798052
262798052
262798052
262798052
262798052
262798052
262798052
262798052
262798052
262798052
262798052
262798052
262798052
262798052
262798052
262798052
262798052
262798052
262798052
262798052
262798052
262798052
262798052
262798052
262798052
262798052
262798052
262798052
262798052
262798052
262798052
262797544
262795258
262792210
262776208
262741156
262715756
262694674
262650986
262582152
262512810
262449437
262368919
262245856
262086344
261953121
261835773
261639304
261458456
261261606
261083806
260901688
260724650
260534658
260335268
260131306
259926582
259722493
259514721
259332222
259143754
258963160
258740021
258453509
258153281
257841115
257523234
257183763
256829179
256464181
256024380
255465326
254898652
254283972
253596902
252865255
252158500
251564013
250896374
250051570
249247914
248528967
247777762
247028716
246260493
245493286
244723539
243952776
243145691
242328192
241530759
240748693
240114836
239566069
239053624
238530257
237819692
237030895
236170597
235384975
234481624
233713020
232965244
232114725
231306751
230433118
229615873
228804343
228069394
227299266
226505897
225692716
224845626
223950784
223128332
222281496
221365445
220448378
219518230
218625928
217781886
216957275
216107264
215274144
214449914
213644226
212854413
212073236
211263738
210445985
209662522
208903189
208162017
207420591
206686912
206061818
205504796
204964919
204462507
204010133
203583413
203188570
202810999
202338178
201901679
201471022
200996804
200499218
200048368
199682100
199313165
198876285
198518907
198061961
197556501
196925184
196176900
195608067
194954398
194313683
193664840
193186685
192606930
192082801
191523493
190858267
190199010
189506098
188878591
188275087
187520834
186746134
185977657
185301636
184626250
183827928
183183276
182542434
181890162
181197631
180537485
179854479
179183919
178545236
177928524
177277776
176646078
176021492
175417480
174858426
174363380
173923706
173520354
173116494
172680630
172235749
171814363
171411138
171018454
170739562
170624119
170549189
170516550
170557825
170664251
170791759
170829224
170983656
171347130
171686347
171986956
172362368
172758481
173207934
173684692
174179484
174669958
175169449
175753395
176430686
177193321
177848514
178447954
179099718
179786788
180517165
181315233
182209059
182978425
183876061
184625996
185323734
186143646
186881262
187653168
188394467
189157229
189873128
190617602
191414019
192188973
192973706
193820415
194595623
195352289
196165216
196994399
197844791
198648701
199348090
200088373
200870566
201647425
202419077
203180061
203922376
204656309
205422119
206202534
206953739
207675988
208403698
209133186
209862293
210486879
211042885
211579460
212081872
212534246
212960966
213355809
213733380
214206201
214642700
215073357
215547575
216045161
216496011
216862279
217231214
217668094
218025472
218482418
218987878
219619195
220367479
220936312
221589981
222230696
222880047
223360488
223943291
224483422
225077782
225768408
226448747
227185347
227881688
228554534
229372160
230227378
231118918
231954451
232763060
233678730
234519851
235341541
236190663
237060994
237903258
238763302
239623854
240461927
241290221
242164997
243033677
243927757
244812693
245676547
246495443
247289955
248074815
248888885
249742071
250621292
251505847
252401451
253306199
254182626
255020191
255826514
256628265
257417189
258179189
258904867
259615051
260282436
260914896
261528052
262087741
262603615
263082659
263539732
263964293
264379456
264801858
265232134
265583416
265821033
266011025
266239371
266476099
266700508
266929108
267133197
267317855
267457682
267620623
267742162
267864844
268002893
268114653
268254226
268413865
268547977
268656689
268734921
268816963
268867509
268957806
269078329
269175865
269271496
269387574
269497048
269584932
269664688
269753080
269897733
269982061
270049879
270106140
270158718
270203422
270250920
