-495876
-1242755
-1853292
-2317581
-2664551
-3005099
-3233844
-3490315
-3723911
-4080747
-4532561
-4943945
-5412820
-5631843
-5866169
-6153478
-6337095
-6188779
-5892107
-5448037
-4927720
-4340026
-3680514
-3022273
-2395022
-1672909
-802999
61537
873435
1711370
2607862
3465091
4372451
5330197
6348722
7407419
8516904
9683049
10829561
11992926
13163419
14329339
15492881
16593810
17558967
18476458
19455081
20648111
21742700
22703895
23343591
23910449
24529580
25125218
25693768
26220987
26758082
27308934
27860312
28508992
29211524
29855104
30659195
31493344
32236712
32886917
33485782
33965628
34338542
34881050
35417670
35945755
36162893
36309444
36396139
36407382
36308257
36074293
35812590
35569701
35375741
35090055
34719290
34272088
33860733
33446713
33089095
32850129
32774924
32698065
32598043
32458269
32418170
32459969
32596454
32776056
33040663
33197147
33333090
33449418
33551709
33706699
33984035
34374502
34777035
35157615
35530133
35789494
36061669
36321155
36524291
36759313
36874169
36978365
37060132
37089531
37108795
37085147
37099899
37075604
36955373
36636805
36351337
36048076
35745273
35443540
35183749
34777322
34288659
33798189
33313970
32816167
32363053
32011117
31596250
31170709
30966519
30792291
30595246
30395736
30248949
30118989
29959140
29752689
29611438
29443439
29060518
28390607
27640444
26883904
26087276
25218095
24301807
23373988
22398532
21342978
20287486
19209713
18185462
17251637
16524877
15866847
15146872
14405708
13778267
13084748
12493560
11929722
11388161
10819813
10324740
9875563
9451183
9008994
8647945
8343297
8168190
8050701
7975989
7916542
7970146
8100823
8217241
8306422
8401007
8471401
8764975
9070394
9419474
9810483
10228091
10672851
11039492
11369182
11715673
12059312
12440337
12803291
13217967
13628005
14038398
14487825
14979347
15508869
16103161
16680788
17160982
17619652
17990361
18289023
18762315
19256897
19779668
20389723
21018793
21681001
22316373
22884306
23373093
23715319
23963907
24198213
24414000
24628921
24758832
24905292
24993716
25021439
25022948
24993438
24913563
24782808
24568878
24260968
23865439
23384226
22883333
22295004
21710836
20994780
20119200
19227933
18355252
17445963
16571578
15604390
14705914
13889741
13152012
12446135
11777501
11238394
10993349
10892836
10811943
10746060
10686645
10648468
10657220
10687373
10680787
10682231
10720634
10767514
11014094
11456626
11954458
12511560
13140959
13795305
14466265
15054992
15548948
16045970
16561084
17031463
17463281
17870535
18166066
18468705
18733384
19074462
19485575
20021895
20545282
