46784728
46154982
45497678
44843659
44123007
43319007
42381051
41370077
40255492
39272522
38554662
38154237
38049745
38068537
38100129
38268565
38545982
39080268
39711086
40375012
40873555
41225392
41385333
41450191
41548556
41694750
41878408
42097100
42338014
42614371
42913940
43172345
43421864
43643318
43830069
44026515
44264212
44605109
44955796
45412578
45945072
46246644
46391564
46290146
45956174
45450750
45069266
44802468
44500689
44331349
44226110
44065736
43841270
43625923
43382900
43082415
42787448
42500249
42182268
41822640
41490398
41112995
40572645
39949529
39243837
38421838
37787856
37499614
37472178
37661839
37909171
38167740
38563171
39183755
39968285
40985840
41960952
42682882
43285549
43825743
44288328
44732163
45218817
45733078
46254794
46790412
47354890
47952855
48510346
49055768
49566263
49960572
50221558
50447378
50678533
51015302
51460420
51916575
52126863
52112224
52021258
51592348
51196236
50878002
50635408
50461001
50258861
49934020
49526422
49035232
48536174
48015138
47472004
46896572
46272366
45627883
44952908
44265557
43457167
42601570
41578080
40471713
39403431
38597122
38097499
37905828
37948717
37976604
38081870
38372817
38826651
39426564
40135404
40696486
41091565
41314781
41432447
41558536
41706601
41886442
42101364
42332642
42597174
42886694
43160376
43402276
43611662
43800634
44012092
44214312
44546291
44908779
45336050
45892008
46304194
46451079
46438616
46121632
45618812
45171523
44878481
44591839
44404443
44281715
44124657
43914345
43679974
43448490
43168694
