1049826
98654
-912052
-2023741
-2855333
-3567077
-4250965
-4990141
-5802578
-6709345
-7624201
-6896107
-6405746
-5970910
-5556051
-5169763
-4795703
-4480660
-4390493
-4437767
-4543833
-4637071
-4675378
-4701485
-4749247
-4856199
-4932395
-4949063
-4956301
-4925862
-4920061
-4944808
-4848876
-4675671
-4229495
-3486115
-2716110
-1896813
-981915
-131578
714977
1630222
2373580
3064102
3670221
4249316
4905311
5694473
6182184
6547177
7015839
7352054
7584592
7806278
7855279
7859883
7750764
7650381
7573589
7499402
7600047
7798539
8227622
8776815
9386016
9991750
10530333
11034726
11499189
11925659
12360109
12785531
13272426
13801485
14378392
15032017
15611134
16143755
16472105
16728025
17009109
17283258
17539622
17811087
18059818
18326901
18607183
18861340
19098496
19313407
19538394
19748319
19938215
20145996
20344362
20512384
20627823
20716031
20771915
20841996
20821604
20709340
20545364
20322763
20029254
19660380
19251992
18790926
18283995
17769368
17283421
16879900
16485461
16113495
15753689
15424724
15142414
14868272
14634684
14437812
14279382
14146311
14031672
13943689
13927227
13865913
13836940
13871986
13750997
13476299
13107565
12687867
12209844
11678611
11074448
10445178
9745060
9036772
8311693
7526521
6753207
6006443
5314129
4642335
4042746
3505560
3039855
2637712
2278126
1989504
1746551
1591097
1513079
1439505
1362498
1284218
1211588
1155603
1073722
993340
931429
859651
797077
738495
662117
590714
527417
467148
404742
329931
268677
201471
155819
84704
23055
-19487
-71028
-107579
-136038
-181323
-212008
-219014
-227463
-206227
-217068
-302251
-329944
-313379
-313735
-312122
-271067
-234808
-193929
-153326
-104256
-27385
26581
68236
139176
231095
320679
392713
496460
607508
709787
809792
918062
1049581
1179312
1228643
1320857
1442409
1578600
1715901
1868899
2054318
2231676
2411979
2610674
2831701
3083130
3355011
3654193
3948938
4233087
4555099
4902356
5279120
5662013
5966320
6274530
6730939
7205463
7632623
8063037
8535554
9022558
9496922
9939792
10382309
10850884
11313738
11770077
12214566
12651549
13125745
13580142
13935666
14359433
14819818
15311431
15774058
16228037
16770961
17266240
17743152
18175017
18610603
19004240
19377074
19776444
20112337
20451520
20760045
21068723
21346813
21596193
21838781
22134165
22351090
22480701
22603609
22741442
22889139
23021313
23122217
23211881
23299730
23383494
23453471
23527004
23590631
23642447
23692739
23729696
23769066
23804372
23834090
23858474
23888827
23931245
24022304
24079327
24079327
24079327
24079327
24079327
24079327
24079327
24079327
24079327
24079327
24079327
24079327
24079327
24079327
24079327
24079327
24079327
24079327
24079327
24079327
24079327
24079327
24079327
24079327
24079327
24079327
24079327
24079327
24079327
24079327
24079327
24079327
24079327
24079327
24079327
24079327
24079327
24079327
24079327
24079327
24079327
24079327
24079327
24079327
24079327
24079327
24079327
24079327
24079327
24079327
24079327
24079327
24079327
24079327
24079327
24079327
24079327
24079327
24079327
24079327
24079327
24079327
24079327
24079327
24079327
24079327
24079327
24079327
24079327
24079327
24079327
22621898
21262243
19974814
18740712
17556907
16426700
15345802
14303667
13351504
12460246
11619208
10858505
10119258
9463653
8922682
8465041
8080108
7784420
7612693
7537606
7549308
7569795
7527910
7373458
7104232
6712566
6273977
5743649
5108294
4421168
3691962
2877271
2028081
1138859
169941
-820451
-1910421
-2906059
-3616632
-4307996
-5018055
-5806039
-6703623
-7668242
-7106810
-6576750
-6130864
-5709251
-5301607
-4918841
-4605557
-4434478
-4456341
-4518686
-4626416
-4677581
-4681763
-4705783
-4803835
-4879020
-4925040
-4919059
-4899791
-4873990
-4942614
-4890002
-4751862
-4418855
-3756778
-2970361
-2170457
-1281228
-347944
460716
1337414
2116833
2798614
3447042
4043883
4665399
5416147
6081518
6445469
6895431
7299048
7527985
7755194
7879304
7876334
7805494
7689364
7649524
7536683
7578166
7767177
8123346
8651873
9223276
9860438
10398037
10909908
11394873
11830718
12242216
12695810
13147772
13659312
14201818
14860744
15477127
16015483
16429002
16681577
16954136
17228449
17490039
17755268
18007048
18264998
18559646
18810354
19048826
19259883
19489716
19712723
19899082
20116546
20321526
20483907
20627110
20711351
20780866
20850866
20873139
20789813
20639429
20440427
20165301
19820563
19415373
18971856
18478380
17954412
17443000
17022039
16637938
16244369
15868781
15528937
15225866
14955042
14700209
14481789
14299358
14173653
14052923
13945444
13922378
13873477
13842728
13846436
13787806
13553440
13216606
12795542
12345710
11841750
11251685
10634933
9953331
9253393
8527051
7764570
6984826
6207592
5513847
4838882
4205154
3650478
3162168
2743253
2380435
2064633
1798973
1608538
1527855
1447823
1365970
1302476
1219935
1170602
1101313
1019664
953758
878497
815101
756782
676789
616065
546108
471572
425362
352666
273935
208105
163383
88458
30714
-10970
-53542
-99924
-125262
-166107
-201377
-220095
-230898
-224851
-209103
-272852
-330020
-319951
-313045
-313052
-280399
-236770
-187596
-151665
-107121
-45301
1686
50647
122144
203131
290674
365784
462113
570519
658531
761621
869363
977900
1135077
1190699
1276465
1406385
1542009
1688158
1847817
2035124
2197014
2381418
2564051
2772093
3011467
3269534
3566483
3861721
4138704
4465999
4788321
5172286
5547836
5858593
6173997
6588053
7055349
7502114
7922764
8397007
8873038
9350811
9808136
10240632
10715369
11166702
11636789
12072812
12516701
12990692
13453296
13837519
14182883
14641727
15131264
15628767
16050865
16584298
17095689
17570354
18013412
18448709
18851015
19223889
