-2521298
-2541748
-2665985
-2474241
-2745324
-2790352
-2546715
-2480322
-2478061
-2414909
-2585467
-2680042
-2540246
-2723619
-2732071
-2722779
-2646076
-2727524
-2635002
-2411465
-2244871
-2257021
-1892832
-1796336
-1701061
-1586974
-1653530
-1559531
-1394390
-1258387
-1285265
-1240185
-1220279
-1223934
-1073672
-1003332
-1011243
-627739
-360014
-511322
-212371
-37932
-313657
-210769
-51271
-289268
-216923
-61034
69799
194245
197918
15124
23806
-261135
-613060
-620557
-573242
-934106
-724768
-718289
-691209
-438628
-183381
-354527
-348128
-232200
-544256
-402053
-316570
-533742
-371549
-296814
-331671
-363369
-387826
-598424
-674607
-563273
-543388
-807536
-637188
-500109
-836467
-516463
-212254
-271517
30078
-73810
-165373
9802
11868
-183896
-203854
-356158
-797428
-766829
-756480
-964102
-941771
-1095142
-1420244
-1537421
-1683495
-1883508
-1903028
-1917813
-2193869
-2140305
-2195322
-2586246
-2474075
-2490578
-2414253
-2028279
-1901878
-1973570
-2070704
-2325420
-2357796
-2293371
-2160873
-2281630
-2285486
-2039764
-1999287
-2073839
-2206284
-2318772
-2423560
-2520841
-2559545
-2511627
-2523822
-2465157
-2654227
-2614147
-2582986
-2525089
-2669008
-2445332
-2371812
-2510275
-2444059
-2509747
-2653654
-2318503
-2569949
-2671299
-2515137
-2442913
-2432945
-2418355
-2157779
-1912214
-1762539
-1696096
-1645330
-1409811
-1578268
-1514001
-1366842
-1056653
-1130558
-1291828
-1070704
-976879
-845618
-976958
-971935
-492572
-363063
-411223
-174540
60842
-150617
-53140
-194272
-249892
-85728
119916
-3337
158151
215876
-159188
10707
-113604
-558512
-565175
-673441
-898668
-657683
-464575
-646914
-500618
-219860
-291034
-246334
-150992
-369213
-357210
-238137
-352853
-257950
-194311
-375065
-309796
-187860
-401747
-710563
-502044
-549628
-648734
-412851
-592585
-494095
-133143
-220297
-244251
111742
168073
59651
140088
211132
-166494
84688
-358640
-443398
-585591
-841483
-808350
-745157
-1128265
-1264769
-1326007
-1641949
-1696876
-1763648
-1941662
-2047443
-1922901
-2152772
-2458455
-2385839
-2322993
-2208673
-1931290
-1862975
-1875991
-2033509
-2364348
-2396265
-2080161
-2021312
-2239332
-2073172
-2125098
-1993178
-2004858
-2075133
-2283117
-2408747
-2466228
-2532795
-2453098
-2509892
-2465047
-2509818
-2652386
-2596373
-2363155
-2595146
-2393357
-2373897
-2431707
-2457456
-2417255
-2399666
-2345078
-2322962
-2556484
-2357598
-2301216
-2379661
-2245376
-1963998
-1740993
-1538995
-1497370
-1482779
-1260713
-1320698
-1443808
-1071751
-841323
-993416
-999365
-690179
-699789
-662311
-663489
-716414
-389585
-276037
-299105
62990
171747
43866
63142
-140254
-98362
-25175
168481
43661
86809
232826
-78898
-116939
-22075
-428613
-497960
-519128
-752281
-518776
-251946
-471624
-392761
-199453
-178566
-139152
163984
-157436
-180937
-5943
-147772
-12286
-112268
-50709
-159484
128896
-165683
-493930
-323706
-491848
-378888
-248001
-319516
26252
352699
-148078
-50078
443495
379333
367166
500823
377111
48732
332472
5812
-176504
-245190
-563839
-774316
-547502
-850400
-1166127
-1033717
-1344075
-1460959
-1684573
-1910504
-1944234
-1698653
-1884780
-2382689
-2204681
-2096603
-2114928
-1704293
-1828427
-1868912
-2009364
-2212996
-2160910
-1802023
-2034320
-1893404
-2033065
-1903551
-1948405
-1949284
-1961905
-2173500
-2304874
-2290018
-2313286
-2306897
-2472733
-2328855
-2366647
-2417646
-2534755
-2229217
-2374065
-2363582
-2317044
-2348992
-2319657
-2083862
-2056879
-2210806
-2112648
-2004561
-1996445
-2094041
-1953807
-1873776
-1663362
-1438831
-1211055
-1225497
-1063137
-1089682
-1074751
-1014744
-750927
-683576
-769014
-595550
-279994
-464991
-425756
-372743
-379572
-322497
-14512
-174806
197563
330548
135104
235258
91189
-74971
-14608
199208
58124
88435
237575
-61046
-80448
-68189
-347528
-282230
-325425
-630203
-428419
-252754
-358991
-186339
-136982
-185572
56434
238078
-31691
-77452
129673
2180
19633
188844
-50883
-51615
224762
-14347
-274838
-271205
-296918
-362671
-176746
-10700
41125
472487
86356
62223
600004
338513
568417
725369
580419
205871
510310
315827
-35388
32863
-345959
-619039
-487202
-659847
-861355
-795750
-1151868
-1378986
-1482150
-1762083
-1864482
-1570045
-1583040
-2191078
-2032715
-1897031
-1942203
-1693866
-1720195
-2002441
-1898776
-1866053
-1937558
-1772810
-1855407
-1746556
-1786118
-1686469
-1875323
-1921894
-1890633
-2026778
-2080109
-2154626
-2164269
-2246590
-2235737
-2384899
-2238935
-2182283
-2439748
-2228639
-2188678
-2159137
-2204431
-2224341
-2102911
-1988885
-1881606
-1936659
-1893046
-1655827
-1599954
-1840876
-1682345
-1600869
-1590668
-1207405
-983327
-978191
-805539
-679932
-771427
-753505
-549943
-557533
-427610
-216284
-72742
-271410
-205168
-114341
-200859
-58538
146835
-12131
205075
419760
164951
285323
409242
-28807
67944
213677
-8725
-10789
254716
-24747
-104757
-159265
-164173
-172510
-177151
-424968
-325299
-178405
-188181
-158262
17076
-172488
112552
429098
48975
53991
317662
-33028
159945
266646
-16456
100219
242055
76461
-16664
-10858
-129171
-211120
71456
85482
224978
501628
375472
321089
616698
588952
524243
854294
867539
448564
683535
402647
284267
56367
-141514
-310401
-397767
-515065
-625171
-534542
-988349
-1312331
-1318741
-1567714
-1683867
-1370197
-1460741
-1802795
-1880698
-1717190
-1692195
-1627083
-1658358
-1639697
-1604869
-1369046
-1674877
-1498189
-1627394
-1541217
-1259118
-1419468
-1618102
-1616565
-1818969
-1759355
