745051843
745057862
745057180
745053307
745037260
745018420
744998474
744967174
744939894
744931460
744921734
744902007
744885516
744875196
744854789
744848835
744847653
744846296
744837018
744823863
744817719
744816091
744812891
744808492
744801579
744797442
744793177
744779746
744760682
744756946
744756540
744757030
744757279
744758306
744760959
744763449
744765927
744767145
744766852
744767041
744767460
744768075
744769146
744771339
744775044
744778679
744782362
744785479
744789209
744792654
744798491
744807262
744814088
744820590
744825071
744828310
744832328
744836319
744842496
744853924
744858629
744865009
744861132
744857695
744852857
744846424
744838339
744837683
744840584
744845870
744855032
744856370
744863068
744870557
744873972
744871154
744872779
744871324
744859943
744851408
744848751
744845064
744844571
744845693
744849606
744850785
744850654
744849356
744851634
744854511
744857501
744856513
744853478
744848466
744844649
744839944
744835386
744826271
744818019
744806428
744799506
744789291
744774343
744767250
744753409
744748623
744745654
744741443
744738131
744735368
744726256
744719971
744717023
744715177
744713500
744713200
744708445
744704140
744702294
744702221
744698043
744697494
744702162
744704702
744705724
744707048
744708952
744715018
744715167
744718526
744722260
744724502
744725245
744726167
744724952
744726041
744727534
744731475
744732341
744735098
744735147
744735442
744736315
744737485
744739854
744740445
744747781
744759626
744780265
744805888
744821190
744834367
744851783
744868743
744881172
744897056
744917775
744941176
744959111
744968970
744978207
744985810
744992874
745003546
745004685
744981757
744961309
744952609
744929133
744910300
744874256
744868359
744858550
744837391
744810825
744787982
744757547
744750092
744718801
744681768
744663687
744630657
744593542
744557607
744535093
744516744
744498956
744485175
744474423
744457091
744446603
744434240
744404315
744370657
744348167
744309155
744273899
744234155
744216215
744216588
744212260
744229580
744236910
744273334
744313818
744357018
744390766
744409205
744407497
744386492
744343394
744301024
744269834
744237073
744216233
744212910
744198422
744186898
744180293
744170901
744157088
744144291
744133202
744120383
744103473
744086005
744069547
744059922
744053352
744042479
744031208
744024005
744016714
744013506
744010425
744017592
744025744
744047651
744067740
744069570
744066258
744070883
744074924
744078530
744093163
744099343
744100964
744100922
744103011
744109611
744105320
744102293
744101731
744100623
744101042
744099566
744095599
744099581
744108470
744104698
744097674
744090977
744080115
744072843
744065595
744058359
744043956
744035060
744024721
744015266
744007655
743998817
743990562
743980915
743970212
743956558
743943942
743928515
743914395
743900834
743884622
743867336
743848478
743837228
743823527
743812975
743809596
743808410
743807232
743803145
743797801
743796065
743794228
743792853
743790782
743790039
743787596
743786099
743783897
743782562
743778877
743779432
743778921
743781001
743782095
743780937
743776885
743772562
743770898
743768550
743761545
743755197
743748842
743743233
743734192
743728719
743727185
743726613
743727978
743728881
743732043
743733049
743731643
743729028
743728177
743725785
743721722
743717857
743717020
743724429
743729205
743732811
743732529
743729824
743728060
743728239
743730437
743732226
743734021
743731365
743733505
743732938
743726368
743718518
743704552
743687821
743663113
743647842
743634500
743614793
743590505
743568475
743548214
743534593
743518481
743503238
743493143
743478985
743461445
743446277
743418110
743369497
743331778
743300227
743286278
743250186
743196119
743169181
743128302
743073484
743040735
743003743
742945462
742870318
742792030
742717235
742672110
742617763
742560508
742513388
742486025
742485537
742468456
742453869
742420328
742377001
742310759
742255191
742206462
742180682
742159587
742130495
742072748
742008595
741929372
741865809
741817704
741773851
741746907
741711532
741690357
741654856
741628291
741627979
741636000
741640627
741651061
741662312
741689488
741718875
741736542
741782341
741816524
741830315
741817739
741790542
741760690
741742187
741716526
741680910
741644376
741608602
741562556
741517145
741476036
741433744
741404877
741393414
741394081
741393232
741391833
741392308
741379979
741361057
741343511
741324106
741307633
741291085
741278391
741270455
741260999
741259499
741255698
741242060
741239444
741238922
741237077
741236819
741234709
741235125
741224394
741214946
741209421
741197943
741173584
741141345
741110190
741083941
741046652
741002736
740979674
740951987
740930141
740890434
740851626
740805745
740757785
740718608
740701019
740693448
740682725
740666822
740654204
740642780
740631684
740622885
740610160
740593045
740576501
740571822
740567277
740563310
740550936
740524784
740502587
740492089
740485511
740477621
740461495
