34966326
35096993
35229001
35236250
35222643
35189780
35114689
34965675
34806188
34632492
34420820
34214876
34028045
34351059
35341593
36226980
37053750
37782082
38467580
38970083
39462429
40019446
40617112
41313955
41874088
42491815
43137249
43600249
44067031
44223229
44266080
44501463
44694767
44831953
44965392
45054595
45290120
45475504
45442271
45570303
45936595
46545581
47268388
47876547
48473399
49338453
50210464
51036195
51772052
52584286
53246474
53945510
54791540
55629361
56476942
57328502
58091312
58820236
59615526
60441520
61267876
62136683
63067426
63957237
64892954
65871864
66991104
67234036
67339214
67462060
67564858
67624542
67136090
65698820
64276222
62846866
61421448
59988026
58525948
57099426
55755950
54413014
53077936
51753896
50446372
49144486
47844042
46542698
45210090
43847960
42755258
42849521
43034451
43296816
43552633
43239671
42933273
42632347
42140454
41703992
41667517
41679701
41524753
41420812
41188449
40637191
40096860
39585883
39069937
38792413
38581828
38244276
37676223
36969311
36468660
36044954
35550989
35097161
34752360
34336336
34166687
34062776
33765812
33877525
34038847
34076715
34338690
34432536
34278747
34101196
33911954
33810498
33637058
33360591
33131999
32864974
32601260
32325722
31994598
31558905
31222137
30922348
30692205
30981318
32168985
33326397
34603232
35979049
37290785
38607760
39926471
41147862
42461774
43845042
44990335
46193537
47471484
48637192
49894089
51250391
52440835
53362291
53095410
52906217
52797755
52584771
52925769
53370722
53750543
54127111
54607125
54980701
55482691
56090459
56706489
57346565
58222587
59113341
59935652
60748910
61540587
62360463
63179158
63975705
64730679
65459104
66169364
66844131
67487455
68074892
68638993
69131114
69553826
69879163
69942103
69940107
69936319
69942423
69943401
69940545
69939813
69935689
69843339
69739128
69628941
69498433
69394297
69295418
69180874
69069424
68974457
68876877
68794049
68715935
68649289
68582980
68534197
68469836
68398250
68332892
68284184
68226922
68171993
68174952
68201545
68213477
68248735
68220853
68206812
68206841
68132336
68169771
68165734
68181017
68182443
68099217
67958829
67904431
67940578
68007549
68028803
67996796
67975289
67973716
67966681
67944212
68002600
67980669
67912204
67956814
68035317
68115015
68147872
68130993
68073391
68081193
68100901
68082575
68092502
68126542
68152941
68163231
68171536
68190771
68207615
68210282
68200185
68174655
68000183
67700741
67365326
66993265
66587575
66242327
65899157
65569793
65302178
65066239
64849147
64671745
64547299
64361939
64082413
63782549
63451611
63074429
62707355
62305614
61928767
61530419
61112561
60730258
60354253
59969508
59597185
59332462
59187090
59017329
58853807
58669781
58376621
58082979
57719899
57369808
57022720
56605601
56214462
55965061
55948128
55886449
55822874
55820363
55899236
56001122
56109100
56276569
56408507
56501237
56647751
56756497
56804107
56812700
56780736
56791794
56777421
56768983
56683160
56515789
56379576
56219318
56073911
56012439
55903096
55439306
54899989
54366202
53936129
53493577
53052989
52829807
52699682
52537975
52466492
52370185
52248354
52159099
52066845
51987823
51845910
51641201
51437995
51198661
50971840
50833947
50719245
50657560
50659072
50651483
50638046
50630326
50651190
50669825
50601629
50567620
50526214
50363614
50146470
49922800
49728153
49568549
49376216
49292927
49295975
49372015
49433286
49556220
49666779
49776664
49840524
49704994
49584674
49471871
49315240
49204303
48985603
48762405
48534530
48297851
48077738
47849201
47829534
47972409
48087480
48201039
48280265
48297481
48327668
48314330
48269060
48253305
48189170
48108815
48055218
