160360136
159237828
158162551
157251573
156293848
155208582
154058717
152991719
152102901
151012622
149838248
148785685
147774988
146749749
145796842
144842705
143859215
142884725
141960929
141410750
140853618
140162345
139449075
138760860
138216851
137688761
137171526
136800338
136333137
135772163
135088902
134244808
133343379
132182978
131062541
129786955
128593117
127444682
126186524
124924963
123632719
122277483
120954258
119631559
118484769
117434027
116462272
115581284
114847334
113954995
112925819
111934498
110914523
109983825
109215852
108670556
108152438
107778374
107295902
106950944
106635753
106243870
105874732
105627045
105248115
104826453
104444721
104284542
104140516
104016887
103714084
103470940
103254409
103093337
103021616
103038842
103160531
103279530
103366294
103574108
103831234
104063899
104200308
104370041
104480388
104581320
104760976
105317702
105720714
106147718
106538711
106764294
106857966
106918743
107069514
107233673
107327364
107371866
107237541
107114913
107119204
107080488
107098485
107142333
107301744
107628156
108097448
108702656
109277414
109804280
110345520
110958684
111458729
111903982
112385906
112750116
113224583
113690928
114082904
114561106
114922165
115138362
115356878
115441726
115397687
115447957
115422410
115340618
115301363
115262186
115285711
115162051
115057734
114920088
114843995
114795877
114658734
114468225
114287008
114209811
114185330
114226991
114411554
114612458
114814211
114967825
115106290
115267933
115181479
115250515
115392698
115633029
115840645
115984304
116165439
116414681
116749765
117173173
117707368
118424383
119356459
120468651
121822172
123196041
124606637
126032436
127562008
129203668
130892848
132614319
134384380
136179268
137981752
139739212
141478635
143190014
144908296
146587785
148309158
150076582
151866894
153664618
155454344
157229574
159006863
160763983
162500713
164230939
165939683
167666237
169412638
171174359
172936049
174709091
176464768
178229885
180003732
181775486
183545696
185321654
187022062
188657420
190170225
191624057
192980304
194293204
195529225
196739818
197865334
198910116
199866930
200780278
201663946
202497603
203310744
204154075
204970098
205738132
206468321
207206257
207980538
208787949
209597199
210399882
211234568
212079803
212866983
213578562
214274723
215032107
215837341
216671981
217534822
218373928
219193906
220007128
220813079
221614635
222410424
223180637
223970033
224754297
225551936
226344046
227175044
228014945
228913082
229817041
230731314
231660192
232595801
233558715
234528868
235504609
236487970
237464981
238451009
239432719
240391569
241338989
242266343
243201063
244127147
245062248
245982617
246909844
247834404
248747026
249659648
250550807
251431806
252282960
253107571
253901956
254656209
255378077
256035810
256666746
257201289
257668395
258017518
258287139
258488815
258609211
258617085
258617085
258617085
258617085
258617085
258617085
258617085
258617085
258617085
258617085
258617085
258617085
258617085
258617085
258617085
258617085
258617085
258617085
258617085
258617085
258617085
258617085
258617085
258617085
258617085
258617085
258617085
258617085
258617085
258617085
258617085
258617085
258617085
258617085
258617085
258617085
258617085
258617085
258617085
258617085
258617085
258617085
258617085
258617085
258617085
258617085
258617085
258617085
258617085
258617085
258617085
258617085
258617085
258617085
258617085
258617085
258617085
258616577
258615561
258615561
258615561
258615561
258615307
258615307
258615307
258615307
258614037
258613529
258610735
258610735
258598797
258595495
258594225
258590923
258569333
258561459
258556379
258552315
258547743
258510405
258445635
258364609
258280281
258147185
257988181
257854577
257647186
257435350
257195828
256918587
256619248
256210181
255740535
255249045
254738124
254077724
253360555
252528118
251652200
250789296
249891738
248984529
248065524
247125548
246170816
245211265
244261467
243285691
242306106
241312639
240332498
239351376
238350970
237352076
236349374
235379246
234421746
233444483
232487606
231536040
230581773
229691974
228784705
227890881
227008098
226161047
225248946
224206932
223108964
222003471
220860639
219624386
218342170
216943931
215427754
213885903
212280966
210650581
208879473
206912986
204883767
202711343
200388026
198085454
195803330
193619200
191403033
189308227
187222932
185342248
183388737
181373711
179413421
177435691
175427979
173371271
171358838
169488598
167724160
166061982
164589320
162941961
161251990
159646873
158048136
156351248
154674210
153111247
151609272
149915782
148185226
146427714
144748498
143028091
141095256
139145642
137361651
135523618
133651333
131826691
130245325
128734535
126951429
125172983
123496032
121912602
120457481
118907212
117474417
116139202
114787581
113347685
111739683
110058862
108384222
106889406
105425095
104018547
102586569
101165710
99903901
98474662
97103423
95734575
94265894
92623343
90823130
89070547
87268626
85661421
84069546
82546996
80980883
79624324
78184779
76845533
75322504
73710632
72136114
70674297
69335796
67917910
66570076
65200186
64048306
63067770
62122288
61348252
60644061
59776799
58774035
57770739
56834188
55991834
54991617
54028281
53025695
52055674
50858136
49446457
48130135
46769415
45343996
43935716
42392976
40951129
39672811
38213254
36751066
35292913
33528812
31711760
30178468
28584436
27026450
25642859
24384272
23096461
21863081
20861698
19708310
18716256
17796294
17024630
16435078
15832739
15274422
15142342
15371028
15312944
15291698
15312545
15409448
15437071
15567968
16209388
16946866
17797824
18650682
19828355
21092159
22267637
23587448
25034736
26480261
27845010
29242357
30703485
32229060
33817126
35522984
37273045
38810901
40168157
41797748
43371559
44907175
46504646
48093060
49701708
51253645
52768405
54152058
55887368
57739011
59467273
61082636
62717441
64428438
66300596
68232529
70056010
71934576
73648968
75217587
76725975
78388231
80047439
81656306
83116652
84748446
86543127
88507122
90437944
92149598
93772190
95281755
96820018
98328946
99585559
100852726
102011798
103356153
104674668
106018828
107469381
109050182
110649064
112259027
113925021
115589636
117308073
119057390
120827599
122628184
124332097
126029524
127876439
129812861
131790570
133633024
135337153
137040289
138596729
140100535
141811761
143575174
145419201
147096400
148681566
150281880
151995980
153602939
155398917
157281822
159179492
161106489
163110051
165206875
167354765
169467625
171605795
173807318
175984646
178231677
180498995
182786068
184998646
187276343
189494024
191729604
194082773
196444799
198804669
201145689
203456280
205772204
208089991
210412496
212685271
214980418
217280254
219537067
221829843
224134017
226378523
228494849
230578914
232739819
234945301
237084489
239169575
241192558
243180616
244734080
246217821
247582563
248884821
249902853
250747403
251475748
252202696
252722507
253152529
253561342
253968631
254260350
254543941
254862203
255132840
255406144
255696847
255988693
256220722
256455672
256698115
257013456
257281299
257521964
257708781
257874262
258028694
258162933
