222922327
223092331
223269268
223445657
223622441
223795250
223967847
224136253
224302383
224463514
224627744
224788897
224951975
225118551
225282673
225439463
225597983
225752261
225909071
226065111
226226332
226399627
226568321
226742166
226908832
227071733
227238041
227390028
227543121
227681339
227818189
227954644
228098350
228235002
228372924
228507544
228643688
228776298
228912136
229047094
229184301
229319561
229451343
229576928
229706932
229841679
229973759
230096695
230205788
230308277
230417751
230527193
230637521
230746242
230857660
230969616
231079020
231184251
231290245
231393069
231496279
231593965
231690421
231786012
231879358
231977172
232073927
232168657
232263248
232360097
232458006
232554907
232652824
232753408
232851833
232948988
233045762
233143044
233240580
233335195
233427651
233524552
233623612
233718989
233813985
233906187
233997246
234084114
234168569
234251373
234335955
234409996
234482894
234554522
234623610
234690412
234755563
234816650
234878499
234939332
235002832
235065697
235132245
235200063
235268262
235335318
235401612
235464985
235526961
235586524
235645325
235703110
235760387
235817537
235871639
235918629
235965238
236015530
236069886
236127163
236179741
236227874
236278039
236328839
236383449
236438186
236491780
236544485
236596047
236646974
236699298
236752384
236805470
236856905
236905546
236951901
236992414
237033689
237076107
237118525
237160562
237204631
237251113
237297341
237342045
237387257
237432469
237478570
237525433
237573947
237620810
237668435
237715044
237760002
237805087
237850045
237894301
237936022
237977210
238017433
238056833
238106057
238156151
238205420
238254488
238303855
238353951
238404562
238455557
238504152
238556010
238609132
238664115
238718624
238771758
238819928
238866602
238912064
238957536
239003266
239049530
239095585
239139059
239181324
239221818
239267570
239313847
239353979
239392841
239432719
239471962
239509427
239545749
239586135
239625124
239663097
239701070
239739424
239778286
239815497
239851311
239886236
239921415
239957229
239993678
240029619
240063782
240096294
240127536
240158651
240189639
240220627
240251805
240282865
240313182
240343075
240372350
240403453
240433991
240464608
240495709
240527332
240558828
240590070
240620931
240650776
240679986
240707418
240733834
240761901
240788698
240815368
240841784
240868835
240895886
240922683
240950877
240977293
241003328
241026315
241047397
241066701
241086005
241105055
241124105
241143409
241162713
241181890
241201321
241221387
241241453
241262408
241284252
241304953
241323622
241340513
241356261
241372644
241389789
241405537
241421539
241434366
241446685
241458496
241469926
241480975
241491135
241500660
241510312
241521107
241532156
241544856
241557302
241573304
241587655
241600609
241612420
241625374
241637820
241647980
241657505
241666776
241675285
241684175
241692557
241699923
241705892
241711353
241716433
241721767
241726593
241730022
241732435
241734848
241738785
241743357
241748691
241756184
241763423
241770789
241778917
241787680
241795808
241802793
241809270
241814604
241819938
241822224
241824637
241826288
241827558
241829082
241831622
241834035
241836448
241838861
241841274
241843687
241846100
241848513
241850926
241853339
241855752
241858419
241861594
241864515
241867436
241870611
241874040
241876707
241879374
241882041
241884708
241887375
241890042
241892709
241895376
241897408
241899440
241901472
241903504
241905536
241907568
241909600
241911632
241913156
241913664
241914172
241914680
241915188
241914553
241911759
241909600
241908076
241908330
241908076
241908076
241908076
241908076
241908076
241908076
241908076
241908076
241908076
241908076
241908076
241908076
241908076
241908076
241908076
241908076
241908076
241908076
241908076
241908076
241908076
241908076
241908076
241908076
241908076
241908076
241908076
241908076
241908076
241908076
241908076
241908076
241908076
241908076
241908076
241908076
241908076
241908076
241908076
241908076
241908076
241908076
241908076
241908076
241908076
241908076
241908076
241908076
241908076
241908076
241908076
241908076
241908076
241908076
241908076
241908076
241908076
241908076
241908076
241908076
241908076
241908076
241908076
241908076
241908076
241908076
241908076
241908076
241908076
241908076
241908076
241908076
241908076
241908076
241908076
241908076
241908076
241908076
241908076
241908076
241908076
241908076
241908076
241908076
241908076
241908076
241908076
241908076
241908076
241908076
241908076
241908076
241908076
241908076
241908076
241908076
241908076
241908076
241908076
241908076
241908076
241908076
241908076
241908076
241908076
241908076
241908076
241908076
241908076
241908076
241908076
241908076
241908076
241908076
241908076
241908076
241908076
241908076
241908076
241908076
241908076
241908076
241908076
241908076
241908076
241908076
241908076
241908076
241908076
241908076
241908076
241908076
241909219
241912521
241915188
241917855
241918109
241918363
241918363
241918363
241918363
241918363
241918363
241918363
241918363
241918363
241918363
241918363
241918363
241918363
241918363
241918363
241918363
241918363
241918363
241918363
241918363
241918363
241918363
241918363
241918363
241918363
241918363
241918363
241918363
241918363
241918363
241918363
241918363
241918363
241918363
241918363
241918363
241918109
241917855
241917093
241916331
241915315
241914299
241913156
241911632
241909473
241909219
241907822
241905536
241904393
241902361
241900583
241899821
241899567
241899567
241899313
241899059
241899059
241899059
241899059
241898551
241897789
241897027
241896265
241895503
241894741
241893979
241893217
241892455
241891185
241889915
241888645
241887375
241886105
241884835
241883565
241882295
241881025
241879755
241878739
241877723
241875183
241872008
241867944
241863499
241857911
241852323
241846989
241841655
241839369
241836575
241833527
241830098
241825653
241821208
241816763
241812318
241807873
241803428
241798983
241794538
241788823
241783743
241778917
241774472
241770027
241765201
241760121
241754406
241747548
241741071
241734340
241728244
241721767
241714909
241707035
241698145
241686715
241675285
241663855
241652425
241640995
241629565
241618135
241606705
241595910
241585369
241574574
241564033
241550825
241537109
241523520
241509550
241494564
241478943
241462814
241447701
241436144
241424079
241408204
241389916
241370612
241351308
241332004
241312700
241293396
241274092
241254788
241235484
241216053
241196368
241176429
241157760
241140107
241121565
241100610
241075591
241048413
241021108
240994057
240967133
240937034
240906681
240876074
240844451
240813209
240781205
240750090
240719610
240692940
240665254
240634774
240599722
240562765
240525554
240488089
240452656
240417985
240382933
240345722
240305590
240264950
240224310
240181892
240141379
240102898
240062639
240022507
239979073
239934242
239889474
239847001
239803277
239758748
239708394
239653772
239596172
239531793
239464469
239395889
239324642
239252379
239178592
239100741
239019715
238937927
238852202
238765207
238675291
238586010
238493300
238399574
238302165
238197517
238094139
238000794
237901760
237801859
237702227
237600486
237490563
237380446
237267935
237154908
237041307
236927832
236806925
236680790
236544222
236408043
236273420
236139457
236003516
235867787
235725397
235576409
235421314
235267009
235113347
234962178
234807535
234649673
234486211
234319483
234146226
233972593
233798870
233629463
233459369
233287701
233109715
232927747
232738908
232563538
232388680
232210253
232030685
231853050
231672192
231486413
231295109
231097883
230901838
230701861
230492608
230296309
230106893
229913118
229712560
229507068
229294694
229068688
228842304
228623119
228391880
228152162
227916036
227680508
