44015422
43933914
43908226
43981389
43968325
43913616
43948344
43866872
43930570
43964873
43856348
43865277
43909140
43949673
43974450
43988302
43926286
43869438
43895709
43817614
43668193
43602347
43506060
43495948
43531113
43497866
43593620
43704881
43700467
43772728
43724407
43623841
43719373
43805513
43783320
43942419
44113181
44283885
44576746
44824947
45025964
45267123
45544102
45709364
45835138
45882761
45925797
45959228
45945096
45789428
45629031
45481313
45346481
45205973
45058990
44850187
44603288
44494485
44401334
44282649
44209163
44199436
44237036
44263334
44300180
44236352
44262439
44315187
44317283
44349481
44420162
44459240
44532959
44602025
44608047
44662925
44663061
44692238
44833626
44905113
44885399
44936612
45037828
44956794
44892193
44882029
44713925
44510302
44325798
43976996
43712463
43580077
43383914
43298179
43366732
43312969
43349976
43581767
43663410
43755462
43977232
43909950
43934691
43927777
43749762
43960284
44045376
43772702
43861347
43846088
43517155
43658774
43692499
43420965
43525212
43554850
43451655
43602906
43659567
43559902
43618648
43562440
43323549
43268117
43231057
43095724
43057368
43150495
43085723
42980224
42998186
42879424
42706453
42699479
42678882
42666430
42631593
42534896
42544619
42643080
42743711
42904541
42996359
42935359
42869859
42786698
42706841
42786632
42781986
42715081
42851656
42852492
42766794
42940873
42998914
42959516
43104812
43151878
43100188
43370178
43593478
43569779
43862593
44042066
43899494
44120114
44143585
43810853
43967057
