-4932777
-5888289
-6916981
-8013991
-9092790
-10121779
-11129154
-12081244
-13055648
-14043210
-15026765
-16003571
-16939665
-17746086
-18529689
-19258002
-19406651
-19591972
-19797089
-19971518
-20075046
-20167769
-20173405
-20189954
-20193886
-20166545
-20097059
-20072574
-20034519
-19994639
-19918151
-19806830
-19635975
-19470424
-19325152
-19185656
-19066671
-18982235
-18861842
-18639926
-18401618
-18235402
-18085076
-17930208
-17759510
-17626838
-17507769
-17392784
-17263171
-17178115
-17154960
-17103450
-17070122
-17046226
-17048364
-17002866
-16921214
-16877425
-16856932
-16763331
-16610977
-16447153
-16301049
-16290623
-16208385
-16025111
-15800354
-15551132
-15335787
-15090844
-14846603
-14567170
-14244515
-13998658
-13726573
-13498419
-13260946
-13034030
-12898288
-12763905
-12649327
-12530013
-12388657
-12319549
-12270804
-12276475
-12208152
-12189492
-12212678
-12248687
-12378351
-12472027
-12522849
-12536463
-12493230
-12476230
-12422074
-12363241
-12288329
-12148694
-12063934
-12000881
-11866926
-11737669
-11668144
-11628210
-11548538
-11611182
-11718772
-11804711
-11936797
-12015641
-12119973
-12259041
-12338043
-12408589
-12452665
-12504117
-12494948
-12482967
-12508366
-12577864
-12701657
-12925086
-13082723
-13211325
-13430281
-13651139
-13858175
-14064732
-14307397
-14586215
-14806203
-14919847
-15013466
-15167548
-15319025
-15497074
-15713099
-15947938
-16229872
-16546726
-16789822
-17028702
-17274011
-17520416
-17703207
-17822141
-17920178
-18048735
-18164671
-18308004
-18443006
-18533018
-18628686
-18741745
-18906745
-19062867
-19188861
-19313128
-19481145
-19570547
-19670533
-19803978
-19884589
-19892401
-19895846
-19831401
-19783140
-19762298
-19695994
-19608531
-19579536
-19510179
-19440831
-19361040
-19320433
-19278086
-19132636
-19002579
-18889358
-18773414
-18647255
-18488982
-18331222
-18244874
-18117616
-18059721
-18061171
-18022704
-17881785
-17788239
-17802533
-17837833
-17869510
-17882415
-17869281
-17816531
-17839038
-17770820
-17631909
-17459444
-17353629
-17331742
-17198891
-16996000
-16848538
-16745215
-16562597
-16360046
-16195767
-16027690
-15880153
-15791438
-15705513
-15589435
-15499475
-15415585
-15358075
-15311907
-15311985
-15327172
-15335747
-15355284
-15353132
-15430285
-15420117
-15330163
-15384043
-15381619
-15297024
-15244079
-15245014
-15155419
-15059777
-15021929
-14929736
-14789809
-14638458
-14563043
-14520438
-14482953
-14506748
-14537678
-14549502
-14501779
-14470854
-14561117
-14635567
-14619414
-14778022
-15006341
-15116716
-15213156
-15272204
-15296545
-15264960
-15300263
-15337146
-15432791
-15579071
-15756571
-15862191
-15905127
-16010034
-16084751
-16201040
-16333663
-16534021
-16761193
-16982752
-17172941
-17393279
-17601252
-17779398
-17949125
-18076104
-18156227
-18256922
-18353415
-18419994
-18476889
-18517523
-18571465
-18643382
-18739353
-18821108
-18922843
-19037999
-19120470
-19245576
-19360525
-19517707
-19708012
-19881859
-20001103
-20078261
-20148089
-20185620
-20241903
-20252440
-20231371
-20164891
-20114914
-20047608
-20007805
-19931863
-19799128
-19654366
-19482192
-19318236
-19155389
-19055460
-18962718
-18835979
-18620718
-18419085
-18269095
-18097929
-17954573
-17809447
-17680621
-17565529
-17437127
-17277731
-17214391
-17161663
-17092626
-17075427
-17073878
-17039942
-16938514
-16845815
-16844252
-16839690
-16729759
-16595926
-16417788
-16305199
-16276880
-16131149
-15925375
-15686181
-15440989
-15215615
-14994958
-14766041
-14504816
-14221184
-13971696
-13722243
-13479406
-13225817
-13022184
-12891807
-12780273
-12653585
-12514368
-12390828
-12322814
-12303862
-12280601
-12242281
-12271432
-12287586
-12378179
-12510106
-12570124
-12614728
-12576456
-12532504
-12498510
-12422882
-12381017
-12296349
-12174446
-12119525
-12038945
-11906547
-11800848
-11744013
-11671086
-11661969
-11772968
-11862572
-11985064
-12097598
-12186348
-12322132
-12410334
-12506126
-12576538
-12623261
-12631150
-12598452
-12600241
-12659025
-12726050
-12902954
-13115271
-13251518
-13411029
-13663803
-13884875
-14136115
-14354111
-14596103
-14816859
-14973954
-15072725
-15152797
-15298060
-15471427
-15705727
-15949724
-16217103
-16493723
-16764287
-16986629
-17236022
-17506321
-17726614
-17872221
-17941968
-18042149
-18166743
-18277758
-18409130
-18523134
-18603787
-18704800
-18847248
-19019025
-19131747
-19144189
-18748919
-18198899
-17528484
-16829991
-16105948
-15266911
-14326862
-13366038
-12321197
-11236556
-10144791
-8985820
-7899231
-6851071
