19092021
18623359
18317302
18232394
18264842
18230519
18310686
18483106
18777628
19017438
19250844
19354296
19411990
19464340
19504379
19619989
19743554
19966910
20175598
20434967
20661147
20892808
21138854
21427457
21668077
21881679
22090762
22302913
22473037
22653691
22752433
22834313
22924985
23035493
23109078
23114107
23080644
23082043
23082953
23014971
22978011
22967237
22908590
22890538
22799071
22782492
22669431
22555963
22390565
22396830
22391383
22248655
22106298
21976638
21934224
22035748
22179094
22290727
22485677
22648511
22797052
22823335
22879776
22965757
22965070
22884424
22720397
22573655
22481731
22360086
22204104
22132378
22150376
22218318
22409125
22600896
22529631
22533916
22368071
22154929
22070963
21844220
21665727
21458996
21225003
21123386
21089413
21083088
21171194
21252947
21468778
21739934
22009418
22353242
22729532
23132971
23537768
23880157
24293365
24698360
25017743
25334314
25631695
25852441
25898650
25975263
26095483
26203322
26056885
25696968
25354254
25004946
24688172
24333294
23904307
23443873
23028179
22547241
21991785
21446783
20952895
20420973
19866927
19356453
18849989
18364003
17910205
17479857
17122455
16780373
16445019
16131020
15827805
15321878
15287958
15208201
15105086
15009797
14839964
14899858
14859882
14735753
14640997
14572501
14560150
14601320
14555564
14424424
14293718
14163649
14136267
14070662
14078966
14100604
14134947
14326096
14535771
14753576
14933474
15310712
15874478
16464876
17039439
17556549
18089852
18583012
19042474
19575364
20098497
20591232
21125990
21697719
22322007
22971373
23614747
24088228
24588942
25213102
25853337
26482016
27128116
27789946
28451399
29215058
29892221
30487870
31111883
31598271
32094206
32382840
32645434
32897600
33053442
32919138
32672648
32395469
32121020
31807283
31412387
31064555
30649672
30199994
29794560
29374944
28918655
28514809
28301841
28057386
27814362
27570503
27503721
27478338
27363292
27077514
26579010
26253505
26005310
25725565
25412388
24968453
24595054
24263183
24122777
24036147
23977076
24028586
24089028
24122123
24239501
24438013
24605758
24743092
24869014
25040144
25376192
25733302
25938495
26129906
26406476
26646384
26840831
26970662
26950179
26979254
27073271
27159806
27263013
27419592
27680342
27910878
28249727
28818008
29360896
29920980
30497453
31089395
31746420
32455761
33150992
33842750
34544567
35252582
35918469
36533259
37170714
37731394
38121279
38491936
38879820
38986423
39112656
39204983
39182346
39125229
39089719
39024476
38920967
38734799
38513513
38228086
37917088
37677348
37511402
37453058
37401629
