808603285
808603285
808603285
808603285
808603285
808603285
808603285
808603285
808603285
808603285
808603285
808603285
808603285
808603285
808603285
808603285
808603285
808603285
808603285
808603285
808603285
808603285
808603285
808603285
808603285
808603285
808603285
808603285
808603285
808603285
808603285
808603285
808603285
808603285
808603285
808603285
808603285
808603285
808603285
808603285
808603285
808603285
808603285
808603285
808603285
808603285
808603285
808603285
808603285
808603285
808603285
808603285
808603285
808603285
808603285
808603285
808603285
808603285
808603285
808603285
808603285
808603285
808603285
808603285
808603285
808603285
808603285
808603285
808603285
808603285
808603285
808603285
808603285
808603285
808603285
808603285
808603285
808603285
808603285
808603285
808603285
808603285
808603285
808603285
808603285
808603285
808603285
808603285
808603285
808603285
808603285
808603285
808603285
808603285
808603285
808603285
808603285
808603285
808603285
808603285
808603285
808603285
808603285
808603285
808603285
808603285
808603285
808603285
808603285
808603285
808603285
808603285
808603285
808603285
808603285
808603285
808603285
808603285
808603285
808603285
808603285
808603285
808603285
808603285
808603285
808603285
808603285
808603285
808603285
808603285
808603285
808603285
808603285
808603285
808603285
808603285
808603285
808603285
808603285
808603285
808603285
808603285
808603285
808603285
808603285
808603285
808603285
808603285
808603285
808603285
808603285
808603285
808603285
808603285
808603285
808603285
808603285
808603285
808603285
808603285
808603285
808603285
808603285
808603285
808603285
808603285
808603285
808603285
808603285
808603285
808603285
808603285
808603285
808603285
808603285
808603285
808603285
808603285
808603285
808603285
808603285
808603285
808603285
808603285
808603285
808603285
808603285
808603285
808603285
808603285
808603285
808603285
808603285
808603285
808603285
808603285
808603285
808603285
808603285
808605571
808614842
808628177
808637448
808650148
808652434
808659419
808663991
808663991
808666912
808670976
808676691
808683041
808685327
808692312
808696884
808697519
808698154
808699297
808706282
808706917
808708060
808708060
808708060
808708060
808708060
808708060
808708060
808708060
808708060
808708060
808708060
808708060
808708060
808708060
808708060
808708060
808708060
808708060
808708060
808708060
808708060
808708060
808708060
808708060
808708060
808708060
808708060
808708060
808708060
808708060
808708060
808708060
808708060
808708060
808708060
808708060
808708060
808708060
808708060
808708060
808708060
808708060
808708060
808708060
808708060
808708060
808708060
808708060
808708060
808708060
808708060
808708060
808708060
808708060
808708060
808708060
808708060
808708060
808708060
808708060
808708060
808708060
808708060
808708060
808708060
808708060
808708060
808708060
808708060
808708060
808708060
808708060
808708060
808708060
808708060
808708060
808708060
808708060
808708060
808708060
808708060
808708060
808708060
808708060
808708060
808708060
808708060
808708060
808708060
808708060
808708060
808708060
808708060
808708060
808708060
808708060
808708060
808708060
808708060
808708060
808708060
808708060
808708060
808708060
808708060
808708060
808708060
808708060
808708060
808708060
808708060
808708060
808708060
808708060
808708060
808708060
808708060
808708060
808708060
808708060
808708060
808708060
808708060
808707425
808707425
808706282
808705647
808698662
808690026
808682406
808675294
808669452
808664753
808660054
808655990
808652434
808648878
808645957
808643671
808641385
808639099
808636178
808633130
808626653
808620938
808614588
808609889
808603412
808596300
808589315
808583473
808576488
808572297
808566963
808562264
808555787
808548040
808538134
808528736
808519338
808511210
808505241
808499272
808493303
808484413
808472602
808460283
808450504
808441741
808435391
808432470
808430565
808430565
808430565
808430565
808428152
808426247
808423707
808421294
808417611
808412277
808405165
808396910
808390306
808386115
808383702
808378495
808373288
808366811
808359191
808351571
808342173
808337855
808335315
808326425
808315884
808310042
808308772
808306994
808298739
808296326
808295691
808295691
808295691
808295691
808295056
808295056
808293278
808292135
808292135
808292135
808290230
808284896
808284896
808284896
808279562
808279562
808279562
808279562
808279562
808279562
808279562
808279562
808279562
808279562
808279562
808279562
808279562
808279562
808279562
808279562
808279562
808279562
808279562
808279562
808279562
808279562
808279562
808279562
808279562
808279562
808279562
808279562
808279562
808279562
808279562
808279562
808279562
808279562
808279562
808279562
808279562
808279562
808279562
808279562
808279562
808279562
808279562
808279562
808279562
808279562
808279562
808279562
808279562
808279562
808279562
808279562
808279562
808279562
