36207162
35873010
35553274
35259477
34944123
34604080
34263946
33933264
33600754
33289108
33066460
32937865
32860523
32819073
32778137
32727731
33038255
33309805
33556603
33761846
33918800
34043241
34138479
34185625
34205015
34241637
34305229
34354143
34347037
34275559
34202082
34144322
34062647
33981267
33909950
33859544
33824532
33809338
33805390
33772544
33713689
33591101
33443646
33253822
33042448
32818471
32616329
32552861
32528659
32510599
32525695
32540535
32554907
32619003
32748065
32912952
33113896
33342756
33613513
33919690
34241263
34544359
34805659
34995255
35153429
35267687
35357474
35406470
35380569
35223950
34954345
34621009
34280713
33912001
33561969
33192667
32792333
32367683
31935827
31520649
31153609
30826639
30485431
30153785
29837309
29570341
29351043
29214483
29184261
29241141
29334449
29445160
29521828
29576579
29631021
29700295
29759147
29797784
29802620
29792888
29778767
29831039
29961633
30139054
30319820
30408002
30433692
30358153
30273197
30212417
30175276
30141060
30078348
29997621
29898670
29721092
29522315
29326349
29137545
28943797
28816863
28778553
28786493
28844097
28945909
29107981
29332507
29634997
29948478
30178225
30382505
30531321
30642031
30724755
30785377
30847429
30936223
31009897
31065543
31074941
31078395
31020207
30925143
30810481
30662549
30510897
30333989
30132934
29850249
29468847
29045202
28662493
28301507
27991325
27716503
27476175
27269183
27117181
27083493
27129331
27195569
27331486
27471020
27617458
27703533
27779357
27889107
28031091
28179834
28326638
28437818
28519507
28580883
28665395
28748158
28770367
28810959
28902493
29042254
29148750
29277981
29417504
29583065
29771206
29973920
30150506
30280631
30359312
30426053
30497038
30556106
30630002
30725286
30852695
30999763
31212397
31453612
31762550
32111642
32542060
33026910
33470567
33924308
34340599
34736145
35140355
35551551
35956343
36339784
36694131
37026811
37360809
37628693
37811159
37918903
37957749
37939495
37881197
37769197
37591701
37312093
36983683
36653083
36363517
36126091
35941467
35769116
35597063
35453938
35312950
35170116
35035146
34939024
34892774
34845988
34727352
34587986
34427096
34256563
34101822
33968228
33839775
33726418
33618399
33532627
33440874
33314070
33180928
33075510
32995944
33020314
33104063
33190087
33248743
33301735
33386454
33472142
33530775
33547085
33564091
33601413
33651509
33709664
33752771
33739602
33700788
33621801
33482837
33309340
33137131
32983311
32819021
32662020
32503755
32347936
32176323
31996131
31848663
31768065
31706234
31642924
31607341
31562583
31537189
31501829
31513857
31643088
31856746
32100679
32361990
32604982
32847258
33103184
33369834
33607743
33782386
33927659
34036377
34091439
34114299
34136377
34181503
34242797
34277787
34238597
34158442
34084463
34020885
33932315
33859935
33801343
33757899
33726786
33706186
33693139
33638033
33566206
33444633
33287519
33085606
32875652
32668220
32503643
32473939
32458757
32446677
32454885
32464582
32500608
32601291
32749376
32926652
33122548
33361405
33658428
33987229
34320198
34610532
34832282
35009044
35164122
35270292
35346843
35378587
35296203
35087380
34782882
34463181
34114552
33745950
33392910
33015390
32595242
32172074
31748594
31362094
31025718
30693950
30360700
30020394
29716758
29474016
29271214
29162258
29162704
29239478
29341095
29447206
29519800
29591430
29658656
29736527
29806206
29819392
29819138
29805153
29819040
29897785
30058942
30251262
30401550
30454792
30432553
30359902
30307146
30266300
30233377
30181952
30090502
29981360
29848746
29658161
29467220
29292479
29107897
28930964
28838399
28818893
28837853
28925935
29051969
29236455
29496831
29821208
30096983
30334417
30509923
30640929
30734161
30799231
30857307
30933229
31010301
31078141
31126049
31146175
31150057
31081701
30971915
30832513
30664684
30490345
30312350
30071760
29743884
29346177
28928952
28540084
28196658
27913022
27645962
27430328
27268336
27162520
27148501
27230431
27342392
27477061
27634348
27790488
27922666
28087473
28335191
28593408
28869274
29138716
29374186
29571309
29754920
