18691561
18088898
17472063
16864463
16220315
15627238
15038195
14449214
13894729
13334986
12772334
13428307
13646590
13834389
14040202
14250148
14462221
14636110
14822436
14988847
15141017
15283684
15426949
15583274
15755491
15887983
16021399
16160350
16295034
16420450
16555341
16704076
16862246
17069336
17242102
17449123
17637333
17861114
18123015
18437536
18800193
19177204
19599802
20062319
20535924
21008066
21528344
22067841
22656707
23219379
23797355
24375413
24933846
25495842
26061743
26628229
27181760
27758440
28325180
28903116
29466117
30053561
30633920
31216984
31799298
32382186
32965772
33550103
34117548
34693280
35268433
35846386
36419275
36991419
37538901
38062833
38580396
39071102
39572176
40041775
40515836
40945592
41332237
41667495
41950488
42205078
42430718
42613361
42768943
42903394
43002454
43071669
43127168
43148885
43156378
43134661
43114468
43064303
42965878
42805985
42598213
42312082
41968039
41545256
41054274
40497696
39902321
39226311
38478660
37664650
36798517
35910463
34992815
34011698
32994314
31983968
30967560
29942386
28900776
27846977
26794686
25721847
24645951
23554682
22472966
21371655
20229062
19102537
17934482
16747938
15560264
14350138
13146945
11918932
10701605
9478975
8238287
7007218
5760799
4502059
3230221
1991142
781351
-378234
-1506048
-2554589
-3549965
-4462647
-5319989
-6122347
-6870299
-7556102
-8169404
-8737029
-9258196
-9755939
-10211546
-10622218
-11022801
-11442076
-11865462
-12265236
-12680019
-13086016
-13501637
-13887314
-14274631
-14656956
-15039624
-15396794
-15721346
-16062286
-16355401
-16630083
-16907028
-17153746
-17420177
-17661592
-17905569
-18142154
-18358845
-18558925
-18738292
-18864862
-18971927
-19072221
-19127158
-19154651
-19143164
-19103803
-19024109
-18929818
-18789210
-18596191
-18394380
-18129863
-17840950
-17511197
-17149712
-16757650
-16315555
-15838020
-15352919
-14800186
-14230167
-13655649
-13011874
-12357899
-11660872
-10974388
-10232227
-9454227
-8659921
-7843994
-7001596
-6116733
-5213186
-4305492
-3362674
-2379310
-1360507
-332078
728284
1785608
2874986
3971895
5056549
6146175
7241946
8350346
9457712
10563465
11658546
12729230
13799336
14855963
15895763
16893367
17904392
18875673
19834419
20803712
21757988
22698117
23602607
24482570
25374942
26190065
27053475
27904819
28718615
29525349
30270368
31019120
31729839
32424937
33093572
33735238
34361353
34944433
35495706
36040133
36558494
37039953
37487735
37927833
38341236
38749428
39120100
39473998
39826536
40145264
40450262
40734863
40990957
41235503
41467151
41694481
41889680
42071417
42239311
42403522
42548302
42681017
42793158
42879264
42945939
43002962
43043856
43087417
43121199
43182286
43185334
43185334
43185334
43185334
43185334
43185334
43185334
43185334
43185334
43185334
43185334
43185334
43185334
43185334
43185334
43185334
43185334
43185334
43185334
43185334
43185334
43185334
43185334
43185334
43185334
43185334
43185334
43185334
43185334
43185334
43185334
43185334
43185334
43185334
43185334
43185334
43185334
43185334
43185334
43185334
43185334
43185334
43185334
43185334
43185334
43185334
43185334
43185334
43185334
43185334
43185334
43185334
43185334
43185334
43185334
43185334
43185334
43185334
43185334
43185334
43185334
43185334
43185334
43185334
43185334
43185334
43185334
43185334
43185334
43185334
43185334
42219372
41401471
40642978
39865152
39080700
38300591
37533934
36773331
36021980
35276033
34540053
33822422
33075224
32330973
31615546
30896483
30180474
29460416
28757637
28078488
27404436
26731890
26030368
25344807
24675012
23995326
23338114
22692286
22044462
21395651
20759195
20120314
19470584
18833411
18211355
17605359
16979828
16351920
15739760
15140572
14545356
13994875
13427941
12858611
13270270
13520026
13714545
13924678
14133588
14349462
14529914
14710980
14866600
15028097
15178516
15309466
15476295
15638871
15775878
15927697
16062571
16203719
16338688
16472211
16616523
16765357
16962998
17155105
17339761
17547569
17763416
18014910
18313076
18655521
19033889
19423680
19877151
20358087
20839233
21337932
21881146
22457773
23035175
23626441
24208946
24760205
25328449
25894391
26449061
27017915
27588876
28158790
28737209
29306141
29888001
30468945
31057793
31640262
32219797
32809359
33386872
33967456
34543885
35109423
35687815
36264455
36828059
37378559
37918888
38436834
38938006
39433949
39915590
40384731
40828616
41222372
41572851
41873508
42135609
42380299
42575897
42735160
42876851
42985436
43068113
43121580
43148885
43150282
43137963
43119802
43083226
42996485
42853483
42660697
42394632
42069004
41680257
41213405
40671735
40089501
39445333
38719009
37927159
37077454
36194361
35292661
34327049
33307185
32288093
31286590
30261672
29227310
28175574
27114280
26043495
24975656
23891263
22806272
21705284
20592643
19444115
18286427
17106879
15921270
14715617
13508140
12291518
11073286
9844602
8615736
7375620
6137548
4887184
3620484
2358826
1138301
-24897
-1171586
-2242699
-3257179
-4203978
-5079542
-5891206
-6669484
-7369534
-8006777
-8592382
-9130278
-9632319
-10111284
-10528568
-10920761
-11325914
-11759653
-12162204
-12576449
-12980503
-13390791
-13776220
-14167929
-14559861
-14939092
-15297922
-15656170
-15975027
-16278371
-16563680
-16840327
-17092436
-17355532
-17600617
-17850283
-18079048
-18312170
-18511055
-18698006
-18854222
-18956350
-19063755
-19127245
-19172603
-19167914
-19133159
-19067607
-18974583
-18844454
-18668345
-18464793
-18222413
-17937364
-17621063
-17265009
-16886923
-16449289
-15981062
-15501005
-14982828
-14415999
-13828395
-13215955
-12546042
-11863673
-11180539
-10450269
-9690729
-8892022
-8094531
-7234307
-6370489
-5467042
-4570623
-3632773
-2659154
-1649954
-636153
423497
1485164
2561411
3653117
4751394
5837076
6912923
8028395
9130460
10243725
11348331
12433878
13500708
14559580
15594602
16604285
17615200
18597565
19563142
20527509
21485902
22430716
23340897
24219709
25113951
25977846
26789332
27626286
28457418
29256633
30024556
30765677
31488261
32199299
32862737
33527507
34136172
34742123
