711950088
711976391
711991269
712017502
712040931
712057475
712069638
712082914
712099763
712113303
712126954
712127220
712130102
712147117
712165833
712190281
712220317
712232561
712258593
712271613
712276061
712256612
712233534
712220199
712220047
712242048
712271178
712306105
712342973
712363425
712366377
712348893
712315164
712293597
712285318
712288234
712306247
712323988
712344250
712362130
712383159
712404777
712419376
712450792
712503210
712561192
712616942
712656906
712677910
712681476
712697409
712735540
712776143
712827544
712878517
712923845
712962410
712970655
712968410
712986643
713007912
713017063
713026879
713033814
713048579
713053566
713062328
713092684
713133324
713159328
713168302
713171516
713178055
713174423
713179846
713167891
713157716
713152877
713155188
713149286
713159106
713167583
713166150
713162026
713162161
713171303
713172475
713166687
713159647
713154260
713151551
713155604
713161508
713186443
713223276
713264386
713303075
713343612
713387217
713399096
713402453
713409349
713410190
713398906
713399689
713418217
713443118
713472961
713496229
713512879
713523326
713537938
713565583
713625955
713683608
713749911
713805027
713855320
713908281
713941619
713986740
714025737
714062800
714106517
714139033
714177518
714224902
714270583
714321664
714370298
714418505
714462942
714509145
714552705
714586375
714623086
714664871
714702108
714747757
714798193
714854175
714911035
714966425
715017932
715065216
715115310
715152414
715200696
715256468
715312455
715370977
715435830
715502189
715581124
715668919
715748944
715830309
715897411
715972841
716054386
716141968
716198752
716246998
716308140
716373529
716448995
716513134
716588631
716665699
716736929
716802147
716881974
716950787
717030869
717110637
717207866
717307556
717387698
717460833
717549248
717630543
717710374
717785305
717853370
717917026
717971540
718022123
718069116
718107477
718144570
718177321
718222284
718270950
718348896
718406113
718454825
718492479
718525226
718568339
718635629
718713687
718756041
718809004
718870938
718944322
719020347
719082804
719144084
719210487
719271449
719328974
719380239
719431090
719479473
719536235
719570709
719620415
719636341
719635721
719630103
719623586
719614738
719611057
719600846
719582842
719566921
719553586
719534909
719520551
719503228
719492535
719462827
719432398
719379841
719328330
719237187
719060481
718711830
718573131
718516926
718475748
718421902
718393780
718333429
718295949
718194980
718146492
718105310
718051635
718054947
718064833
718032497
718006761
717982012
717933118
717904032
717916535
717921746
717896390
717872227
717850354
717794945
717746413
717732697
717723933
717710683
717713693
717742920
717759557
717781967
717842180
717907570
717998740
718049877
718090195
718112040
718129195
718163066
718239012
718306441
718374872
718421946
718455368
718473829
718504982
718535033
718581873
718625513
718681167
718712717
718736360
718771438
718795940
718823995
718832613
718841208
718868434
718875871
718879461
718894467
718913492
718970493
719039660
719120623
719202169
719289510
719356867
719407572
719462692
719518690
719588870
719675942
719761698
719835699
719911932
720001958
720101768
720188142
720272735
720348775
720409499
720467850
720526256
720587307
720648767
720697077
720736730
720760985
720785582
720819521
720874909
720931207
720964289
720996204
721002100
721014409
721017097
721024507
721023503
721031485
721032116
721031914
721039421
721042325
721056282
721069700
721081079
721107933
721154960
721203953
721239443
721270744
721292913
721296022
721309939
721328658
721350009
721364475
721378513
721389256
721409938
721428755
721433753
721425659
721431426
721426394
721415203
721397640
721383491
721370424
721355625
721327601
721293067
721271617
721252255
721234016
721214812
721167600
721114633
721076137
721038845
720994126
720940807
720890828
720857987
720826734
720772659
720715703
720655323
720587446
720528088
720469235
720406189
720334607
720248020
720163337
720100828
720010652
719928973
719855636
719791983
719710090
719615423
719511446
719391896
719286568
719185537
719090430
718995512
718881141
718752200
718617793
718509816
718399386
718302264
718185105
718052965
717909402
717759489
717606402
717445506
717239243
717047282
716859714
716688483
716508488
716319131
716123498
715916167
715705411
715475841
715256404
715063240
714836321
714648294
714477572
714305394
714103638
713956206
713846915
713721091
713571949
713386344
713214831
713091892
712941984
712731775
712590818
712463680
712344003
712309495
712244921
712192224
712159956
712138232
712123882
712121735
712056376
712013862
711955538
711903040
711866782
711820124
711783337
711748081
711751115
711853585
712119256
712204059
712195725
712135675
712078942
712027030
712031823
711999895
712018021
711955200
711896471
711854254
711763520
711682878
711659643
711614816
711590898
711608267
711650079
711685689
711687569
711662937
