808708060
808708060
808708060
808708060
808708060
808708060
808708060
808708060
808708060
808708060
808708060
808708060
808708060
808708060
808708060
808708060
808708060
808708060
808708060
808708060
808708060
808708060
808708060
808708060
808708060
808708060
808708060
808708060
808708060
808708060
808708060
808708060
808708060
808708060
808708060
808708060
808708060
808708060
808708060
808708060
808708060
808708060
808708060
808708060
808708060
808708060
808708060
808708060
808708060
808708060
808708060
808708060
808708060
808708060
808708060
808708060
808708060
808708060
808708060
808708060
808708060
808708060
808708060
808708060
808708060
808708060
808708060
808708060
808708060
808708060
808708060
808708060
808708060
808708060
808708060
808708060
808708060
808708060
808708060
808708060
808708060
808708060
808708060
808708060
808708060
808708060
808708060
808708060
808708060
808708060
808708060
808708060
808708060
808708060
808708060
808708060
808708060
808708060
808708060
808708060
808708060
808708060
808708060
808708060
808708060
808708060
808708060
808708060
808708060
808708060
808708060
808708060
808708060
808708060
808708060
808708060
808708060
808708060
808708060
808708060
808708060
808708060
808708060
808708060
808708060
808708060
808708060
808708060
808708060
808708060
808708060
808708060
808708060
808708060
808708060
808708060
808708060
808708060
808708060
808708060
808708060
808708060
808708060
808708060
808708060
808708060
808708060
808708060
808708060
808708060
808708060
808708060
808708060
808708060
808708060
808708060
808708060
808708060
808708060
808708060
808708060
808708060
808708060
808708060
808708060
808708060
808708060
808708060
808708060
808708060
808708060
808708060
808708060
808708060
808708060
808708060
808708060
808708060
808708060
808708060
808708060
808708060
808708060
808708060
808708060
808708060
808708060
808708060
808708060
808708060
808708060
808708060
808708060
808708060
808708060
808708060
808708060
808708060
808708060
808708060
808708060
808708060
808708060
808708060
808708060
808708060
808708060
808708060
808708060
808708060
808708060
808708060
808708060
808708060
808708060
808708060
808708060
808708060
808708060
808708060
808708060
808708060
808708060
808708060
808708060
808708060
808708060
808708060
808708060
808708060
808708060
808708060
808708060
808708060
808708060
808708060
808708060
808708060
808708060
808708060
808708060
808708060
808708060
808708060
808708060
808708060
808708060
808708060
808708060
808708060
808708060
808708060
808708060
808708060
808708060
808708060
808708060
808708060
808708060
808708060
808708060
808708060
808708060
808708060
808708060
808708060
808708060
808708060
808708060
808708060
808708060
808708060
808708060
808708060
808708060
808708060
808708060
808708060
808708060
808708060
808708060
808708060
808708060
808708060
808708060
808708060
808708060
808708060
808708060
808708060
808708060
808708060
808708060
808708060
808708060
808708060
808708060
808708060
808708060
808708060
808708060
808708060
808708060
808708060
808708060
808708060
808708060
808708060
808708060
808708060
808708060
808706282
808701075
808697392
808696757
808696757
808696757
808696757
808696757
808696757
808696757
808695614
808694471
808692693
808688502
808685454
808678977
808673770
808665134
808657514
808649259
808636432
808619541
808602904
808583473
808563788
808539912
808516036
808489874
808460283
808427898
808397799
808363636
808329473
808290484
808248955
808207553
808169072
808131861
808092618
808053375
808017815
807982382
807951521
807918882
807882941
807846365
807813853
807780833
807748321
807715301
807682662
807651166
807617511
807582332
807546010
807507910
807469683
807433234
807401357
807372782
807347128
807320204
807294550
807266610
807238162
807206920
807173392
807139737
807115226
807092493
807067982
807033692
806995465
806951904
806907708
806864528
806816776
806774485
806735877
806697142
806659550
806623609
806587033
806549314
806512103
806471336
806426505
806382436
806331509
806277026
806219876
806164377
806112561
806067730
806025185
805983910
805942127
805902630
805863768
805823763
805759247
805696890
805637581
805582844
805520868
805457368
805384978
805313350
805221529
805145964
805079543
805006137
804914570
804809541
804702226
804605452
804502709
804396664
804293286
804180256
804067607
803942131
803820973
803692957
803582594
803483280
803436925
803420542
803420542
803420542
803420542
803420542
803420542
803420542
803420542
803420542
803420542
803420542
803420542
803420542
803420542
803420542
803420542
803420542
803420542
803420542
803420542
803420542
803420542
803420542
803420542
803420542
803420542
803420542
803420542
803420542
803420542
803420542
803420542
803420542
803420542
803420542
803420542
803420542
803420542
803420542
803420542
803420542
803420542
803420542
803420542
803420542
803420542
803420542
803420542
803420542
803420542
803420542
