-17814121
-17648508
-17475357
-17262520
-17166494
-17128690
-16977337
-16702113
-16490670
-16313204
-16151712
-15968503
-15809580
-15676332
-15609356
-15531008
-15689410
-15854768
-15995713
-16156232
-16299803
-16354299
-16427133
-16472834
-16551312
-16662736
-16813916
-16852054
-16794210
-16730854
-16760461
-16844367
-16912692
-16943170
-16878491
-16740724
-16615586
-16558887
-16543544
-16558154
-16534381
-16515678
-16461997
-16385407
-16352923
-16336639
-16334429
-16356315
-16422187
-16461404
-16491063
-16568752
-16612090
-16695118
-16762704
-16864143
-16946450
-16970253
-17041287
-17183632
-17394145
-17582094
-17704417
-17806342
-17892469
-17962287
-17922812
-17818193
-17827040
-17769700
-17612728
-17418301
-17182002
-16940652
-16683470
-16417659
-16182204
-15937222
-15707064
-15535087
-15378961
-15175411
-14994969
-14836715
-14716288
-14622248
-14521954
-14432145
-14399951
-14360297
-14293424
-14258502
-14286033
-14333243
-14354135
-14320789
-14276244
-14236046
-14218664
-14235350
-14300542
-14342650
-14340642
-14391948
-14475582
-14558636
-14521468
-14400158
-14297000
-14211368
-14107327
-14072331
-14062615
-14009367
-13978342
-13946623
-13854739
-13766356
-13740988
-13748417
-13740125
-13716212
-13715384
-13684302
-13760512
-13812951
-13990891
-14236854
-14499717
-14652220
-14820136
-14980271
-15126825
-15288720
-15387213
-15433858
-15458548
-15424417
-15438253
-15442779
-15551504
-15617471
-15612886
-15562497
-15411048
-15278120
-15199642
-15174765
-15031948
-14755503
-14434720
-14291394
-14157059
-13965530
-13807887
-13694085
-13600846
-13573991
-13588186
-13595682
-13627507
-13660759
-13672151
-13651998
-13705663
-13823936
-13892745
-13893944
-13933998
-14016649
-14085723
-14041885
-14063902
-14066431
-14064040
-14055232
-14089756
-14085390
-14095637
-14113004
-14186546
-14266870
-14396684
-14445315
-14444290
-14440271
-14453131
-14494346
-14492503
-14478271
-14488552
-14480706
-14455167
-14454291
-14510443
-14678927
-14803537
-14873575
-14889352
-14978850
-15168182
-15384748
-15592659
-15804598
-15953227
-16097574
-16260638
-16428828
-16710817
-17022249
-17280955
-17486263
-17706263
-17832409
-17895264
-17992919
-18109542
-18179093
-18123540
-18036651
-18003884
-17981380
-17984096
-17891809
-17727826
-17609515
-17510153
-17375606
-17294087
-17210355
-17067675
-16931101
-16846891
-16781445
-16713414
-16656543
-16674094
-16690693
-16631984
-16495706
-16447810
-16482760
-16437669
-16375176
-16298728
-16201130
-16065055
-15936647
-15869491
-15876447
-15952811
-16014952
-16055491
-16030629
-16043079
-16074304
-16122704
-16185554
-16212703
-16230040
-16289519
-16351388
-16470703
-16659634
-16759607
-16789153
-16788876
-16845865
-16877309
-16828949
-16685131
-16538761
-16450167
-16328634
-16263661
-16172709
-15972547
-15725338
-15523039
-15397440
-15403429
-15437662
-15340250
-15221602
-15230244
-15222831
-15198359
-15209252
-15273599
-15372651
-15515740
-15631516
-15785335
-15935752
-16074957
-16202816
-16306708
-16352782
-16420979
-16492344
-16596366
-16726829
-16856916
-16837146
-16753884
-16712916
-16806882
-16871503
-16926555
-16918464
-16816183
-16674650
-16572620
-16513987
-16530304
-16546647
-16528867
-16484695
-16430133
-16372980
-16343838
-16308816
-16299040
-16368824
-16427530
-16475165
-16516699
-16560453
-16592542
-16695849
-16797702
-16902999
-16960170
-16996869
-17097746
-17275374
-17472776
-17645647
-17746317
-17833267
-17903777
-17939410
-17856138
-17818384
-17802668
-17719120
-17536581
-17317715
-17068124
-16809335
-16559336
-16299121
-16069689
-15838943
-15633853
-15456114
-15280959
-15060861
-14911406
-14775366
-14669113
-14580441
-14465273
-14374714
-14351369
-14309071
-14267150
-14266196
-14300875
-14326231
-14328964
-14295676
-14246996
-14230652
-14229302
-14254270
-14315604
-14329150
-14355500
-14408756
-14505994
-14520248
-14438934
-14309722
-14259694
-14183714
-14118171
-14093469
-14055295
-13991757
-13970298
-13883249
-13790525
-13729713
-13739138
-13753934
-13735599
-13716787
-13671714
-13681537
-13758318
-13876453
-14068733
-14351042
-14540105
-14689549
-14853905
-15007754
-15179844
-15336162
-15377369
-15414079
-15417130
-15424746
-15402561
-15451585
-15552681
-15597609
-15599478
-15523155
-15345319
-15207457
-15167198
-15103677
-14918348
-14606418
-14320978
-14200888
-14046203
-13881129
-13743698
-13626656
-13536960
-13532338
-13562355
-13609907
-13669498
-13724088
-13714275
-13730185
-13877186
-14033093
-14143438
-14227256
-14333690
-14458446
-14514430
-14598020
-14684861
