685106084
685065547
684748018
684617219
684615527
684221543
684067364
684046353
683669862
683553672
683471824
683201474
683179758
683156364
682831522
682613782
682427929
682086893
681972316
681913737
681731778
681767416
682004058
681987754
682263070
682499878
682596852
682842458
682928749
682999115
683278508
683490209
683461565
683688013
683748065
683622637
683574365
683456056
683021361
682835360
682711746
682313407
682159255
681966205
681440377
681172750
680940789
680414035
680149928
679978177
679711004
679715366
679841717
679688216
679660459
679673206
679412006
679416075
679412457
679147451
679074594
679051255
678745975
678775453
678969247
678860920
678978462
679156235
679215998
679448723
679641205
679746061
680150428
680624871
680669631
681042562
681343341
681317283
681405248
681374822
680900948
680652232
680317046
679704380
679416672
679127718
678495025
678175259
677898567
677364213
677062745
676857421
676502098
676536419
676631209
676484467
676638182
676812784
676606059
676740551
676758679
676419415
676397877
676355006
676106967
676210851
676234029
676031321
676128045
676179840
675880801
675869039
675976469
675901761
676106635
676399679
676430651
676609110
676660883
676425802
676463912
676417208
676054255
675941643
675838473
675446591
675287612
675081164
674686358
674528310
674311882
673934898
673731485
673493222
673059112
672953603
672928241
672801085
672870480
672841864
672586072
672559122
672522972
672233076
672099235
671914292
671445982
671342523
671388129
671224342
671344358
671335032
671022777
671063929
671081310
670968457
671167137
671421186
671479145
671796031
672068411
671949623
672013231
671907417
671556442
671497852
671480429
671140296
671021463
670930317
670620386
670438230
670208291
669879807
669834264
669897660
669696607
669743841
669804543
669652145
669674129
669709903
669382360
669347920
669351936
669000179
668900511
668830198
668375589
668187188
668136705
667878717
667913091
667994962
667872985
667896143
668063648
668017748
668269804
668573541
668542203
668693073
668988077
669021799
669331750
669571866
669449005
669583832
669647806
669303570
669315879
669342258
668889711
668663569
668723753
668506921
668520557
668649733
668399750
668430043
668660378
668425726
668361345
668537686
668182218
668024378
668123984
667941116
667951080
668051776
667689681
667543002
667614013
667332418
667142612
667306239
667172248
667112523
667457725
667571656
667706291
668021046
667991848
668024424
668268702
668342578
668629522
669135200
669145097
669311470
669570298
669587113
669483800
669518048
669214663
669040065
669023479
668683828
668595278
668747968
668531810
668217510
668206010
667960463
667891882
667947289
667699483
667628531
667934364
667867103
667805346
668056481
668023721
667923733
668142759
668201344
668200293
668491812
668579404
668679095
669057195
669215805
669334401
669737962
669947718
670119781
670536047
670890650
671311004
671897120
672269112
672640148
673243068
673484167
673429723
673575786
673344929
673110887
673076079
672794557
672577252
672557777
672250660
671961366
671962504
671610934
671286548
671358615
671228532
671294660
671702902
671814957
671925539
672293595
672350507
672432638
672794510
672724941
672660627
672811158
672882466
672929496
673257075
673321318
673379354
673760705
673892950
674065181
674566054
674758583
675018095
675621597
675948929
676207415
676638554
676666611
676676331
676836723
676644077
676473519
676659890
676502927
676299065
676272543
675989944
675678451
675670627
675523351
675322351
675359758
675204765
675124853
675361034
675448434
675492376
675805925
675818230
675802885
675976208
675902825
675804032
675921833
675880585
675936755
676308189
676399895
676400050
676534686
676512118
676590332
676903353
677024311
677124631
677580380
677870565
678100791
678621273
678815517
678844371
679042386
678945654
678786108
678957550
678871216
678861216
679028211
678931055
678692043
678803957
678626036
678421506
678540545
678483614
678519914
678774779
678832587
678898316
679235194
679227485
679125865
679331767
679191485
679116827
679224520
679078386
678958679
679094868
679103458
679186180
679407136
679506981
679560470
679961931
680198089
680366345
680890918
681164381
681437083
681938984
682123395
682254142
682574224
682587650
682655655
682879766
682828267
682743420
682830375
682615056
682472340
682645734
682634464
682611050
682892916
682862915
682822672
683090971
683095745
683082923
683290558
683089737
682900954
682975729
682993482
682898130
682880855
682716761
682543604
682521789
682323266
682134341
682147466
682209888
682287160
682597637
682786385
683079046
683409217
683550444
683688571
683957680
684154791
684381867
684791155
684986209
685198318
685495916
685583274
685602950
685611202
685561711
685509679
685568967
685568638
685636713
685783468
685678353
685497535
685599696
685503799
685422064
685367522
685242690
685214472
685247543
685189893
685105250
685211844
685214135
