14401478
13753262
13052561
12321178
11579942
10839733
10092964
9300863
8473164
7646319
6814293
5944362
5107787
4344053
3730970
3222354
3229805
3236446
3279914
3302065
3455436
3661142
3900585
4081113
4118404
3999030
3925148
3959226
3928192
3889339
3881505
3796387
3544630
3317534
3100948
2847308
2509382
2016461
1558334
1007144
534637
214769
-12595
-182892
-204835
-177310
-89517
-28192
17102
127019
292639
479422
642806
772059
838600
832262
775094
751872
871441
1067277
1325581
1587219
1827388
2058856
2280205
2520764
2832312
3204121
3650201
4046497
4387421
4707045
4983462
5091149
5106194
5055448
5004118
4858164
4496507
4091048
3723508
3310291
2950909
2615863
2347248
2201323
2137032
2112448
2024279
1940851
1956993
2019564
2060666
2123975
2221963
2316278
2381262
2432617
2456160
2423414
2363876
2322423
2378488
2439874
2544992
2645539
2736739
2780844
2785474
2774252
2801433
2789106
2774206
2681257
2564790
2390895
2207123
2015523
1755658
1498394
1268937
1022328
811584
615298
401808
208828
108435
138676
268188
482516
795994
1165996
1632410
2209704
2831393
3441635
4091675
4797772
5501846
6212877
6918008
7550386
8131183
8635714
9089608
9554034
10016980
10470440
10959292
11483565
11946040
12372189
12880138
13421078
13924204
14449150
15005464
15455523
15712982
15801546
15737145
15511192
15209488
14826128
14420219
14014776
13616825
13288498
13089078
12942229
12799744
12767044
12893015
13070688
13304272
13672419
14091794
14632385
15312830
16033756
16703655
17316130
17894264
18430207
18758864
19052885
19260955
19202451
18914555
18568810
18185184
17773673
17397548
17145948
16852156
16462278
16058361
15645886
15229234
14904088
14699661
14523059
14291715
13979075
13614041
13207349
12744615
12207573
11652101
11033670
10311577
9514891
8641535
7741721
6889249
6296912
5981356
5942989
6066567
6298325
6529974
6781808
7044115
7271957
7525989
7807296
8038530
8198313
8343294
8438564
8459149
8451303
8434183
8441195
8444754
8285705
8152722
8065923
7939683
7848681
7768538
7612150
7387988
7274830
7206266
7057757
6875417
6729222
6583866
6419813
6224060
6077638
6070281
6024313
5858710
5659014
5395510
5170405
4967667
4771817
4534595
4284525
4116964
4083385
4114061
4199235
4380458
4487127
4612556
4799549
5034210
5334342
5597142
5831820
6021291
6167468
6273517
6243708
6107620
5979579
5786738
5601998
5343027
4970426
4518575
4062068
3712508
3420068
3245269
3135137
3132872
3144398
3204940
3238832
3290693
3366504
3541581
3769284
3983749
4118781
4094305
3934884
3905414
3925663
3911133
3894032
3892538
3730796
3438212
3211421
2975184
2715902
2300754
1814157
1317315
790507
382149
103399
-107473
-211861
-222175
-173359
-85609
-38441
21861
166894
346952
544699
683972
787419
830899
797887
750399
755959
920815
1153574
1421922
1687259
1923815
2143318
2360286
2623111
2969333
3382252
3815511
4174692
4510754
4811447
5043535
5114314
5096724
5031521
4950970
4703650
4311991
3914541
3533891
3140764
2809231
2498422
2269623
2159456
2128812
2060604
1973076
1913651
1976328
2019914
2053158
2130830
2238794
2328549
2391401
2405293
2421131
2372470
2304860
2309305
2377353
2470356
2576747
2684493
2747056
2766738
2759188
2776314
2796818
2786933
2746182
2641898
2495929
2303380
2115355
1905449
1647970
1418210
1183057
957038
752550
545325
324713
139518
95753
163402
327874
605581
931884
1340322
1839509
2425516
3042223
3670674
4349644
5073927
5773949
6485108
7169514
7770947
8318451
8780053
9234227
9691838
10157542
10612633
11123592
11641622
12077087
12506926
13048235
13577965
14068772
14610375
15163660
15557301
15779689
16238035
16732127
17171969
17576936
17990446
18430906
18891184
19328765
19838572
20339121
20847144
21384239
21956265
22578678
