97567007
97555172
97558035
97572549
97560347
97563009
97576789
97561701
97564301
97578029
97562836
97565492
97580498
97564929
97566816
97582917
97569930
97571358
97586470
97571123
97571980
97586033
97571323
97571847
97584513
97568913
97569402
97584259
97568417
97568627
97585040
97562378
97564795
97580816
97558110
97560863
97577590
97555620
97562826
97581205
97559801
97567820
97583946
97562521
97571062
97585564
97560286
97568196
97582537
97557649
97566981
97585362
97558406
97567617
97586326
97558530
97566248
97585115
97558541
97568524
97585399
97555144
97567483
97584824
97555838
97566525
97589141
97555177
97564248
97586253
97555017
97562764
97586484
97558946
97568472
97589935
97562491
97568622
97593231
97568123
97568985
97594119
97568337
97565588
97589861
97567940
97566725
97591341
97569606
97567222
97588324
97572215
97569664
97589724
97573723
97572458
97587582
97568570
97568192
97585698
97564488
97565073
97582504
97560267
97561878
97581377
97558657
97561000
97579683
97555052
97556889
97574873
97547019
97548036
97568679
97543723
97543586
97566681
97544018
97543841
97563882
97542077
97542147
97558613
97536967
97537920
97551484
97527544
97529309
97544458
97522095
97524263
97539254
97525189
97528279
97544006
97529636
97532661
97546740
97532955
97535144
97547556
97533772
97535201
97550980
97536824
97537194
97552568
97538959
97539303
97554411
97538883
97538630
97552711
97535156
97534788
97550795
97534379
97534277
97549805
97532229
97532828
97548120
97528469
97530384
97546945
97530851
97530988
97552096
97537193
97536355
97555877
97543151
97542065
97560516
97546480
97545936
97562560
97544583
97544165
97562003
97540998
97541609
97562448
97541832
97542511
97563712
97544832
97546854
97568942
97547898
97548698
97571241
97545917
97547170
97568615
97543951
97545111
97569400
97542488
97544709
97568876
97542507
97544577
97572470
97542621
97546089
97571244
97542789
97547430
97569653
97541073
97546079
97569528
97538719
97544592
97568543
97539536
97545510
97569577
97541769
97548420
97567048
97542694
97548386
97566779
97544482
97548444
97564414
97542646
97545345
97563118
97539731
97541190
97561581
97538164
97539790
97560903
97540816
97542641
97561929
97537654
97540662
97560358
97534100
97538572
97561101
97537519
97540146
97563471
97541274
97544809
97565759
97546758
97549541
97566481
97544038
97547417
97565355
97543075
97544969
97562292
97541725
97544859
97565106
97550051
97552644
97570905
97557341
97559078
97571835
97558782
97559850
97572088
97557854
97559810
97571266
97556437
97558615
97570022
97556877
97559890
97572172
97559681
97561917
97574911
97561405
97563816
97578646
97562919
97564780
97581157
97565842
97567772
97583830
97568754
97570213
97587545
97572699
97574042
97593338
97575770
97576741
97592622
97574748
97576056
97593009
97572339
97573999
97590380
97566938
97569619
97584754
97559122
97563283
97580678
97558513
97566349
97584895
97563276
97570291
97591503
97568863
97576264
97593893
97568754
97574408
97593613
97569628
97576508
97598983
97571573
97575692
97598756
97572759
97577538
97597515
97571840
97577701
97595423
97567130
97574785
97594253
97563156
97570556
97590220
97557513
97565117
97583835
97555349
97563042
97582958
97555337
97563498
97580402
97556241
97561642
97586166
97563130
97564929
97587898
97564958
97561329
97583224
97563355
97559499
97581287
97561493
97556706
97577921
97563830
97559805
97579922
97562845
97559275
97577076
97557735
97556275
97577094
97556528
97556681
97578801
97557673
97559019
97579781
97558784
97559334
97578040
97553377
97555586
97572757
97542904
97543392
97564888
97537126
97535924
97557477
97533073
97531672
97551370
97529531
97528634
97545239
97522533
97521175
97536470
97515583
97514361
97529586
97510034
97509647
97526394
97512618
97513063
97531101
97519433
97519384
97535091
97520642
97520977
97534832
97520323
97520273
97535331
97520325
97519895
97535955
97522763
97522840
97538548
97522370
97522175
97536711
97521143
97520967
97535307
97519095
97518691
97534423
97518352
97518339
97533978
97513601
97514157
97530015
97508835
97509553
97525836
97507675
97511144
97528603
97512709
97517318
97532321
97517277
97521892
97535048
97514572
97519355
97532959
97512438
97518718
97535290
97513748
97520485
97536290
97514345
97520989
97538558
97516765
97523569
97539584
97513365
97521574
97539109
97515159
97521953
97542362
97515396
97521298
97542160
97514039
97520479
97543677
97517877
97526079
97548743
97522298
97529323
97553758
97528324
97532704
97556706
97527508
97530665
97554645
97528159
97532697
97556591
97530372
97533331
97552758
97533479
97536268
97554086
97535442
97538724
97551738
97530713
97533014
97550802
97528149
97529967
97549666
97526426
97528585
97549974
97526757
97529428
97549724
97524317
97527729
97547399
97519178
97522128
97544199
97518904
97521376
97546164
97523626
97525615
97547450
97525319
97527565
97547584
97525214
97527203
97545643
97520628
97522359
97543646
97519607
97521366
97542107
97525850
97528522
97549079
97532265
97535136
97552384
97536280
97538419
97551828
97536508
97538921
97553846
97538336
97539726
97554851
97539980
97541798
97556967
97540510
97541608
97555715
97537897
97538971
97555082
97537515
97538291
97554152
97535902
97537073
97552876
97531938
97534006
97551256
97534701
97536565
97557822
97541148
97541373
97560113
97545872
97545289
97562265
97546506
97547185
97562573
97543870
97546394
97561354
97539735
97542967
97560410
97539216
97543718
97562663
97542476
97548276
97569264
97547784
97552252
97572574
97546450
97549843
97569402
97543251
97546264
97569540
97542588
97545491
97569215
97543899
97546398
97570648
97542097
97545687
97566614
97538395
97544278
97563413
97534991
97542228
97563391
97533440
97541270
97560340
97533736
97541368
97562346
97535597
97544862
97563063
97540435
97546468
97567010
97546807
97549203
97568462
97549299
97547473
97568175
97549086
97543912
97567259
97548187
97543030
97566851
97550496
97546782
97569551
97548897
97546511
97568951
97545447
97545342
97569109
97547269
97547456
97572537
97551400
97553104
97575258
97556061
97557758
97576986
97553692
97555426
97574880
97551378
97552467
97571471
97550105
97551981
97572729
97556851
97558568
97577020
97562649
97564482
97576856
97562784
97564779
97576827
97561640
97564394
97575552
97560309
97563057
97574642
97561420
97564366
97576856
97564235
97567053
97579816
97566425
97569076
97583598
97568352
97570494
97586670
97571395
97573027
97588433
97573889
97575033
97591427
97577629
97578448
97595848
97580022
97580563
97594672
97579080
97579522
97595257
97577296
97578257
97593787
97572566
97574581
97589642
97565773
97569102
97586134
97565810
97573107
97590361
97570225
97576924
97596059
97574708
97581802
97597192
97573244
97578743
97595573
97572651
97580576
97601007
97573806
97580066
97601968
97574744
97581648
97601713
97574580
97583322
97601028
97570911
97582610
97601523
97568416
97579724
97598901
97564643
97575515
97594036
97562674
97572370
97593186
97562175
97572385
97589944
97561837
97568225
97592506
