98464652
98464673
98464652
98464667
98464667
98464663
98464642
98464617
98464617
98464617
98464621
98464617
98464617
98464648
98464648
98464648
98464648
98464663
98464663
98464663
98464663
98464663
98464663
98464663
98464698
98464698
98464712
98464737
98464741
98464751
98464737
98464737
98464698
98464692
98464692
98464667
98464663
98464663
98464657
98464663
98464663
98464663
98464663
98464663
98464677
98464677
98464677
98464662
98464662
98464662
98464662
98464662
98464662
98464662
98464662
98464662
98464662
98464662
98464662
98464662
98464648
98464662
98464683
98464683
98464677
98464687
98464687
98464687
98464708
98464708
98464708
98464702
98464702
98464702
98464702
98464702
98464702
98464708
98464708
98464708
98464708
98464708
98464708
98464708
98464708
98464708
98464708
98464708
98464687
98464687
98464687
98464697
98464701
98464701
98464701
98464701
98464701
98464701
98464701
98464749
98464987
98464987
98464987
98465132
98465132
98465132
98465132
98465132
98465132
98465132
98465132
98465132
98465132
98465132
98465132
98465132
98465132
98465132
98465132
98465132
98465132
98465132
98465132
98465132
98465132
98465132
98465132
98465132
98465132
98465132
98465132
98465132
98465132
98465132
98465132
98465132
98465132
98465132
98465132
98465132
98465132
98465132
98465132
98465132
98465132
98465132
98465132
98465132
98465132
98465132
98465132
98465132
98465132
98465132
98465132
98465132
98465132
98465132
98465132
98465132
98465132
98465132
98465132
98465132
98465132
98465132
98465132
98465132
98465132
98465132
98465132
98465132
98465132
98465132
98465132
98465132
98465132
98465132
98465132
98465132
98465132
98465132
98465132
98465132
98465132
98465132
98465132
98465132
98465132
98465132
98465132
98465132
98465132
98465132
98465132
98465132
98465132
98465132
98465132
98465132
98465132
98465132
98465132
98465132
98465132
98465132
98465132
98465132
98465132
98465132
98465132
98465132
98465132
98465132
98465132
98465132
98465132
98465132
98465132
98465132
98465132
98465132
98465132
98465132
98465132
98465132
98465132
98465132
98465132
98465132
98465132
98465132
98465132
98465132
98465132
98465132
98465132
98465132
98465132
98465132
98465132
98465132
98465132
98465132
98465132
98465132
98465132
98465132
98465132
98465132
98465132
98465132
98465132
98465132
98465132
98465132
98465132
98465132
98465132
98465132
98465132
98465132
98465132
98465132
98465132
98465132
98465132
98465132
98465132
98465132
98465132
98465132
98465132
98465132
98465132
98465132
98465132
98465132
98465132
98465132
98465132
98465132
98465132
98465132
98465132
98465132
98465132
98465132
98465132
98465132
98465132
98465132
98465132
98465132
98465132
98465132
98465132
98465132
98465132
98465132
98465132
98465132
98465132
98465132
98465132
98465132
98465132
98465132
98465132
98465132
98465132
98465132
98465132
98465132
98465132
98465132
98465132
98465132
98464822
98464652
98464652
98464652
98464435
98464435
98464435
98464435
98464435
98464455
98464455
98464485
98464485
98464434
98464455
98464469
98464459
98464459
98464569
98464524
98464384
98464690
98464445
98464600
98464239
98464034
98464040
98464194
98464258
98464723
98464638
98464564
98464519
98464490
98464529
98464574
98464564
98464550
98464540
98464514
98464514
98464464
98464439
98464460
98464460
98464425
98464435
98464435
98464435
98464435
98464435
98464450
98464450
98464450
98464450
98464450
98464450
98464450
98464450
98464450
98464450
98464500
98464525
98464545
98464555
98464590
98464590
98464604
98464594
98464544
98464519
98464505
98464505
98464449
98464449
98464449
98464449
98464470
98464470
98464470
98464484
98464484
98464469
98464469
98464469
98464469
98464469
98464469
98464469
98464469
98464469
98464469
98464469
98464469
98464469
98464469
98464469
98464469
98464514
98464534
98464544
98464539
98464545
98464565
98464580
98464539
98464514
98464535
98464555
98464554
98464534
98464514
98464505
98464535
98464535
98464534
98464520
98464534
98464534
98464534
98464555
98464535
98464535
98464535
98464524
98464545
98464545
98464545
98464545
98464545
98464545
98464545
98464545
98464545
98464545
98464545
98464545
98464805
98464950
98464950
98464950
98465132
98465132
98465132
98465132
98465132
98465132
98465132
98464927
98464927
98464927
98464927
98464927
98464927
98464927
98464927
98464927
98464927
98464927
98464927
98464927
98464927
98464927
98464927
98464927
98464902
98464902
98464902
98464902
98464902
98464902
98464902
98464902
98464927
98464927
98464927
98464927
98464927
98464927
98464952
98464952
98464937
98464937
98464937
98464937
98464937
98464937
98464937
98464937
98464952
98464962
98464977
98464977
98464977
98464962
98464977
98464977
98464977
98464977
98464977
98464977
98464977
98464977
98464977
98464977
98464977
98464977
98464977
98464977
98464977
98464977
98464977
98464977
98464977
98464977
98464987
98464987
98464987
98464977
98464977
98464987
98464770
98464760
98464745
98464745
98464760
98464760
98464760
98464745
98464760
98464760
98464774
98464795
98464795
98464795
98464795
98464795
98464795
98464795
98464858
98464774
98464704
98464809
98464823
98464774
98464774
98464844
98464774
98464739
98464725
98464690
98464739
98464795
98464774
98464823
98464823
98464823
98464823
98464823
98464819
98464819
98464805
98464770
98464785
98464785
98464785
98464785
98464785
98464785
98464785
98464785
98464785
98464785
98464785
98464785
98464785
98464785
98464785
98464785
98464795
98464795
98464795
98464830
98464830
98464844
98464964
98464978
98464978
98464902
98464747
98464712
98464712
98464650
98464433
98464433
98464433
98464433
98464272
98464123
98464019
98463879
98463718
98462872
98462223
98462192
98461661
98461200
98460595
98460089
98459479
98459217
98458649
98458137
98457800
98457650
98457241
98456753
98456341
98456038
98455652
98455477
98454908
98454113
98454156
98454058
98453140
98452403
98452337
98451982
98451352
98450805
98450132
98449627
98449128
98448448
98447886
98447558
98446989
98446511
98445884
98445596
98445340
98445217
98444953
98444875
98444806
98444720
98444593
98444463
98444269
98444157
98444055
98443959
98442907
98441831
98440983
98440098
98439236
98438621
98437784
98437040
98432635
98428478
98425417
98421649
98418966
98416974
98416216
98415192
98413445
98411912
98409961
98409116
98408376
98407633
98406775
98405547
98404024
98402435
98401268
98399983
98399470
98399017
98398274
98397218
98396340
98395101
98393974
98392777
98391473
98390033
98388311
98385702
98382855
98379319
98376618
98375274
98374422
98373579
98372080
98369783
98367636
98365958
98363725
98361762
98359878
98358028
98355851
98353477
98350286
98346387
98343168
98339963
98336824
98334346
98331687
98328595
98325635
98323019
98320312
98317358
98314155
98310597
98306773
98303373
98299714
98295713
98291061
98286334
98282772
98279226
98275123
98270133
98265001
98260223
98255131
98249171
98245934
98241860
98236193
98232270
98225601
98217993
98211168
98206145
98200633
98196062
98190350
98184732
98179536
98172447
