157635321
157616271
157619954
157640020
157662626
157687772
157695900
157696916
157707584
157719014
157726634
157731714
157758892
157782641
157792674
157796738
157791404
157775783
157758130
157738953
157714823
157680152
157655387
157633924
157603317
157561915
157536769
157526228
157514290
157516576
157500320
157491684
157506543
157531054
157543500
157535499
157525847
157522164
157521910
157517465
157528514
157543881
157559248
157559375
157538293
157520767
157504511
157477587
157444948
157409261
157391100
157381575
157370526
157340554
157319853
157326711
157323663
157308677
157310836
157335855
157365192
157389703
157397069
157402276
157405451
157420691
157427549
157435550
157461585
157487112
157493335
157492700
157484699
157466538
157447107
157434915
157407610
157373320
157369002
157357064
157343348
157323536
157305121
157290008
157297120
157302200
157298263
157310455
157330775
157342713
157331664
157325441
157321250
157316424
157313376
157304740
157309185
157317440
157317440
157302962
157286071
157284547
157280102
157264100
157250511
157236287
157254194
157289754
157295469
157291786
157304359
157333442
157365192
157370780
157378781
157400879
157420818
157445202
157453838
157461839
157472507
157481143
157484064
157484572
157498288
157509718
157504003
157483556
157458156
157438090
157427803
157410404
157403292
157407229
157433137
157458283
157483937
157506797
157527244
157546294
157568646
157588077
157603698
157640147
157677358
157706695
157724094
157736159
157748986
157759781
157768798
157771592
157779720
157793563
157778069
157730317
157683073
157640274
157607127
157582997
157561153
157540579
157537404
157540579
157537658
157516068
157502479
157481651
157471364
157450409
157441519
157451425
157450282
157437709
157412690
157387163
157357699
157320234
157273625
157228921
157185360
157136211
157087570
157021403
156950664
156910532
156871797
156825569
156787977
156766641
156746448
156738701
156739082
156712539
156701109
156686123
156681424
156668851
156668089
156679265
156691076
156703903
156695775
156672788
156649547
156631005
156598366
156556583
156528897
156505275
156485082
156455364
156418280
156393134
156379291
156372433
156358336
156354653
156377894
156394023
156407612
156402659
156403167
156405199
156408247
156416248
156431234
156452951
156477843
156480383
156466540
156454983
156420566
156383863
156343858
156302329
156259149
156225494
156187902
156135705
156088969
156061283
156026485
156000069
155982035
155960191
155954857
155949523
155935172
155900374
155871672
155853003
155827222
155800552
155784423
155775787
155753435
155720288
155667710
155600527
155559379
155523184
155466923
155403931
155362275
155339923
155324048
155296616
155260294
155258135
155273121
155283281
155289377
155301061
155324937
155342971
155358465
155367228
155375356
155392628
155411043
155412821
155423362
155442285
155462605
155443301
155415107
155409900
155398978
155377642
155352750
155336367
155345130
155364815
155385008
155391231
155409773
155425648
155439364
155458922
155467431
155482036
155512262
155544266
155561030
155569412
155580080
155589605
155595447
155593796
155597479
155596971
155602940
155593796
155550743
155508833
155474924
155445460
155422727
155407995
155412186
155425648
155446222
155452699
155454604
155460065
155460954
155468701
155468193
155490799
155514548
155529153
155537281
155530042
155526486
155525470
155512897
155475432
155465399
155463748
155440507
155393771
155337637
155304871
155292679
155282773
155272740
155281122
155307538
155337891
155366466
155398724
155427172
155461970
155497784
155530804
155562554
155616148
155666313
155702762
155733496
155752927
155759023
155760801
155760039
155752292
155734639
155727527
155724098
155711525
155688157
155681426
155689300
155695777
155716097
155718891
155728670
155763214
155803727
155824936
155828619
155832048
155841700
155854527
155862528
155885642
155912439
155939490
155951555
155941141
155938601
155934283
155921075
155899485
155880181
155867354
155847161
155831032
155794964
155767913
155768421
155758642
155736925
155732353
155750641
155772993
155790773
155791408
155790265
155786709
155795980
155798520
155803219
155827603
155850717
155854273
155850336
155838271
155816808
155793313
155776422
155745815
155713557
155715208
155705937
155695523
155678632
155663138
155651327
155661487
155669869
155669234
155685109
155708477
155724098
155716097
155712922
155711779
155710636
155710001
155702381
155708858
155715843
155719145
155688030
155648787
155625927
155599130
155560776
155526105
155491815
155486989
155501848
155487497
155463113
155453334
155459049
155467050
155448889
155432887
155431617
155428823
155430855
155417393
155403296
155392247
155379166
155359608
155337637
155329255
155318206
155289377
155245816
155197683
155154884
155121610
155082748
155056332
155043251
155053157
155063952
155074620
155080462
155087193
155090495
155100147
155105481
155111450
155157551
155204414
155242768
155269184
155290901
155313380
155332430
155351099
155360497
155376626
155397835
155389326
155348559
155308935
155273121
155247086
155231973
155214828
155202001
155204795
155216606
155216352
155208478
