302570
159669
86038
15932
41894
10160
105476
145066
172330
278844
364885
395724
441508
525907
531976
554585
602141
622679
624147
622064
605033
571762
532660
485082
416883
359088
286554
246717
197230
228493
297296
366727
484430
677938
846629
1017399
1306871
1653401
2026494
2398589
2777657
3195275
3636839
4119047
4634601
5204736
5776260
6249837
6472678
6847093
7297754
7438101
7502838
7525036
7673319
7758406
7801837
7750329
7682791
7574051
7422149
7201721
7031786
6875066
6670880
6440440
6200178
5975566
5793655
5595729
5420339
5268319
5121674
4991424
4916147
4860664
4793562
4643471
4395726
4164690
3994971
3973403
3922764
3841341
3768523
3804243
3763690
3764313
3782812
3806627
3816967
3842455
3865991
3892543
3924282
3919994
3870627
3869627
3813350
3824390
3834763
3821154
3888391
3878224
3808721
3818992
3950955
4240369
4382682
4501516
4643564
4831052
5027610
5240330
5491116
5778915
6053624
6290618
6577011
6892741
7248983
7527267
7836792
8172568
8447157
8713553
8954598
9131460
9249681
9357333
9505022
9630999
9715711
9779191
9921084
9936918
9958526
9992324
9976656
9891925
9750097
9610115
9444256
9248439
8987024
8695418
8415590
8073031
7750363
7407019
6989207
6571024
6181943
5769630
5430522
5172405
4938027
4614702
4353807
4138566
3951151
3813806
3687727
3588578
3491297
3444461
3435366
3479160
3509295
3541362
3591544
3638968
3719232
3758902
3766478
3682012
3593863
3527155
3618834
3646605
3657783
3586151
3530363
3504920
3468267
3472067
3494826
3458350
3521405
3504629
3692542
3983011
4199227
4247974
4328585
4390789
4475133
4551515
4650960
4755486
4914941
5098888
5223798
5388034
5445867
5524556
5659672
5736852
5752198
5709141
5722037
5739352
5946974
6092556
6187676
6223242
6261734
6223604
6168190
6090702
5972454
5855676
5734865
5599893
5432921
5267337
5051015
4885541
4768431
4659497
4558697
4400963
4260932
4092337
4002570
3951767
3917065
3901323
3921579
3949287
3991805
4040456
4023440
4002598
3971324
3892804
3792778
3711118
3656948
3518700
3368708
3365187
3405740
3411448
3478068
3484086
3452838
3455571
3421147
3347738
3363463
3367370
3376484
3453241
3500529
3498629
3574424
3755948
4021503
4133075
4243639
4302288
4297962
4284492
4264654
4239325
4221408
4191645
4147926
4086884
4025914
3963924
3914424
3881936
3847761
