41688699
41754802
41815361
41874581
41934454
41995739
42060811
42125474
42191959
42258848
42325469
42392473
42460571
42532887
42603263
42672061
42738205
42804597
42870869
42937514
43003890
43071475
43139626
43208178
43272604
43338897
43405469
43471527
43536326
43601324
43667172
43733962
43800935
43867789
43933535
43997789
44062279
44128159
44196108
44265583
44336127
44407072
44477895
44549773
44620726
44693006
44764888
44836380
44905934
44973501
45039490
45107197
45174395
45241721
45309574
45381260
45454701
45525185
45596854
45668454
45740595
45814300
45888062
45961457
46033704
46105400
46177840
46248959
46320454
46393356
46461551
46522251
46583043
46642449
46707496
46777232
46847039
46917905
46989545
47060248
47135445
47210869
47283945
47354666
47426583
47499291
47573731
47648699
47720955
47792969
47866356
47939600
48011123
48083788
48158510
48234384
48306444
48370617
48432911
48500871
48576717
48648826
48720472
48795831
48869931
48943834
49015557
49087668
49160701
49236902
49311503
49385268
49456816
49529573
49599091
49666366
49734974
49809641
49886331
49964048
50039059
50110015
50177930
50246389
50316071
50386050
50454980
50522026
50586712
50649281
50712326
50775120
50836798
50900073
50964374
51031111
51098495
51165185
51228857
51294312
51360149
51426162
51492893
51558286
51623687
51687644
51751032
51813994
51876544
51939445
52003280
52068198
52134314
52198939
52261261
52322474
52383664
52445396
52510190
52574629
52637221
52701552
52764133
52826767
52888608
52952118
53016267
53081438
53145143
53207523
53269046
53331039
53392437
53454118
53515106
53575041
53633656
53690853
53744051
53797301
53849419
53902712
53956558
54009464
54060509
54111096
54162252
54214617
54265368
54314896
54364787
54414872
54462384
54507993
54551292
54594170
54637065
54680398
54723179
54766740
54809135
54854021
54905842
54949830
54991505
55032693
55076424
55120000
55162036
55204531
55247356
55290791
55332937
55375245
55416893
55460171
55503472
55543763
55583809
55625052
55666636
55710597
55752946
55798963
55836735
55886756
55924699
55963385
55999824
56040234
56071411
56112602
56148817
56184972
56224229
56263715
56300906
56336443
56373301
56410086
56448102
56484069
56520799
56558648
56596710
56634997
56673730
56711073
56751396
56791184
56831323
56873594
56920248
56965507
57006759
57044129
57080362
57117641
57158674
57202312
57246147
57291666
57337263
57381481
57427059
57472990
57518917
57566617
57615605
57665502
57714862
57765181
57811919
57864724
57921261
57978983
58035382
58087517
58133043
58182960
58233162
58285518
58336876
58388799
58438493
58488740
58539119
58592519
58645815
58699812
58751744
58805041
58865494
58928256
58981787
59033719
59084363
59135718
59189708
59240987
59293883
59347646
59403453
59457557
59510447
59558881
59607809
59656177
59707942
59757053
59804014
59852332
59905341
59957324
60012900
60071775
60128277
60185250
60250879
60315921
60379970
60439032
60486559
60537365
60591035
60643631
60698925
60752750
60801851
60850984
60900530
60950686
61001745
61053922
61105648
61156583
61203779
61249043
61290744
61328370
61374193
61424156
61475141
61523345
61567263
61610603
61654532
61699637
61745111
61791411
61837324
61883612
61927013
61970182
62013732
62056993
62098882
62139749
62178838
62217413
62258728
62299529
62338893
62380151
62421172
62462331
62503157
62545596
62586599
62627257
62668388
62708100
62746154
62784287
62822080
62859012
62895022
62929717
62965165
63001107
63036197
63069036
63099246
63126829
63155402
63183798
63210342
63236848
63260512
63282265
63303507
63324340
63346854
63370883
63394925
63416940
63437983
63458831
63479249
63496994
63515788
63532623
63548055
63564654
63580968
63596686
63609529
63620276
63629729
63639799
63643364
63644140
63644647
63648795
63659396
63672984
63681807
63684677
63675006
63666627
63663288
63659291
63652566
63645134
63634223
63624099
63611217
63596452
63581912
63566247
63551168
63535127
63519896
63506253
63490913
63474250
63458080
63441761
63425421
63408445
63392010
63376780
63360396
63343880
63327017
63309075
63287223
63263724
63238316
63211018
63180061
63149940
63118989
63089949
63059024
63020382
62984140
62948011
62911413
62886171
62854960
62824654
62804642
62781985
62759704
62738257
62701634
62667520
62630226
62593153
62555290
62516365
62474937
62433988
62392397
62351382
62309911
62268357
62225248
62181658
62137019
62096217
62055523
62012670
61969418
61924614
61877980
61831329
61785223
61739469
61694226
61647845
61600690
61551524
61501926
61452067
61403357
61351720
61298227
61245570
61191048
61138435
61081874
61022659
60961833
60902236
60842182
60780718
60719792
60658006
60597238
60536263
60473100
60410240
60346115
60281915
60217012
60152133
60089599
60024079
59958848
59894977
59829040
59764186
59701778
59638129
59572077
59508154
59445448
59382789
59314868
59245136
59175368
59106599
59035796
58967534
58906103
58843046
58780356
58711351
58640680
58570906
58502887
58427224
58351623
58277057
58197411
58118884
58040392
57960993
57878013
57789567
57704924
57620165
57535940
57460689
57385683
57305720
57227341
57148875
57068333
56989075
56907431
56827876
56747180
56665618
56586180
56504226
56422967
56340744
56256621
56172042
56086407
55999772
55912392
55822643
55730586
55638271
55542888
55448402
55354681
55259177
55162884
55067372
54973262
54880622
54787724
54698896
54609183
54517457
54424599
54330389
54233924
54132116
54025227
53920046
53813949
53710135
53601731
53482998
53365331
53245012
53126436
53024993
52921802
52817805
52711316
52605173
52495828
52387716
52278091
52168776
52066284
51974096
51883252
51788629
51681923
51569710
51456069
51345033
51232915
51119962
51008350
50895287
50781303
50668912
50556468
50444797
50332551
50218306
50101228
49982797
49862279
49741153
49620852
49502388
49384782
49268115
49146812
49026886
48907593
48789784
48671585
48554490
48436217
48317001
48196652
48074881
47952333
47831610
47706871
47582633
47458797
47334974
47211990
47087888
46961584
46836215
46709384
46582717
46455374
46327844
46198537
46068403
45936410
45802499
45664256
45531570
45399589
45267931
45134352
44997624
44856429
44710756
44563905
44418530
44280819
44142318
44001137
43855361
43730101
43609602
43488486
43373366
43240273
43111070
42978434
42846522
42715611
42581423
42446859
42314160
42180537
42045578
41912433
41778926
41646857
41512995
41381223
41255005
41128826
41000534
40867794
40730906
40594771
40460053
40325054
40192014
40059003
39926601
39793931
39661034
39529644
39401339
39273317
39147547
39022548
38895393
38768521
38640180
38513177
38385106
38257751
38131825
38006980
37879487
37750976
37623502
37499239
37377318
37256821
37140633
37023888
36907454
36791699
36675507
36561184
36444795
36328575
36214461
36099363
35982549
35867400
35751378
35636644
35524380
35411970
35301814
35189864
35073630
34947967
34820668
34694211
34575802
34459462
34355586
34261616
34168226
34071830
33958630
33847014
33737340
33629389
33523063
33416849
33309621
33201378
33093391
32987022
