31506106
31439719
31269728
31016188
30657028
30175925
29596746
28922456
28176190
27387205
26583487
25839444
25177829
24633204
24194401
23878150
23682830
23664576
23777803
24015279
24341833
24758333
25255275
25797673
26347166
26897096
27418034
27873632
28222980
28456270
28575716
28596766
28503649
28328847
28090693
27846414
27616752
27429603
27326845
27337034
27468576
27722684
28094160
28560115
29072980
29518128
29910338
30360006
30816831
31269544
31699324
32202819
32804975
33543046
34474039
35631623
37004400
38435116
39854916
41212050
42467323
43656579
44735559
45665419
46443731
47087367
47634378
48174215
48654410
49066652
49463084
49838157
50165585
50417484
50575085
50643352
50607602
50446699
50190153
49826657
49351327
48775840
48064802
47277745
46468407
45679106
44915715
44174924
43444940
42725799
42025775
41354095
40722631
40154298
39655058
39259996
38969480
38800128
38727088
38755322
38887576
39133590
39507840
40021252
40670132
41457600
42356892
43371075
44477437
45662866
46872404
48121267
49387227
50663375
51943049
53194497
54379471
55499522
56505981
57434577
58330525
59171454
59926399
60321150
60407718
60324316
60131050
59926607
59707021
59509599
59382625
59376995
59543045
59907118
60302125
60641529
60810039
60716263
60337775
59721480
58905198
57983496
56982706
55963730
54832556
53574822
52217316
50752426
49191544
47576583
45950911
44339448
42781367
41331549
40043986
38957422
38099126
37443555
37025765
36829645
36864463
37051398
37237132
37419373
37578521
37760303
37942937
38200516
38611505
39106993
39674324
40333634
41058282
41847751
42674919
43492894
44251487
44961914
45617729
46178028
46626688
46926591
47017662
46953806
46757206
46406666
45945483
45421830
44857642
44288408
43714520
43149527
42615161
42110701
41610185
41064488
40438528
39768436
39040793
38348594
37727737
37240652
36929710
36787586
36851876
37120363
37569877
38183067
38944041
39844020
40864830
42043964
43420606
45044626
46939081
49119582
51563608
54231702
57094503
60060588
63072004
66058968
68790901
70989309
72398375
72916394
72384025
70990135
69129475
66919355
64462409
61954432
59599259
57311176
55004529
52688316
50471066
48367504
46503849
44603182
42539269
40415958
38139838
35751413
33256114
30661747
27959411
25167114
22371200
19669626
17102048
14733958
12600938
10734342
9129721
7828687
6841160
6176222
5769345
5600903
5603843
5740130
5985977
6365763
6876692
7541396
8374245
9373118
10505232
11761277
13123983
14548869
15999021
17447958
18769810
20040909
21291188
22459714
23535318
24533751
25429801
26238870
26974818
27620816
28205063
28705033
29099652
29392652
29591501
29695013
29704868
29673509
29621575
29565879
29569128
29634105
29782045
29980756
30134247
30236580
30237785
30113537
29860058
29493451
29032060
28510167
27925483
27246273
26470681
25585207
24613018
23596992
22565331
21618707
20746288
19937345
19194894
18512119
17891225
17299569
16795227
16403594
16134692
15969376
15874495
15818742
15732525
15597023
15391773
15133476
14899487
14795489
14922503
15433031
16351474
17596950
19077687
20781595
22695629
24824398
27143556
29637493
32278078
35001456
37741324
40444215
43021818
45337330
47518087
49599092
51559508
53360061
54983689
56334052
57247732
57745788
57987551
58028948
57892999
57542134
56967058
56171085
55184049
54086600
52966867
51940300
50879275
49741578
48418139
46900744
45265123
43567708
41829925
40098719
38382650
36723193
35091020
33503212
31955757
30481125
29060722
27712202
26416423
25188495
24006404
22874633
21845955
20942418
20160099
19620727
19255542
18967504
18759865
18614626
18526094
18497147
18520936
18582547
18664048
18735371
18794455
18862746
18944415
19034244
19161408
19377833
19655839
19956704
20225524
20428220
20575673
20643966
20633510
20695195
20871322
21148662
21416541
21646423
21884297
22150393
22472035
22862256
23304346
23804210
24299367
24749700
25101321
25353809
25517920
25607889
25655199
25727121
25835848
25963721
26114017
26278955
26448975
26615098
26750382
26829460
26860465
26882890
26911215
26958577
27055271
27188857
27334375
27435988
27276138
26819683
26302222
25814588
25386378
24950898
24471425
23947801
23348128
22670983
21931749
21262488
20653455
19997039
19254394
18416382
17547168
16756593
16065477
15522887
15215204
15326382
15824174
16496534
17226546
17932359
18672434
19496752
20413711
21427897
22481556
23525770
24559327
25506970
26238060
26849822
27258514
27451546
27430874
27286834
27029017
26713683
26371747
26095399
25951096
25879322
25842388
25860644
25962314
26062541
26236005
26543928
27024631
27640517
28283104
29057832
30034154
31185157
32472822
33883076
35353435
36846307
38235740
