256082419
256082419
256082419
256082419
256082419
256082419
256082419
256082419
256082419
256082419
256082419
256082419
256082419
256082419
256082419
256082419
256082419
256082419
256082419
256082419
256082419
256082419
256082419
256082419
256082419
256082419
256082419
256082419
256082419
256082419
256082419
256082419
256082419
256082419
256082419
256082419
256082419
256088007
256094865
256113661
256147316
256188083
256231390
256273681
256284603
256284603
256314321
256374392
256393696
256433066
256537714
256629281
256697226
256789428
256897632
256940177
256997454
257107182
257191002
257270758
257384296
257472561
257529711
257591179
257640201
257705987
257776091
257828669
257900932
258006342
258088892
258128008
258188968
258235958
258270756
258284218
258351782
258407281
258445127
258488688
258511548
258537710
258565142
258603623
258610735
258614291
258617085
258617085
258617085
258617085
258617085
258617085
258617085
258617085
258617085
258617085
258617085
258617085
258617085
258617085
258617085
258617085
258617085
258617085
258617085
258617085
258617085
258617085
258617085
258617085
258617085
258617085
258617085
258617085
258617085
258617085
258617085
258617085
258617085
258617085
258617085
258617085
258617085
258617085
258617085
258617085
258617085
258617085
258617085
258617085
258617085
258617085
258617085
258617085
258617085
258617085
258617085
258617085
258617085
258617085
258617085
258617085
258617085
258617085
258617085
258617085
258617085
258617085
258617085
258617085
258617085
258617085
258617085
258617085
258617085
258617085
258617085
258617085
258617085
258617085
258617085
258617085
258617085
258617085
258617085
258617085
258617085
258617085
258617085
258617085
258617085
258617085
258617085
258617085
258617085
258617085
258617085
258617085
258617085
258617085
258617085
258617085
258617085
258617085
258617085
258617085
258617085
258617085
258617085
258617085
258617085
258617085
258617085
258617085
258617085
258617085
258617085
258617085
258617085
258617085
258617085
258617085
258617085
258617085
258617085
258617085
258617085
258617085
258617085
258617085
258617085
258617085
258617085
258617085
258617085
258617085
258617085
258617085
258617085
258617085
258617085
258617085
258617085
258617085
258617085
258617085
258617085
258617085
258617085
258617085
258617085
258617085
258617085
258617085
258617085
258617085
258617085
258617085
258617085
258617085
258617085
258617085
258617085
258617085
258617085
258617085
258616323
258596765
258526534
258397248
258195953
257887978
257401568
257157728
256996184
256859786
256692019
256499995
256286762
256078228
255871599
255631315
255340739
254992124
254397637
254028575
253677928
253191391
252751590
252492891
252322253
252152151
251892678
251647336
251315918
250923958
250532147
250159566
249762329
249280632
248716565
248307223
248051692
247899659
247815812
247679550
247445426
247225725
247036285
246870015
246707774
246558231
246399481
246038917
245490906
244898726
244120004
243301010
242314840
241493400
240743616
240293043
240124030
240011880
239829704
239674793
239649827
239408769
239202232
239046094
238995686
238975335
238910194
238741289
238553380
238357992
238165134
237987168
237891596
237833228
237662894
237649736
237616127
237179992
237019962
237095416
236807534
235935316
235511250
235549605
235620060
235631368
235678107
235775886
235755754
235707205
235573000
235629846
235684089
235552399
235377222
235452834
235594840
235823248
235872670
235682543
235495252
235511996
235528655
235505499
235531602
235819847
236181115
236291834
236673767
236694239
236391946
236281522
236196156
236198755
236288331
236475207
236444315
236161253
235893737
235695298
235663501
235708454
235552897
235521132
235521545
235626691
235766597
236013587
236264657
236328334
236539368
236615433
236586747
236628355
236772447
237113026
237425735
237667542
237602549
237667446
238025038
238473006
238837838
239041598
239121404
238972065
239030293
239469247
239723432
239901162
240231002
240590525
240820812
241193106
241698270
241985650
242010269
242272286
242647969
242972234
243347677
243527261
243835984
244161589
244390216
244548565
244675295
244789114
244748561
244738521
244848564
245023960
245220557
245386664
245490458
245560726
245615621
245670735
245831388
246239802
246686986
247289537
247847846
248353808
248456045
248329360
247962252
247656549
247366954
247046477
246729284
246371634
246028368
245728130
245419999
245067866
244653066
244193189
243806767
243542718
243214994
242734084
242132612
241609741
241132399
240679792
240183737
239755277
239366600
239070093
239132583
239028719
238507837
237898371
237290307
236742102
236299251
235918266
235526912
235190837
234784369
234367215
233975817
233568750
233147665
232668402
232213542
231760742
231252065
230733663
230202003
229641596
229052291
228493509
227913290
227405667
226955712
226418041
225867403
225317131
224722589
224118687
223484060
223060501
222636425
222302059
221955860
221779633
221606408
221431139
221283079
221040793
220781047
220504610
220236612
220035606
219879805
219673595
219449002
219217028
218986991
218779933
218590844
218404005
218205841
217965594
217782600
217714394
217688015
217591225
217531146
217396841
217183478
216970194
216667661
216426846
216295971
216293493
216307577
216223590
216151519
216059067
215950499
215874629
215839168
215775236
215704911
215651831
215594741
215583195
215600980
215620582
215708098
215813625
215969641
216083419
216189614
216255349
216272099
216334970
216419348
216457314
216545414
216618600
216807764
217053906
217305257
217538521
217783098
218133129
218657081
219169825
219607714
219963511
220256883
220620107
220976043
221386872
221861680
222381529
222943094
223414977
223854783
224260941
224701689
225158553
225699841
226240168
226739717
227217706
227792029
228353367
229024557
229686346
230265376
230882606
231459459
232042407
232610969
233163022
233719094
234301335
234852228
235399658
235923175
236408235
236906130
237360519
237798995
238170434
238546263
238934763
239375422
239862487
240401856
240908332
241425857
241986181
242541298
243122958
243702586
244297962
244871748
245453535
246020336
246588915
247185053
247757950
248337705
248993533
249683778
250367546
250856369
251306584
251654818
251998607
252192028
252348746
252495685
252650879
252879225
253127129
253405894
253662561
253927102
254190754
254479552
254749935
255024509
255295908
255547622
255799463
256038477
256290191
256531364
256760345
256991612
257220339
257427349
257614420
257794887
257960749
258098290
258214495
258312793
258392422
258445508
258489577
258496689
258518660
258542155
258562602
258582033
258591177
258598289
258604639
258611243
258617085
258617085
258617085
258617085
258617085
258617085
258617085
258617085
258617085
258617085
258617085
258617085
258617085
258617085
258617085
258617085
258617085
258617085
258617085
258617085
258617085
258617085
258617085
258617085
258617085
258617085
258617085
258617085
258617085
258617085
258617085
258617085
258617085
258617085
258617085
258617085
258617085
258617085
258617085
258617085
258617085
258617085
258617085
258617085
258617085
258617085
258617085
258617085
258617085
258617085
258617085
258617085
258617085
258617085
