7011501
6965828
7065729
6983253
6958460
7024282
6931333
6963128
7059998
6988618
7052488
7156432
7082549
7146548
7228058
7136541
7221130
7318817
7295439
7500355
7651668
7608487
7929853
8192979
8015193
8213540
8347452
8198335
8453372
8645054
8522994
8780745
9010795
8871814
9074004
9314244
9145399
9426882
9614159
9301202
9519019
9721601
9526764
9825915
10110372
9779667
9946217
10171258
9836754
10026040
10278620
9993130
10100760
10321996
9986298
10170695
10400380
10157845
10223627
10528429
10206193
10298577
10564095
10291172
10354701
10656031
10344770
10378714
10673815
10341285
10364726
10632077
10328290
10323775
10602713
10301436
10231749
10582213
10310156
10250341
10586734
10225861
10148286
10557858
10304772
10159340
10360816
9999346
9913405
10211130
9840949
9668780
9904234
9657901
9468333
9690073
9435677
9268553
9516526
9262653
9095036
9217393
9048188
8893196
9043353
8775374
8621354
8693556
8518727
8263873
8288891
7982885
7822653
7985475
7814047
7636220
7695126
7582804
7443567
7453286
7354573
7234472
7274627
7153785
7066403
7156731
7058510
6988519
7090354
7047607
6992272
7035430
6907108
6851077
6939066
6869629
6846318
6899536
6823054
6849400
6934684
6883478
6934748
7019987
6958892
7025548
7095682
7011841
7093033
7205434
7182917
7337948
7471457
7481087
7777566
8014352
7899096
8068640
8155055
8035892
8310564
8514110
8396554
8703559
8885503
8735537
8992676
9166997
9045618
9327357
9511465
9241966
9488197
9632799
9477269
9720252
10041731
9765833
9918083
10119800
9843023
10000384
10261244
9956367
10046343
10302438
9987623
10136278
10360457
10127664
10276635
10498549
10204367
10262858
10540006
10320728
10339802
10611958
10363533
10394162
10631119
10314520
10328917
10603730
10316726
10344038
10605292
10308746
10233443
10527237
10315975
10276828
10559775
10234895
10219531
10583319
10267891
10106816
10299595
10040380
9845550
10129745
9792092
9632071
9839469
9596836
9413086
9609626
9362631
9245767
9389290
9203074
9008505
9150471
8951440
8827862
8947767
8701578
8545736
8650884
8437378
8237271
8242623
7936494
7794129
7928962
7819542
7630911
7648203
7564351
7432997
7428762
7329326
7195042
7237743
7142787
7053979
7131721
7049324
6973534
7064287
7043594
6977612
7003280
6895796
6850268
6908655
6861397
6835394
6870168
6813356
6837378
6905388
6867846
6914054
6984565
6954316
7009277
7055529
6998340
7089713
7187930
7173035
7295428
7413490
7467844
7716022
7922865
7857089
8004021
8085152
8010266
8242755
8431583
8374892
8653475
8845968
8663766
8960078
9136795
9003595
9249987
9482813
9256194
9485797
9635331
9441378
9718090
9986309
9774119
9971004
10134638
9916603
10075717
10283622
9992283
10094547
10300479
10080995
10162927
10369205
10177021
10355162
10529791
10243901
10339978
10585747
10379063
10374729
10654271
10447513
10444461
10668609
10372537
10350645
10659802
10410527
10383330
10649598
10379010
10266393
10565901
10361678
10311375
10592079
10366140
10273945
10609475
10247156
10083993
10366945
10029493
9827025
10073772
9818221
9627698
9804451
9562464
9388665
9560351
9361834
9180724
9351672
9157311
8975676
9090286
8880167
8751971
8893171
8677556
8476867
8587137
8373059
8170754
8176143
7888314
7753206
7854054
7780885
7610917
7622560
7510940
7382667
7390500
7306697
7178828
7193640
7119961
7032046
7098600
7035924
6956204
7023710
7027893
6961041
6958714
6878624
6830951
6882948
6845315
6819919
6831736
6798301
6822517
6869104
6852708
6894441
6948079
6937971
6988371
7028501
7005955
7096243
7169121
7148139
7267047
7408644
7466743
7710933
7921558
7861196
7991828
8050354
7987039
8235317
8417229
8367424
8624715
8833955
8683832
8921278
9141814
8972763
9211572
9456778
9272596
9501517
9672131
9467854
9734721
9958533
9786570
10037035
10197434
9984388
10184648
10316271
10060625
10174496
10371173
10119610
10252592
10435521
10294114
10371573
10599963
10348334
10442148
10642206
10418441
10470700
10723451
10479725
10527863
10716376
10429886
10442698
10741089
10506312
10435579
10697254
10455295
10364013
10667257
10418753
10427645
10724893
10448895
10376450
10631588
10267182
10156853
10400928
10087853
9855871
10091618
9830334
9684049
9844608
9566696
9406791
9568323
9374801
9186178
9374319
9125941
8995398
9071397
8863651
8724265
8879204
8633990
8439471
8518884
8365316
8133784
8122943
7883541
7762192
7862172
7768871
7609367
7636384
7534479
7405117
7405893
7324770
7206985
7226183
7147198
7066020
7113326
7073379
6998836
7054052
7046626
6976702
6962142
6893379
6842440
6880026
6871981
6829704
6832335
6812035
6831341
6864012
6866389
6909087
6939612
6942868
7010686
7044028
7038436
7124186
7204894
7202457
7328481
7443102
7482746
7717612
7917732
7873036
8001543
8072057
8008113
8255433
8416814
8337551
8627305
8830386
8699609
8931541
9123688
8963023
9225496
9449349
9296110
9537480
9698808
9578151
9782649
10013028
9785808
10107118
10302609
10074921
10274047
10421990
10166157
10266944
10462968
10200470
10355278
10591475
10391240
10489584
10688974
10499356
10550497
10733361
10526456
10614494
10808258
10587316
10622888
10827334
10591697
10602097
10800069
10623782
10551445
10749981
10600031
10510128
10748040
10582748
10537328
10812406
10582811
10434428
10642753
10359801
10256227
10456680
10121112
9910156
10134931
9872515
9730805
9889855
9587216
9432668
9621585
9389919
9235191
9387438
9166515
9003606
9085065
8855455
8716626
8853780
8633102
8450025
8497876
8379274
8147892
8113367
7900994
7788785
7894009
7809812
7666670
7689239
7594411
7476566
7463073
7398828
7292322
7300083
7234489
7158021
7204554
7171884
7102867
