366715929
366715929
366715929
366715929
366715929
366715929
366715929
366715929
366715929
366715929
366715929
366715929
366715929
366715929
366715929
366715929
366715929
366715929
366715929
366715929
366715929
366715929
366715929
366715929
366715929
366715929
366715929
366715929
366715675
366715675
366715675
366715675
366715675
366715675
366715675
366715675
366715675
366715675
366715675
366715675
366715675
366715675
366715675
366715675
366715675
366715675
366715675
366715675
366715675
366715675
366715675
366715675
366715675
366715675
366715675
366715675
366715675
366714786
366714786
366714786
366714786
366714786
366714786
366714786
366714786
366714786
366713516
366713516
366713516
366713516
366713516
366713516
366713516
366713516
366713516
366713516
366713516
366712881
366712881
366712881
366712881
366712627
366712627
366712627
366712627
366712627
366712627
366712627
366712627
366712627
366712627
366712627
366712627
366712627
366712627
366712627
366712627
366712627
366712627
366712627
366712627
366712627
366712627
366712627
366712627
366712627
366712627
366712627
366712627
366712627
366712627
366712627
366712627
366713262
366713262
366713262
366713262
366713262
366713262
366713262
366713262
366713262
366713262
366713262
366713262
366713262
366713262
366713262
366713262
366713262
366713262
366713262
366713262
366713262
366713262
366713262
366713262
366713262
366713262
366713262
366713262
366713262
366713262
366713262
366713262
366713262
366713262
366713262
366713262
366713262
366713262
366713304
366713262
366713262
366713262
366713262
366713262
366713262
366713262
366713262
366713262
366713262
366713262
366713262
366713262
366713262
366713262
366713262
366713262
366713262
366713262
366713262
366713262
366713262
366713262
366713262
366713262
366713262
366713262
366713262
366713262
366713262
366713262
366713262
366713262
366713262
366713262
366713516
366713516
366713516
366713516
366713516
366713516
366713516
366713516
366713516
366713516
366713516
366713516
366713516
366713516
366713516
366713516
366713516
366713516
366713516
366713516
366713516
366713516
366713516
366713516
366713516
366713516
366713516
366713516
366713516
366714405
366714405
366714405
366714405
366714405
366714405
366714405
366714405
366714405
366715675
366715675
366715675
366715675
366715675
366715675
366715675
366715675
366715675
366715675
366715675
366716310
366716310
366716310
366716310
366716564
366716564
366716564
366716564
366716564
366716564
366716310
366713897
366708055
366704626
366700943
366695736
366692307
366688624
366687100
366682401
366679607
366675797
366670971
366666399
366661319
366656493
366651921
366647349
366642142
366637570
366632998
366628426
366623854
366619028
366613948
366609376
366604169
366599597
366594136
366590199
366586262
366583849
366583595
366583595
366583595
366583595
366583595
366583595
366583595
366583595
366583595
366583595
366583595
366583595
366583595
366583595
366583595
366583595
366583595
366583595
366583595
366583595
366583595
366583595
366583595
366583595
366583595
366583595
366583595
366583595
366583595
366583595
366583595
366583595
366583595
366583595
366583595
366583595
366583595
366583595
366583595
366583595
366583595
366583595
366583595
366583595
366583595
366583595
366583595
366583595
366583595
366583595
366583595
366583595
366583595
366583595
366583595
366583595
366583595
366583595
366583595
366583595
366583595
366583595
366582960
366582960
366582960
366582960
366582960
366582960
366582960
366582960
366582960
366582960
366582960
366582960
366582960
366582960
366582960
366582960
366582960
366582960
366582960
366582960
366582960
366582960
366582960
366582960
366582960
366582960
366582960
366582960
366582960
366582960
366582960
366582960
366582960
366582960
366582960
366582960
366582960
366582960
366582960
366582960
366582960
366582960
366582960
366582960
366582960
366582960
366582960
366582960
366582960
366582960
366582960
366582960
366582960
366582960
366582960
366582960
366582960
366582960
366582960
366582960
366582960
366582960
366582960
366582960
366582960
366583214
366585627
366591469
366594898
366598581
366603788
366607217
366610900
366612424
366617123
366619917
366623727
366628553
366633125
366638205
366643031
366647603
366652175
366657382
366661954
366666526
366671098
366675670
366680496
366685576
366690148
366695355
366699927
366705388
366709325
366713262
366715675
366715929
366715929
366715929
366715929
366715929
366715929
366715929
366715929
366715929
366715929
366715929
366715929
366715929
366715929
366715929
366715929
366715929
366715929
366715929
366715929
366715929
366711103
366708944
366708055
366707166
366704753
366704499
366702975
366700816
366699546
366698022
366693069
366687862
366680750
366678845
366673257
366665256
366665256
366665256
366665256
366665256
366665256
366665256
366665256
366661827
366659414
366656366
366653953
366653699
366651794
366650270
366650270
366650270
366650270
366650270
366650270
366650270
366650270
366650270
366650270
366650270
366650270
366650905
366650905
366650905
366650905
366650905
366650905
366650905
366650905
366650905
366650905
366650905
366650905
366650905
366650905
366650905
366650905
366650905
366650905
366650905
366650905
366650905
366650905
366650905
366650905
366650905
366650905
366650905
366650905
366650905
366650905
366650905
366650905
366650905
366650905
366650905
366650905
366650905
366650905
366650905
366650905
366650905
366650905
366650905
366650905
366650905
366650905
366650905
366650905
366650905
366650905
366650905
366650905
366650905
366650905
366650905
366650905
366650905
366650905
366650905
366650905
366650905
366650905
366650905
366650905
366650905
366650905
366650905
366650905
366650930
366650905
366650962
366650905
366650905
366650905
366650905
366650905
366650962
366650945
366650905
366650905
366650905
366650905
366650905
366650905
366650905
366650905
366650905
366650905
366650905
366650905
366650905
366650926
366650911
366650905
366650905
366650905
366650905
366650905
366650905
366650905
366650905
366650905
366650905
366651025
366650905
366650941
366650905
366650905
366650905
366650905
366650905
366650905
366650905
366650905
366650905
366650905
366650905
366650905
366655731
366657890
366658779
366659414
366661827
366662081
366663605
366665764
366667034
366668558
366673511
366678464
366685576
366687481
366693069
366701070
366701070
366701070
366701070
366701070
366701070
366701070
366701070
366704499
366706912
366709960
366712373
366712627
366714532
366716056
366716056
366716056
366716056
366716056
366716056
366716056
366716056
366716056
366716056
366716056
366716056
366716056
366716056
366716056
366716056
366716056
366716056
366716056
366716056
366716056
366716056
366716056
366716056
366716056
366716056
366716056
366716056
366716056
366716056
366716056
366716056
366716056
366716056
366716056
366716056
366716056
366716056
366716056
366716056
366716056
366716056
366716056
366716056
366716056
366716056
366716056
366716056
366716056
366716056
366716056
366716056
366716056
366716056
366716056
366716056
366716056
366716056
366716056
366716056
366716056
366716056
366716056
366716056
366716056
366716056
366715802
366715802
366715802
366715802
366715802
366715802
366715802
366715802
366715802
366715802
366715802
366715802
366715802
366715802
366715802
366715802
366715802
366715802
366715802
366715802
366715802
366715802
366715802
366715802
366715802
366715802
366715802
366715802
366715802
366715802
366715802
366715802
366715802
366715802
366715802
366715802
366715802
366715802
366715802
366715802
366715802
366715802
366715802
366715802
366715802
366715802
366715802
366715802
366715802
366715802
366715802
366715802
366715802
366715802
366715802
366715802
366715802
366715802
366715802
366715802
366715802
366715802
366715802
366715802
366715802
366715802
366715802
366716056
366716056
366716056
366716056
366716056
366716056
366716056
366716056
366716310
366716310
366716310
366716310
366716310
