47243754
47667901
47973857
48223299
48433436
48626659
48823282
49020617
49202411
49347545
49259410
49023558
48655220
48304099
47948666
47782307
47781205
47812910
47832142
47852553
47781230
47562125
47263002
46785695
46100169
45367334
44687161
44098629
43567161
43069267
42590347
42142869
41711357
41195121
40649294
40355740
40363025
40470805
40684567
41013509
41396194
41744909
42089092
42418160
42817671
43237918
43402069
43470443
43583975
43691154
43815327
43964943
44187642
44528249
45016142
45511921
46027763
46484381
46922034
47307062
47613430
47860188
48032642
48223279
48405668
48517637
48602519
48423741
48034356
47553729
47050677
46712598
46541312
46548289
46729943
47086296
47397257
47600913
47668407
47462976
46992935
46359938
45733300
45126908
44521722
43899192
43309620
42822248
42315852
41814576
41314665
40866631
40798492
40822284
40975668
41273254
41662023
42090834
42502107
42889134
43230356
43647431
43951660
44053002
44175142
44302002
44395977
44537744
44777317
45130470
45591193
46123947
46624570
47084157
47519340
47902398
48199972
48461085
48696743
48901187
49089342
49234808
49356538
49311338
49060742
48724339
48348783
47995605
47785028
47753897
47811245
47833657
47868440
47812262
47575153
47276304
46781994
46098700
45380788
44700845
44114886
43625375
43155378
42723876
42260449
41749125
41202609
40737010
40423435
40376189
40443790
40674787
40998683
41387214
41780779
42178128
42543077
42868638
43278647
43452304
43591666
43710868
43805579
43881050
44005360
44222752
44528341
45018100
45522037
