-11264842
-12764222
-14364985
-15516756
-15777752
-15786801
-15791790
-15802232
-15802875
-15801095
-15717573
-14002290
-12371225
-10756622
-9145997
-7568527
-6130437
-4801834
-3649822
-2623065
-1551659
-443341
743393
1950347
3133487
4312397
5539536
6789035
8011859
9192501
10296052
11297859
12383233
13580414
14997328
16571653
18158781
19712054
21269760
22813093
24340895
25824766
27283499
28709524
30100323
31504930
32987970
34013706
34118851
33959239
33773154
33567353
33349218
33107662
32834539
32552272
32240583
31896204
31528371
31144215
30895228
30769754
30797188
31002506
31185853
31350424
31483861
31613097
31771494
31953760
32121731
32299887
32524305
32794358
33187985
33699210
34121579
34471987
34584369
34549902
34546266
34546334
34547122
34546101
34574913
34623587
34684764
34755362
34844071
34949186
35068520
35206829
35358608
35531372
35711119
35917058
36147308
36397137
36662613
36942820
37254884
37592396
37960681
38353111
38773989
39216076
39689151
40128444
40524811
40890444
41214294
41516808
41782746
42025316
42240073
42432986
42598848
42750613
42871771
42968545
43047285
43109896
43160188
43185334
43185334
43185334
43185334
43185334
43185334
43185334
43185334
43185334
43185334
43174031
43143170
43096180
43033188
42954067
42854626
42737532
42602531
42451655
42281856
42088435
41880536
41645332
41392094
41111170
40809672
40480742
40115490
39796339
39513891
39263955
39042467
38856031
38693280
38565600
38479270
38386053
38323436
38280942
38269930
38273726
38262510
38260489
38258442
38258548
38258462
38259020
38257338
38251069
38245728
38237465
38221826
38205016
38187209
38185526
38189857
38213518
38254141
38321000
38411214
38499289
38609936
38733032
38877621
39049198
39236777
39451661
39685849
39939722
40216582
40520874
40858694
41150413
41405429
41625393
41818687
41979977
42117899
42223817
42294937
42338879
42339133
42216070
42010584
41686607
41248361
40720000
40229601
39745140
39261333
38767910
38280087
37803137
37327524
36878188
36452898
36038190
35628471
35234910
34834114
34450346
34045729
33642726
33223129
32795256
32357185
31912415
31468295
31013449
30541546
30070651
29585325
29115836
28622209
28096411
27552719
26977480
26394100
25817195
25232610
24643463
24042893
23447093
22879708
22223487
21832385
21999284
22212035
22527767
22962320
23489720
23985267
24469121
24951547
25445334
25935720
26413698
26889209
27351874
27790711
28220963
28649697
29061818
29483123
29892982
30319492
30741754
31178585
31625946
32082669
32550181
33012292
33487866
33982405
34472423
34976957
35486243
36019311
36576667
37148456
37747858
38358050
38960949
39570357
40185553
40811012
41432495
42037234
42733849
43185334
43185334
43185334
43185334
43185334
43185334
43185334
43185334
43185334
43185334
43185334
43185334
43185334
43185334
43185334
43185334
43185334
43185334
43185334
43185334
43185334
43185334
43185334
43185334
43185334
43185334
43185334
43185334
43185334
43185334
43185334
43185334
43185334
43185334
43185334
43185334
43185334
43185334
43185334
43185334
43185334
43185334
43185334
43185334
43185334
43185334
43185334
43185334
43185334
43185334
43185334
43185334
43185334
43185334
43185334
43185334
43185334
43185334
43185334
43185334
43185334
43185334
43185334
43185334
43185334
43185334
43185334
43185334
43185334
43185334
43185334
41525063
39861644
38244075
36634107
35035747
33426475
31789784
30137716
28482355
26835690
25193120
23566248
21928255
20291837
18676514
17058210
15433510
13821706
12214276
10604877
9023373
7422723
5822291
4241205
2663290
1072730
-495569
-2061349
-3621254
-5169078
-6692564
-8229078
-9734187
-11198408
-12690366
-14255458
-15631756
-16153431
-16178732
-16183307
-16195483
-16196800
-16194565
-16196086
-14534811
-12871618
-11244758
-9627787
-8040169
-6577233
-5210830
-3991249
-2967067
-1883796
-808112
354309
1569315
2775644
3940722
5178380
6432524
7665753
8879033
10026011
11022461
12088425
13269659
14577759
16145680
17734946
19292389
20841483
22397362
23949925
25440294
26919465
28366241
29751348
31155189
32606167
33849565
34228011
34085868
33901271
33694172
33481308
33250195
32983879
32707057
32405801
32073080
31707172
31324204
31042022
30881781
30851004
31046799
31217397
31408146
31536648
31660865
31805371
31982462
32143622
32315654
32511072
32752433
33092377
33584631
34034602
34395208
34618122
34585095
34584152
34581335
34582489
34582180
34581706
34618885
34672688
34736106
34822345
34920253
35041649
35177347
35326462
35498522
35677452
35883836
36102806
36346452
36606855
36882171
37181468
37510460
37871400
38257353
38672897
39101395
39567485
40008302
40419401
40793797
41135173
41445180
41717722
41967658
42190924
42386758
42560621
42717974
42844085
42954067
43040300
43107991
43160188
43185334
43185334
43185334
43185334
43185334
43185334
43185334
43185334
43185334
43185334
43185334
43160188
43113706
43052619
42974006
42880788
42771314
42643806
42492803
42327322
42139108
41934130
41711626
41456864
41187878
40896159
40575230
40216074
39880032
39586281
39322121
39090981
38902697
38737092
38601153
38507262
38419409
38348705
38300500
38278754
38283866
38273885
38271831
38267967
38268073
38268013
38267993
38267375
38260594
38255205
38248202
38233191
38218224
38203339
38192066
38191566
38214873
38253793
38317513
38399980
38483671
38587027
38710413
38848919
39015289
39199947
39402131
39637081
39887017
40151685
40447976
40779700
41088310
41354629
41588817
41791763
41953053
42093896
42207815
42285285
42338879
42354881
42270680
42081323
41796462
41388409
40857207
40358747
39876587
39399537
38914754
38425919
37950024
37480767
37031410
36597385
36178759
35771066
35369144
34975809
34587781
34187351
33784681
33357595
32939639
32509793
32066061
31614423
31160508
30697622
30228682
29736474
29252324
28773994
28253189
27730685
27149731
26569712
25986270
25412802
24825301
24212317
23637344
23054184
22479707
21801866
21933902
22142653
22421647
22823736
23353114
23856366
24337410
24815932
25299309
25789860
26271135
