-121424192
-122759089
-124133737
-125559439
-127012954
-128482598
-129951099
-131415155
-132855589
-134262114
-135602599
-136833102
-137989945
-139084050
-140093319
-141031214
-141907514
-142714980
-143469106
-144196054
-144895189
-145573750
-146224244
-146804634
-147134326
-147122642
-146896836
-146592163
-146310604
-146067780
-145858103
-145673445
-145496788
-145324703
-145173065
-145075148
-145022951
-144996027
-144942306
-144849088
-144690592
-144571339
-144387062
-144200626
-143998188
-143764762
-143460470
-143068802
-142515336
-141854428
-141128369
-140387578
-139695047
-139089257
-138582908
-138170666
-137771505
-137277348
-136632188
-135862822
-135025130
-134222363
-133472174
-132734685
-132019040
-131314063
-130628390
-129978150
-129352802
-128748282
-128131697
-127496824
-126817882
-126117985
-125383417
-124628910
-123843796
-123038489
-122216037
-121372630
-120502553
-119615204
-118704995
-117773323
-116813965
-115829969
-114802666
-113718848
-112524667
-111276003
-109993303
-108702348
-107426252
-106175810
-104919145
-103664385
-102395401
-101125528
-99863783
-98635693
-97452434
-96341438
-95316802
-94408752
-93590618
-92839794
-92115894
-91408123
-90703019
-89993343
-89291160
-88573610
-87832184
-87107903
-86480904
-86019386
-85851746
-85837522
-85839808
-85848952
-85842856
-85822790
-85794596
-85766910
-85752940
-85742272
-85730588
-85714840
-85702394
-85698838
-85698330
-85699600
-85703410
-85702648
-85673819
-85604477
-85490050
-85357462
-85288628
-85457538
-85967316
-86693375
-87512779
-88326722
-89124282
-89898982
-90663268
-91418664
-92171774
-92916248
-93623892
-94253558
-94940120
-95672021
-96450404
-97291144
-98188272
-99171252
-100248339
-101393498
-102580567
-103776653
-104945307
-106090593
-107223941
-108346875
-109463078
-110550325
-111621443
-112676178
-113716562
-114693700
-115519581
-116168424
-116754656
-117297835
-117744748
-118068471
-118269258
-118388130
-118457599
-118495826
-118539260
-118641876
-118805579
-119042688
-119339741
-119685308
-120025795
-120361202
-120692799
-121015633
-121319036
-121578878
-121810526
-122054747
-122310906
-122616341
-123028837
-123534297
-124065411
-124658120
-125391418
-126293880
-127270383
-128298067
-129345436
-130377946
-131389247
-132406517
-133422771
-134453249
-135465820
-136464802
-137431907
-138357356
-139208129
-139954508
-140561441
-141040739
-141403832
-141588363
-141305661
-140684631
-139835636
-138865737
-137949432
-137084689
-136212707
-135263128
-134166229
-132758942
-131176649
-129569591
-127945134
-126324868
-124692537
-123056650
-121414159
-119762905
-118090188
-116425726
-114776504
-113139093
-111516922
-109907959
-108300139
-106714290
-105153587
-103642668
-102188010
-100801043
-99464241
-98186113
-96979740
-95854393
-94806643
-93880051
-93044772
-92273755
-91539314
-90839290
-90171778
-89531825
-88924257
-88388063
-87976583
-87572469
-87191215
-86824185
-86455631
-86078187
-85661754
-85152230
-84563712
-83890993
-83163029
-82432525
-81682209
-80917288
-80136111
-79340710
-78533625
-77690980
-76826618
-75910821
-74988166
-74157840
-73438639
-72709405
-71938007
-71216139
-70555739
-69989192
-69478779
-68990337
-68515992
-68017517
-67430523
-66771901
-66056002
-65315592
-64569721
-63865252
-63192279
-62549913
-61971428
-61462412
-61061981
-60769754
-60549790
-60405264
-60331731
-60243720
-60138310
-60052077
-59956700
-59785758
-59531631
-59238896
-58881137
-58481087
-58020966
-57537731
-57067831
-56740806
-56664225
-56887745
-57256680
-57664985
-58089419
-58519187
-58963433
-59435365
-59945016
-60501784
-61185298
-62313312
-63773939
-65469516
-67270884
-69027040
-70735952
-72375903
-73913873
-75147932
-75906503
-76435585
-76749529
-76961365
-77149325
-77334872
-77514958
-77705966
-77897990
-78117192
-78341347
-78545309
-78698217
-78796642
-78821534
-78783180
-78657196
-78458695
-78158975
-77776959
-77295375
-76722351
-76029566
-75202415
-74271505
-73252711
-72098916
-70859650
-69561710
-68241037
-66914014
-65592579
-64288416
-63008637
-61742828
-60524771
-59359165
-58248804
-57194958
-56231028
-55407560
-54732301
-54176041
-53719476
-53379624
-53154072
-53052853
-53092858
-53238273
-53474493
-53776245
-54143148
-54573297
-55017162
-55469663
-55955184
-56466359
-57000267
-57568084
-58177049
-58769250
-59335797
-59852560
-60329445
-60757435
-61147833
-61497464
-61832236
-62129416
-62393195
-62601348
-62777624
-62910085
-63018416
-63090552
-63113285
-63073788
-62965838
-62763781
-62467744
-62057280
-61508640
-60831857
-60042679
-59127390
-58090435
-56957468
-55807737
-54641877
-53483510
-52349527
-51299110
-50254535
-49173511
-47930689
-46418119
-44633515
-42728515
-40802941
-38888670
-37021770
-35224339
-33474533
-31797752
-30223968
-28791027
-27451685
-26196798
-24995505
-23821263
-22672294
-21536533
-20433157
-19410299
-18663158
-18407888
-18402427
-18591276
-18864834
-19235801
-19758025
-20485989
-21562695
-22910165
-24310848
-25731597
-27159585
-28633420
-30147514
-31725997
-33358455
-35063176
-36842700
-38703504
-40631872
-42639234
-44724066
-46897163
-49155604
-51463321
-53797073
-56166004
-58544079
-60928123
-63309627
-65675256
-68018660
-70333870
-72605519
-74841481
-76991337
-78992730
-80580484
-81912587
-83067779
-84089113
-85001862
-85818853
-86573868
-87249254
-87823802
-88267540
-88536907
-88652858
-88628474
