69523594
69589860
69520704
69582616
69569588
69446175
69530642
69588131
69522785
69557606
69564857
69449793
69525640
69432187
69401506
69515755
69348086
69391877
69478131
69304423
69365843
69350650
69160015
69208700
69315353
69271343
69367699
69372397
69346161
69465721
69406913
69348005
69388813
69340170
69303445
69379464
69394523
69450818
69453375
69394578
69441256
69584447
69651547
69685236
69770010
69736467
69745079
69857489
69878223
69885599
69851717
69815478
69920827
69988404
69960984
70032965
70028678
70017136
70072387
70114040
70096527
70095319
70109161
70124270
70116937
70142171
70139690
70123826
70103992
70154483
70129433
70090713
70103374
70099527
69859262
69556180
69249180
68882964
68300122
67965415
67652105
67301240
66971714
66520990
66126637
65805563
65254798
64780370
64287187
63760183
63308446
62872366
62435642
61987552
61551158
61162941
60840525
60377759
59981785
59625004
59307348
59048835
58826596
58415287
58100413
57800141
57460677
57077303
56823794
56450944
56017686
55665273
55332555
54944137
54687582
54461253
54313230
54070185
53810026
53749174
53650985
53261186
52908359
52499184
52254065
52036050
51867146
51890842
51902078
51916758
51949481
51968312
52002770
52011219
51912079
51875475
51884254
51953431
51993994
51955796
51709474
51589573
51430231
51231368
51108617
51158350
51182155
51273304
51410628
51767728
51941197
52017132
52167618
52275034
52422030
52567909
52813459
53172932
53426072
53727598
54033092
54244731
54538473
54948697
55313457
55641190
56026191
56386278
56823747
57165939
57396973
57689237
57913437
58138921
58470925
58730868
59053971
59444150
59737961
59995985
60345188
60613500
60925895
61211952
61433875
61574503
61751615
61954626
62228306
62511999
62724158
62956525
63435090
63869519
64256694
64566892
64868772
65006272
64987800
64959726
64934154
64915922
64903006
64894962
64884818
64870262
64850400
64823844
64782424
64732816
64680408
64757345
64787851
64845482
64976803
65057482
65153728
65245232
65332982
65441036
65555634
65651969
65765726
65844206
65383885
64593676
63746570
62931141
62114662
61180757
61191268
61171872
60408017
59686945
58937994
58261031
57648337
57355631
57483429
57596676
57634012
57892151
58074924
58288705
58588273
58819956
59069352
59405897
59664892
59981607
60195700
60433890
60862108
61181120
61496743
61899208
62179689
62340026
62493873
62632281
62738561
62722749
62829744
62992576
62885177
62839013
62968185
62925720
62430752
61845132
61316648
60660428
59918980
59331905
59049647
58554866
58013729
57381657
56460208
55536376
54779041
53947384
53041021
52031194
51005333
50501106
50075571
49294157
48251882
47184290
46134369
45147506
44072303
43051364
42035276
41619801
41694163
41725270
41775186
41976223
42077172
41150390
40361810
40356439
40339750
40302745
40343186
40271306
39844203
39281865
38708776
38000814
37103292
36198181
35737392
35335588
34888275
34373984
33737798
33165344
32720451
32299135
31914874
31819048
31941535
32304219
32570488
32539914
32568878
32660440
32733251
32701482
32638230
31923669
31166532
30456619
29749502
28959859
28203181
27788039
27563942
27424452
27393929
27399755
27395509
27167779
27029103
26935434
27026985
27245217
27384291
27366352
27286077
27387991
27596375
27680653
27301541
26835699
26647378
27020886
27318549
27687606
27969183
28239268
28814030
29233396
29544631
30110329
30489977
30732421
31091416
31444099
31854200
32257474
32648822
33184147
33531640
33796164
34251461
34678354
35088750
35628410
35962743
36175433
36401485
36618045
36802319
36939057
36942668
36914783
37214814
37840157
38391316
38874419
39090625
39102097
39110543
39144088
39190998
39201214
39168161
39156202
39138515
