316232682
315713395
315188137
314644528
314079551
313495689
312891526
312270194
311638625
310993488
310328194
309642031
308938326
308208742
307462915
306688140
305900368
305093815
304317322
303586500
302912613
302290241
301729142
301228440
300765189
300345986
299967215
299626287
299338936
299095064
298894680
298739774
298637852
298622820
298655127
298702366
298759916
298823925
298899402
298979151
299080469
299196704
299321324
299445664
299585618
299728851
299885195
300067196
300256039
300458924
300674783
300886704
301088852
301291218
301494752
301709588
301898672
302090058
302273918
302455523
302631681
302801928
302967229
303138450
303302270
303444895
303561163
303670476
303801135
303946995
304103095
304252742
304430100
304603237
304791859
304965764
305171955
305383249
305596021
305819981
306059089
306324949
306608056
306894913
307199884
307508487
307827917
308158756
308486512
308803177
309139987
309470119
309808033
310167940
310537124
310937780
311314649
311651525
311971806
312288107
312583267
312858034
313126670
313377904
313592890
313820193
314046856
314265567
314459636
314653574
314828879
314984979
315175614
315428734
315706838
316020724
316395441
316807884
317254047
317730667
318233044
318763015
319324482
319910587
320534665
321176523
321847972
322539106
323267324
324008623
324747636
325467980
326172449
326871457
327572243
328249153
328931016
329604751
330261976
330915518
331568552
332209267
332870175
333512541
334153764
334776445
335406619
336029554
336636487
337220560
337790978
338336022
338873721
339385077
339858812
340296814
340718621
341107156
341472450
341822896
342155010
342486872
342809181
343128468
343465678
343799725
344125460
344446911
344748093
345031515
345331923
345618302
345888380
346139420
346413185
346674990
346938482
347139531
347261306
347303907
347280445
347183434
347041099
346842099
346601623
346327300
346009558
345622545
345202695
344751925
344256510
343721050
343106204
342433473
341756646
341064335
340394292
339722417
339043728
338357350
337675061
336976671
336256794
335559500
334873106
334185958
333508909
332827152
332153534
331469774
330803963
330136507
329469965
328828989
328208529
327644465
327126205
326670339
326267230
325895045
325587325
325326842
325106361
324927276
324801821
324729073
324678065
324634877
324613042
324581638
324536851
324444030
324328409
324160590
323947662
323677094
323374749
323047112
322693870
322292509
321861006
321397485
320911329
320406044
319883898
319351140
318838607
318341300
317879547
317423175
316989775
316574964
316200400
315842806
315510800
315185281
314887577
314605208
314333853
314089446
313860360
313652800
313458458
313272390
313099101
312943381
312805883
312682610
312575156
312481183
312401747
312335625
312279519
312234978
312205104
312192378
312185653
312196664
312219134
312244745
312276463
312311667
312361304
312432038
312499922
312580834
312671075
312764983
312865277
312963622
313063476
313157798
313251015
313337787
313421607
313485309
313551542
313613869
313661705
313697076
313733946
313750447
313779555
313797852
313812029
313819643
313827114
313830120
313856008
313885398
313937256
313989044
314059598
314143092
314253125
314380519
314528263
314694315
314867085
315055620
315252712
315474177
315722439
315970692
316241503
316541324
316851241
317197216
317581145
317982777
318402855
318850587
319332222
319829803
320354126
320891225
321468238
322073492
322699255
323340036
323996756
324642317
325294357
325946825
326597092
327247742
327915960
328581283
329233014
329882128
330531835
331182399
331846613
332503966
333171275
333809722
334444199
335075264
335708325
336348155
336987569
337635471
338289646
338947160
339584892
340242144
340917784
341583518
342260047
342932131
343630250
344339037
345041601
345731211
346395421
347023563
347616780
348175453
348708345
349198311
349655638
350077532
350471867
350830134
351159191
351455609
351722182
351950274
352165920
352392107
352648012
352913569
353200081
353526217
353881944
354259007
354648135
355046915
355482779
355933629
356397179
356883843
357389303
357911908
358445181
358958134
359456482
359918762
360371517
360804841
361219623
361594908
361952286
362283756
362607606
362905294
363188758
363457871
363702616
363929438
364135837
364329004
364514307
364687916
364842617
364980579
365107001
365216236
365309556
365389212
365454109
365511394
365555015
365585366
365601499
365612780
365612904
365612785
365612643
365612490
365612253
365611981
365611858
365611770
365611639
365611579
365611537
365611537
365611537
365611537
365611537
365611537
365611537
365611537
365611537
365611537
365611537
365611537
365611537
365611537
365611537
365611537
365611537
365611537
365611537
365611537
365611537
365611537
365611537
365611537
365611537
365611537
365611537
365611537
365611537
365611537
365611537
365611537
365611537
365611537
365611537
365611537
365611537
365611537
365611537
365611537
365611537
365611537
365611537
365611537
365611537
365611537
365611537
365611537
365611537
365611791
365611791
365611791
365611791
365611791
365611791
365611791
365611791
365611791
365611791
365612807
365614204
365616363
365618776
365621443
365626015
365631476
365642652
365656495
365678085
365702469
365733330
365767112
365802037
365832136
365856774
365872395
365888524
365893985
365893604
365880142
365854869
365819817
365760635
365691674
365613061
365523653
365425736
365324009
365212757
365087408
364962694
364813977
364647607
364469934
364286673
364084362
363865922
363645069
363416723
363178471
362923582
362653580
362366306
362072428
361767374
361441746
361103799
360767630
360417237
360059097
359696766
359343579
359000679
358657271
358329992
358003983
357686356
357376222
357073962
356772845
356474395
356184962
355908737
355639751
355376226
355114225
354844223
354565712
354293043
354002213
353690936
353383088
353082733
352775266
352460433
352138361
351807780
351464499
351110042
350753172
350380935
350008444
349646621
349299657
348970727
348654878
348360746
348077155
347820869
347576013
347339285
347112209
346899230
346696665
346512388
346338144
346183331
346016834
345825699
345592146
345318461
344995699
344627341
344206819
343764328
343294541
342768815
342193219
341571559
340907924
340206322
339459942
338681641
337879289
337062104
336255177
335445280
334629265
333854073
333077675
332322126
331572131
330816661
330076031
329354329
328646423
327956345
327258936
326594371
325944366
325295966
324660711
324042613
323430502
322833304
322238969
321658402
321084724
320523027
319973122
319438632
318911424
318391945
317877651
317368434
316849319
316325781
315791230
315248551
314682701
314101566
313510885
312899072
312274515
311622942
310943563
310244855
309523637
308775974
308009025
307223147
306433589
305650288
304910600
304214738
303559262
302938471
302370793
301853032
301371694
300943302
300569093
300247441
299972474
299747105
299563457
299438240
299363765
299358017
299390944
299435917
299505454
299578599
299660474
299751494
299855310
299962035
300076803
300204240
300335137
300485889
300653939
300836174
301020009
301224753
301445532
301655453
301852162
302047722
302251884
302447311
302624880
302794840
302972932
303158223
303345166
303490968
303637215
303775268
303904766
304004264
304089380
304187406
304277898
304393451
304521988
304655917
304808817
304987652
305168320
305359272
305553113
305765114
305981930
306218167
306468328
306742822
307016680
307308107
307618877
307923333
308221777
308525783
308826855
309141149
309465274
309799632
310146223
310493588
310854874
311221831
311573399
311906145
312220173
312521688
312798095
313057390
313306005
313536223
313732545
313956249
314169303
314371943
314555029
314729027
314883352
315049785
315241069
315474415
315747902
316071021
316445046
316851224
317277090
317730632
318220471
318757427
319335150
319940305
320581401
321263645
321966717
322689220
323422645
324144513
324870318
325616189
326320023
327028175
327725405
328405236
329107165
329793219
330466954
331137006
331797279
