3007730
3032206
3123781
3073122
3142560
3310098
3278396
3346431
3691871
3808799
3754192
3837903
3843989
3723908
3737559
3738402
3679634
3721018
3606947
3542835
3572459
3419834
3383856
3491747
3449256
3370316
3341968
3219278
3225235
3372649
3336950
3381351
3546954
3445191
3430455
3631915
3609220
3539172
3662424
3578187
3416926
3449943
3340767
3286042
3371204
3247999
3162018
3181519
3120576
3244085
3388145
3387443
3564935
3746600
3630341
3670696
3875155
3780107
3728591
3822142
3706241
3619677
3624132
3504066
3469216
3520545
3393482
3382935
3457129
3350170
3320125
3316641
3150289
3195615
3366719
3312387
3366469
3514831
3437466
3423608
3436212
3392886
3444381
3533869
3496129
3502338
3646635
3580927
3591629
3704269
3518375
3460008
3545529
3331655
3287500
3397290
3336893
3429952
3610559
3705785
3794514
3806077
3769107
3903403
3954670
3766672
3709389
3708293
3532290
3421991
3384887
3272470
3326188
3374364
3248722
3326659
3427216
3360892
3469484
3561966
3535365
3685080
3833503
3817902
3967853
4112847
4004949
4105292
4214550
4015349
3997930
4102722
3904787
3829406
3946931
3874491
3876123
4018985
3977566
4016037
4165769
4026210
3924897
4027265
3966609
3872521
3975232
3978123
3956070
4052115
4026499
4014961
4066039
3927407
3785533
3701243
3561727
3565046
3607223
3457317
3445197
3551084
3397752
3424397
3608107
3557044
3636385
3836722
3807519
3844998
4027005
4008838
3985534
4091985
4028039
3986976
3960606
3689483
3660030
3728524
3556431
3663139
3810309
3696884
3787295
3892020
3743090
3843050
3969256
3770097
3814084
4047281
3982514
3955659
4055955
3979726
3937159
3968443
3925666
3992535
4033443
3859686
3869096
3964341
3775824
3753698
3837454
3713203
3650588
3642817
3568698
3653448
3746368
3741639
3922310
4040272
3903973
3936169
4083955
4005979
3945217
4064824
3954608
3917533
3908471
3667313
3703440
3753236
3562338
3605609
3648273
3587185
3817153
3973864
3931375
4064935
4155136
4011395
4081868
4218915
4152533
4224929
4309504
4164524
4150459
4115621
3963139
4088105
4134754
3914868
4046442
4080905
3874248
3952636
4021196
3830100
3977042
4165767
4032685
4119672
4263405
4031973
4043946
4162213
3933302
3903290
4086324
3952284
3887887
4110830
4084770
4058128
4191255
4025156
3936119
4017034
3799137
3760194
3977017
3988936
4049513
4299002
4377797
4385516
4414336
4380491
4464904
4512193
4334401
4333145
4336576
4108585
4126132
4226562
4094606
4152155
4281744
4183702
4264773
4416614
4306020
4289968
4376115
4285890
4334966
4422477
4305338
4357841
4460307
4291308
4430269
4602025
4319118
4310785
4452041
4212916
4262430
4396069
4227240
4302374
4396833
4220285
4279125
4384301
4177057
4155098
4309991
4266780
4297703
4383122
4271479
4280845
4344934
4189348
4229943
4318130
4087499
3975769
3923584
3768211
3809324
3854225
3710070
3749764
3800187
3641440
3750925
3942509
3927514
4073369
4266144
4225148
4305975
4477190
4410548
4488344
4621369
4499882
4571671
4565993
4271814
4350893
4438455
4222803
4353513
4477462
4330701
4413934
4459363
4311684
4434734
4496850
4343165
4447091
4593466
4469906
4521397
4529108
4347481
4412848
4377663
4190631
4409832
4446336
4144433
4279861
4325319
4027386
4127025
4262368
4045558
4082465
4233451
4067319
4139064
4384972
4300542
4400097
4664305
4543245
4515159
4748284
4666485
4572974
4722226
4661247
4656438
4729745
4528985
4538592
4626365
4476112
4450382
4519888
4505531
4547922
4605611
4596596
4622102
4637901
4446835
4518811
4645262
4501850
4592983
4700017
4515777
4526195
4580616
4452030
4581580
4679590
4505948
4561904
4584902
4336455
4394621
4439122
4164683
4320956
4493641
4310460
4454706
4666502
4470524
4553228
4687555
4355467
4322519
