770775700
770916416
771052433
771190609
771328404
771469120
771607804
771755124
771900158
772040112
772187305
772348468
772519283
772695051
772867009
773034649
773197209
773346434
773502263
773663172
773819255
773966702
774107672
774253341
774404217
774571095
774738100
774917170
775086461
775254482
775415137
775566394
775712825
775872845
776030452
776190980
776349349
776506067
776660499
776813280
776965807
777123541
777280132
777447518
777613253
777782290
777946628
778101695
778249523
778382619
778516350
778660368
778813149
778972026
779127728
779280001
779423003
779562449
779699609
779842484
779979263
780117820
780249900
780382107
780513425
780641568
780775299
780918936
781069304
781223228
781375755
781529806
781681952
781805269
781936968
782077049
782215860
782353020
782488656
782630769
782777835
782938363
783091906
783226018
783357463
783493988
783627465
783741511
783848953
783959316
784070695
784169501
784267164
784370161
784478492
784594062
784714585
784833584
784961727
785081361
785200741
785317962
785431627
785536783
785643336
785759668
785880826
785998936
786118951
786237950
786352631
786469598
786591645
786690832
786784685
786887047
786978360
787065228
787143079
787217501
787292431
787376632
787458928
787555321
787648285
787744678
787839039
787937591
788038429
788144347
788252551
788361263
788472134
788583513
788695400
788812494
788931239
789050111
789164411
789264487
789360372
789457019
789553666
789652218
789746960
789851100
789955113
790064079
790169362
790281122
790391485
790503753
790613100
790718637
790822523
790927933
791033470
791139134
791246957
791355288
791464889
791563568
791661739
791760799
791860367
791957141
792055947
792155261
792256734
792348301
792439868
792526863
792614493
792700980
792793182
792887670
792989524
793092394
793189295
793270448
793348680
793426785
793508192
793591123
793672657
793764986
793856680
793928816
793996253
794069278
794142303
794219392
794295846
794369252
794435673
794491426
794548195
794605472
794674560
794749617
794833310
794908367
794985837
795073467
795167828
795262062
795347279
795424114
795491170
795557972
795630108
795696529
795774253
795859597
795951799
796032825
796106358
796161222
796210371
796272855
796339530
796408110
796482278
796555176
796624899
796694495
796760154
796822257
796887662
796952305
797023933
797088576
797156140
797217227
797283013
797323145
797374453
797395154
797417760
797429825
797455352
797480498
797524694
797567620
797617531
797654107
797701605
797739324
797764343
797798379
797825176
797872420
797922077
797966400
797998404
798045902
798090479
798143311
798199445
798247451
798303585
798359084
798416996
798473130
798531042
798584509
798641024
798696396
798754054
798809934
798867084
798921821
798977066
799024310
799073332
799123116
799175821
799233098
799294439
799356415
799421312
799483923
799545772
799600509
799654230
799705792
799758624
799815012
799875591
799927407
799981001
800032817
800086411
800138227
800191866
800243827
800296596
800349428
800402768
800454965
800509575
800563677
800619557
800673659
800728904
800782244
800836854
800888670
800941502
800992048
801044372
801096696
801151306
801212774
801269162
801318819
801369238
801423975
801484046
801541450
801596695
801658925
801721155
801779829
801840789
801899209
801960169
802015922
802072437
802134667
802193595
802250110
802304339
802356790
802409368
802460295
802512365
802567610
802624633
802678608
802733726
802787066
802842184
802894508
802948610
802994838
803045257
803098978
803158795
803220263
803282493
803341802
803398952
803437560
803476295
803515665
803555543
803595421
803634156
803671621
803708070
803745154
803782238
803819322
803856406
803889426
803922446
803955466
803988486
804035222
804082593
804128186
804173779
804218229
804264203
804304843
804347388
804386631
804425874
804458386
804490898
804521124
804553255
804586529
804621454
804656887
804693971
804731055
804768139
804805223
804842307
804879391
804916475
804951527
804986579
805021631
805056683
805091735
805126787
805161839
805196891
805231943
805266995
805302047
805337099
805372151
805407203
805442255
805477307
805515788
805554904
805594020
805632755
805671617
805709717
805748325
805786933
805819953
805852973
805884469
805915965
805947461
805983021
806020105
806062269
806105830
806142533
806181014
806214796
806247943
806281217
806312713
806341415
806366307
806388405
806406312
806417996
806435014
806450762
806455588
806459906
806484036
806501308
806513754
806520612
806531534
806554267
806572047
806579413
806547409
806507277
806483147
806474257
806472225
806465113
806458763
806463716
806467780
806468542
806474892
806476035
806478829
806479845
806481496
806479337
806499911
806510452
806554775
806591986
806632245
806658534
806686728
806697269
806704381
806700190
806698793
806688506
806690538
806706794
806714287
806733337
806734734
806735242
806731051
806742989
806735369
806730924
806704381
806674155
