-12082698
-12101820
-12124931
-11963599
-11900676
-11828992
-11670855
-11628772
-11467366
-11017762
-10667943
-10326483
-10022116
-9494093
-9192957
-9032631
-9271794
-9376806
-9422989
-9513569
-9561290
-9528952
-9482739
-9393932
-9217696
-9014671
-8771115
-8671152
-8536193
-8337456
-8125306
-7973119
-7790839
-7608522
-7322326
-7183819
-7133118
-7092092
-6893075
-6668524
-6452224
-6238301
-6105205
-6026535
-5842047
-5931411
-5997006
-6043648
-5909585
-5738631
-5709958
-5681221
-5657108
-5510779
-5124058
-4905894
-4809997
-4660240
-4398389
-4307743
-4143346
-3837260
-3647595
-3438527
-3057576
-2764311
-2539355
-2319094
-2024195
-1578772
-1233227
-845382
-646272
-485891
-278318
-30169
-27792
-10472
321274
560579
747300
763337
600592
627925
781585
819579
831944
846557
860427
815455
734355
601782
563072
487756
501165
464384
458974
533730
584844
683640
935783
1142034
1332484
1561072
1630795
1598190
1576765
1570036
1710107
1816180
1870414
1832032
1557914
1353002
1124417
973617
868983
744861
679601
520978
345956
243212
46335
-118549
-194695
-348878
-491032
-719632
-855761
-1031258
-1301216
-1405842
-1437625
-1572652
-1759216
-1886895
-2082423
-2332544
-2491866
-2589113
-2629802
-2642797
-2790105
-3076682
-3434356
-3640777
-3887201
-4101532
-4303881
-4400261
-4722384
-5124958
-5381140
-5517808
-5558462
-5476793
-5477132
-5590555
-5764194
-5832701
-5865920
-6009557
-5997320
-5722668
-5489605
-5528154
-5532894
-5543630
-5282346
-4993350
-4820157
-4661289
-4496677
-4298063
-4178284
-4115414
-3926748
-3597951
-3452133
-3175892
-2811090
-2710665
-2610632
-2450526
-2311524
-2191042
-2004841
-1776421
-1804393
-1788165
-1853645
-1794634
-1625006
-1515472
-1439967
-1450254
-1504238
-1480017
-1360646
-1083647
-786258
-507658
-305925
-248899
-94756
-51489
12328
60884
32700
85892
67611
-56768
-119611
-86149
-23765
-43897
-186257
-241221
-217162
-173607
-236983
-279339
-97827
-54639
-81994
28217
165793
343403
405531
478225
572780
656563
833239
929393
786775
643668
714415
697240
499581
347144
252020
48892
-184253
-393233
-487705
-700843
-763271
-707044
-887873
-1081501
-1014602
-994400
-1296643
-1537929
-1762930
-2033119
-2314995
-2410592
-2439986
-2623781
-2872206
-2971680
-2942019
-3192129
-3343527
-3444314
-3683790
-3850886
-4081656
-4380179
-4599924
-4790397
-5055764
-5364262
-5696797
-5936394
-6199054
-6493641
-6718410
-6868675
-7124440
-7301452
-7506150
-7807023
-7918435
-7955735
-8066439
-8216972
-8396579
-8539419
-8822432
-9139523
-9333960
-9405453
-9494388
-9560833
-9573753
-9529351
-9460075
-9340361
-9163339
-8935040
-8710263
-8669989
-8485988
-8252095
-8061848
-7909059
-7696538
-7506146
-7250932
-7119656
-7109750
-7035774
-6827807
-6585873
-6389818
-6182751
-6076743
-5929782
-5839636
-5988999
-5998064
-6035115
-5863088
-5721936
-5702050
-5744485
-5652753
-5399367
-5047753
-4902303
-4769612
-4537125
-4371742
-4271794
-4021175
-3730838
-3587565
-3255677
-2934588
-2674627
-2474059
-2204156
-1822777
-1464787
-1074694
-701950
-595393
-417652
-148898
-4072
-52355
114222
429842
656483
776033
710148
587238
671724
821614
833121
834173
899705
824913
753417
707923
547304
565926
484191
494134
481668
485682
531922
596006
791177
1051907
1224501
1426979
1605430
1613580
1572698
1552333
1592926
1755304
1823082
1863178
1725429
1482082
1275310
1046859
924212
786029
689846
616547
406108
276223
173347
-45619
-173779
-249411
-449582
-622439
-787454
-900394
-1146659
-1396911
-1439463
-1512965
-1681067
-1824736
-1934767
-2208804
-2437573
-2566649
-2631710
-2662896
-2686638
-2917091
-3287938
-3561189
-3770317
-3982133
-4208551
-4363604
-4551890
-4936343
-5253169
-5462066
-5592303
-5542532
-5494293
-5541439
-5726765
-5862390
-6228022
-6603005
-6993635
-7137021
-7159905
-7427783
-7889423
-8419280
-8800449
-8970470
-9187657
-9497806
-9857077
-10148915
