59297425
59327561
59299897
59339500
59439911
59479893
59467496
59441308
59412447
59399481
59339163
59371672
59476443
59567894
59596751
59584523
59556216
59449163
59400170
59426449
59530552
59839000
59868148
59898663
59957380
59976564
60096876
60321102
60457794
60446816
60459623
60415921
60316859
60324410
60283720
60247754
60282874
60340087
60345467
60290033
60274010
60312324
60351300
60362193
60366030
60433850
60435662
60364590
60323728
60360015
60375658
60512390
60579602
60632060
60684537
60796370
61072212
61291671
61482622
61661871
61873869
62106901
62189936
62275839
62349217
62387959
62485075
62592610
62703523
62682587
62667472
62435770
62138278
61917496
61668432
61506862
61344972
61211133
61143032
61085699
61048408
60879300
60577022
60244620
59901508
59600184
59307850
58947032
58594917
58233407
57986757
57885255
57780097
57834369
57883301
57921246
57995552
57949672
57894892
57895441
57872956
57829721
57837945
57854732
57709846
57691027
57671565
57581652
57452188
57392517
57399536
57344598
57197668
56933056
56620763
56305048
56087419
55874824
55653797
55487860
55279164
54988210
54874947
54860622
54793808
54746762
54658729
54556111
54384853
54355188
54417457
54451086
54403568
54405025
54429580
54433591
54442461
54463482
54501277
54557945
54592005
54542101
54769128
55068172
55308090
55570655
55681444
55761191
55787315
55839988
55801284
55770945
55948106
56239010
56498307
56636355
56846606
57000582
57109474
57404841
57668125
57807787
57749467
57803525
57746829
57719205
57642738
57619670
57703082
57641939
57608804
57614781
57592144
57582159
57627238
57703367
57727933
57814161
57907390
58097383
58156992
58148687
58332843
58548663
58872750
59198334
59432579
59681189
59990480
60242440
60508185
60831605
61152357
61272406
61321828
61360775
61537078
61711654
61840731
61999690
61983878
61947346
61917256
61830974
61648460
61431932
61144796
60881910
60470312
60136651
60042252
59842983
59534280
59438227
59404302
59354398
59298418
59026513
58376005
57809520
57370669
57058704
56720971
56252841
55793314
55394637
55061802
54783854
54439739
54093930
53655264
53277914
53000322
52884516
52621481
52344802
52152825
52217537
52274050
52151045
51833042
51520576
51511840
51600588
51731847
51811654
51995449
52107970
51963079
51700254
51570657
51354971
51062303
51017887
50929239
50897681
50996892
51145337
51249389
51264493
51353032
51429704
51400576
51262625
51148574
51053558
50943234
50897432
50919926
50950138
50867876
50847376
50924114
51022641
51137183
51329769
51414744
51413704
51441386
51627620
51607075
51439517
51512762
51556294
51424191
51327717
51133062
51073164
51168789
51469348
51916974
52374257
52463126
52569489
52800666
53017090
53314541
53607463
53766255
53983060
54217292
54553422
54905538
55195221
55442731
55870120
56253825
56630716
57072147
57501384
57841102
58336351
58840819
59195160
59516843
59585863
59623984
59738025
59832693
60074994
60387739
60515014
60794202
61315647
61585543
61888873
62130025
62258194
62368646
62390659
62378601
62408354
62434650
62238852
61893885
61481775
61256552
61080041
60691741
60208054
59670707
59190599
58644881
58054603
57655028
57411402
57241554
57122682
56945444
56745420
56653497
56579608
56558171
56511598
56296913
56230835
55963891
55695683
55693501
55705776
55724543
55851761
55878962
55864426
55861959
55817925
55685411
55455734
55286264
55348236
55408655
55456859
55373916
55342811
55334702
55381676
55277972
55256922
55097833
54770141
54321049
53780863
53277764
52911355
52559159
52437385
52487398
52445829
52212157
51940148
51881663
51914690
51981042
51997052
51839396
51786551
51733467
51651252
51686850
51778251
51768482
51690384
51602260
