206366959
206158565
205924317
205806622
205817031
205816305
205765503
205620983
205511332
205266463
205122328
204901180
204670372
204376010
204178071
203910595
203564622
203294843
203023564
202709034
202417545
202137466
201798002
201419899
201078258
200723392
200404459
200140053
199955962
199762604
199852783
200003804
200164202
200377363
200561287
200894953
201305691
201868592
202393761
203013597
203612887
204143060
204841677
205576253
206406696
207183476
207923923
208728404
209543499
210374980
211257717
212121322
212945239
213834528
214731416
215534350
216344193
217221849
218059924
218907059
219755218
220593327
221340090
222048616
222635978
223182826
223713832
224207678
224734953
225294318
225842749
226325016
226795768
227284482
227858418
228351511
228784450
229227134
229607653
229955771
230312372
230615768
230870844
231099160
231276853
231398000
231515804
231602362
231578793
231473785
231292224
230990829
230588549
230153030
229677949
229176396
228667524
228193009
227785025
227385986
226958274
226523016
226025152
225474898
224947232
224447989
223981188
223514419
223059148
222597061
222159312
221737836
221299887
220802929
220279148
219734450
219189429
218650258
218123123
217563582
216970650
216368904
215736221
215107675
214470915
213831682
213201061
212532842
211844667
211141302
210418061
209690929
208943458
208241086
207610182
207055529
206460904
205798661
205124772
204510632
203907266
203166008
202494535
201893335
201312830
200809772
200419180
200152578
199940802
199866738
199860013
199939113
200028864
200085630
200194683
200395128
200628313
200925167
201225779
201506606
201728315
201947459
202193195
202460538
202713921
202941270
203213566
203496510
203753191
203994825
204221624
204438946
204645754
204846394
205066645
205290084
205538525
205811866
206094573
206381585
206698344
207060654
207436502
207790940
208140646
208482679
208814828
209121230
209421884
209771618
210184354
210687559
211155158
211497998
211813357
212149373
212447637
212736585
213042669
213352374
213709686
214121536
214511289
214878775
215256225
215583317
215869342
216101617
216348218
216659447
216971823
217283987
217619427
217997115
218379424
218770387
219161322
219538233
219875342
220206439
220536950
220906931
221288365
221676470
222106184
222548064
222980709
223396217
223796773
224164445
224482276
224784502
225082337
225354892
225637666
225949982
226280621
226602559
226903532
227201247
227540954
227947878
228466439
229050829
229676049
230330700
231014353
231721399
232453773
233203409
233965664
234764608
235579031
236409738
237249970
238093504
238962819
239838103
240695353
241551968
242378484
243175536
243919248
244648101
245336060
246053483
246803926
247589548
248408317
249232166
250042680
250817380
251569601
252292104
252968506
253615317
254204724
254776732
255256665
255660906
255940687
256140839
256273046
256327021
256273300
256209673
256156968
256093849
256033778
255965325
255877441
255772920
255643888
255503807
255314450
255056259
254755777
254371983
253953010
253708916
253520321
253373382
253252224
253160911
253073154
252999240
252927358
252861572
252803914
252741938
252679327
252614557
252553597
252491875
252433709
252364875
252298835
252235208
252197997
252186821
252183265
252183265
252183265
252183265
252162945
252152531
252152531
252152531
252152531
252152531
252152531
252152531
252152531
252152531
252152531
252152531
252152531
252152531
252152531
252152531
252152531
252152531
252152531
252152531
252152531
252152531
252152531
252152531
252152531
252152531
252153015
252156139
252163267
252172885
252182767
252191307
252199109
252203237
252203331
252202459
252202767
252202027
252202829
252199659
252182605
252146433
252084707
252008745
251934831
251868915
251779955
251631589
251446732
251237816
250993148
250671203
250279916
249899043
249485785
248934732
248325386
247620282
246873268
246044466
245236492
244442488
243634768
242805712
241973227
241137694
240301780
239509554
238703612
237908592
237060994
236159675
235186855
234150789
233027729
231869613
230702037
229489867
228237616
226886457
225352037
223841806
222336916
220831506
219320053
217949123
216500544
214887299
213351808
211889069
210417247
208922258
207414369
205883345
204311213
202783260
201276294
199783631
198273788
196768171
195406662
194153797
193007995
191913384
190723251
189543177
188239492
187060342
185833808
184839524
183895449
182873469
181823786
180742504
179720695
178616137
177412266
176230276
175018129
173836627
172664200
171462707
170385302
169323464
168274774
167215158
166133301
165022604
163900934
162660038
161502343
160521384
159605653
158731691
157856701
156793179
155596768
154613527
153737997
152730149
151650078
150653776
149549723
148568211
147755606
146922172
146061089
145254933
144450916
143646985
142751623
141679266
140701141
139681041
138603431
137558754
136588674
135661457
134788224
133852622
132980316
131988479
130768975
129303399
127581600
126462063
125116271
123635513
122281893
121188181
119931872
118589506
117236223
115804343
114376046
112875766
111438609
110088236
108559889
107089587
105555191
104199436
102906831
101445204
100163492
98784759
97440267
96231175
95168304
94242831
93485307
92623493
91773788
90671599
89583847
88756243
87799612
86659738
85979333
85588560
85175029
84896186
84521560
84238643
83909433
83563097
83153584
83096078
83104487
83223954
83269864
83308037
83276333
83366389
83376078
83466746
83759744
84022831
84278150
84691069
85209019
85856464
86463618
86874681
87353963
87990929
88973307
89954367
91037719
91867117
92559451
93470498
94348285
95209109
96121082
97092592
98086792
99207871
99992827
100724825
101700151
102664909
103611128
104498587
105421523
106189556
107163650
108474289
109553011
110615860
111843209
112860623
113875132
114931359
116082840
117261334
118463761
119416995
120329156
121305768
122488167
123814356
124937596
126000963
127137819
128217173
129236000
130302618
131512632
132677757
133722448
134731107
135655553
136439355
137252803
138122875
139006258
139933161
140758737
141657109
142705969
143773097
144840001
145779630
146668834
147508911
148370142
149305863
150240958
151004341
151881053
152835620
153881066
155101646
156187504
157459225
158740657
160015753
161039716
162261833
163492012
164861750
166355554
167832206
169300382
170734680
172102213
173719673
175325236
176926025
178506387
180071245
181821679
183498777
185118714
186786173
188467973
190065636
191668526
193198145
194693288
196123025
197593985
199147962
200794376
202346442
203777926
205279517
206719313
208165184
209610260
211069043
212582091
214144542
215731382
217298094
218820587
220328900
221777268
223243703
224666434
226029411
227284231
228608423
229942915
231374577
232775505
234084372
235337909
236499907
237601631
238680465
239708040
240751493
241762190
242563528
243219112
243828156
244521463
245231382
245946576
246685636
247387644
248070064
248712344
249336309
249885591
250423299
250961779
251484765
252003052
252549787
253025783
253432183
253784608
254095377
254337566
254612775
254898017
255140460
255399032
255695577
255987423
256220722
256455672
256698115
257013456
257281299
257521964
257708781
257874262
258028694
258162933
