128791463
127461502
126067124
124567824
123129463
121666773
120348232
119174767
118137902
116891033
115603204
114162183
112701627
111390169
110111250
108659592
107090762
105701785
104425716
103423002
102421625
101212226
100107904
99299330
98923708
98714460
98487591
98442731
98412361
98256232
98012293
97844656
97536712
97175722
96970695
96785326
96397148
95278776
94312252
93441550
92478823
91596836
90717826
89775424
88785629
87591447
86272815
85022837
83817754
82758907
81766740
80701064
79582116
78865895
78586317
78320703
78223419
78317356
78254060
78000422
77810410
77390028
77216161
77020975
76535047
76177688
75696989
75421262
75284711
75040736
74784530
74588892
74649569
74730761
74588145
74669469
74645829
74630140
74674875
74800139
74920611
75084575
75387222
75830561
76099999
76274742
76510257
77344275
77735046
77987624
78381422
78767042
79198285
79418307
79742568
80172791
80625150
81012346
81520843
82049635
82787825
83566116
84253787
85037972
85945374
87014106
88018273
89151172
90216516
91121379
91876933
92511542
93082329
93687544
94430175
95339907
96538515
97522639
98419039
99383619
100224837
101004427
101744629
102590559
103686229
104850327
105938379
107052577
108264543
109503303
110790090
111999992
113272151
114310385
115238999
116223135
117190341
118243335
119267055
120193847
121086832
121975630
122834071
123572917
124304893
124919609
125499438
126050552
126261608
126471844
126686509
126544165
126294169
126040109
125779158
125413298
125058510
124850498
124752285
124821630
125050205
125507345
126264841
126909609
127774438
128783456
130334819
132002144
133722755
135376601
137029614
138682855
140314294
141894625
143469633
145028688
146488373
147882471
149345042
150878354
152505428
154044190
155589022
157102386
158731329
160441802
162190148
163969922
165765643
167600393
169461716
171306921
173153973
174977235
176791782
178593004
180379052
182151223
183944085
185745602
187505081
189209975
190784257
192297273
193714361
195103326
196474344
197860065
199200746
200494173
201740710
202949556
204154913
205374494
206584931
207780509
208965419
210111213
211224368
212307678
213342728
214343234
215308180
216260680
217133932
217964131
218756992
219518357
220278452
220992192
221655513
222319215
222994347
223653350
224315147
224988882
225660331
226325557
226980750
227627180
228278182
228929565
229563168
230188135
230807514
231409748
231998647
232576624
233141647
233686604
234211749
234717209
235201841
235674789
236149261
236624876
237091982
237547023
237995714
238432467
238858679
239286161
239711865
240133124
240543969
240954814
241354610
241739166
242127278
242491387
242853083
243200555
243539010
243866797
244172105
244457474
244721507
244962172
245158514
245327551
245455186
245544340
245590187
245611777
245611777
245611777
245611777
245611777
245611777
245611777
245611777
245611777
245611777
245611777
245611777
245611777
245611777
245611777
245611777
245611777
245611777
245611777
245611777
245611777
245611777
245611777
245611777
245611777
245611777
245611777
245611777
245611777
245611777
245611777
245609237
245609237
245609237
245609237
245597299
245572915
245562501
245562501
245562501
245562501
245562501
245562501
245562501
245562501
245561739
245561739
245561231
245561231
245561231
245561231
245560723
245560723
245560723
245555897
245540149
245521353
245510177
245501541
245495191
245486301
245477157
245471823
245470045
245466489
245465981
245458361
245452519
245449133
245442037
245433961
245407505
245393615
245378505
245358843
245314343
245294023
245275227
245256431
245233317
245164991
245085743
245010051
244963487
244863518
244753506
244682021
244546656
244471562
244386059
244302531
244231800
244134763
244047298
243942328
243825430
243721277
243641685
243448945
243182642
242938507
242706221
242432120
242171428
241960267
241767222
241574952
241397306
241205340
240993074
240798575
240604131
240416078
240256419
240041716
239750206
239418242
239131406
238862674
238637559
238441839
238279746
238174912
238065862
237922374
237760170
237524893
237145892
236700552
236207482
235694712
235174643
234594894
234017240
233390452
232643742
231855886
231003296
230087410
229125687
227986885
226881423
225777090
224575664
223346068
222091245
220665474
219279038
217847687
216456392
215002137
213546827
212099384
210806561
209745914
208747276
207711377
206680761
205744911
204935061
204202742
203376834
202408655
201459351
200645558
199886445
199114628
198363936
197586789
196957436
196293925
195635934
194954033
194348748
193673877
192844042
191961479
191134235
190239822
189399488
188519408
187680254
186820106
185975276
185099642
184377834
183541704
182767633
182246862
181771712
181513672
181394426
181168470
180665582
179969871
179337854
178747417
178043774
177583808
177243970
177003133
176790685
176622918
176352099
175907618
175112027
174221337
173445500
172648319
171860237
170925169
170097999
169459833
168905139
168390081
167698618
167037649
166688217
166424568
166005373
165587606
165203582
164703208
164286584
164175065
163879361
163250383
162586922
162064176
161737986
161474629
161091134
160525596
160146227
159699269
159479667
159276661
159002058
158513250
157883884
157345772
157001026
156808041
156418441
155935957
155215219
154203439
153200133
152130709
151027046
149905491
148700992
147528651
146339993
145219972
144020786
143122189
142171792
141208424
140193270
139290805
138528143
137840189
137177539
136789919
136493240
136022914
135149873
134318632
133813478
133314251
132868369
132403886
131929686
131559846
131450980
131748203
132078414
132380667
132586985
133013175
133705273
134477211
135116894
135859863
136674073
137539014
138311491
139105059
139956401
140795288
141623495
142450179
143363825
144276559
145366223
146365362
147420372
148408741
149463148
150366193
151317223
152206845
153121340
154174141
155189641
156015869
156679332
157372853
158194134
159033528
159916145
160565574
161251982
161867580
162573568
163235951
163886825
164487443
165229252
165949208
166860460
167885988
168993056
170090738
171043645
171954099
172787699
173534705
174235607
174809908
175257610
175493156
175795969
176103368
176628462
177115179
177714039
178304438
178938442
179736364
180631418
181411084
181969884
182481086
183132356
183783923
184326043
184814048
185402285
186080400
186851300
187543898
188120991
188671274
189191756
189678638
190095903
190376581
190676274
191148617
191707821
192308876
192916804
193579190
194221180
194526064
195044231
195757875
196560878
197357236
198151099
199036598
199979998
200907666
201786415
202574151
203295183
204061705
204899558
205810706
206759431
207645890
208446910
209426211
210459480
211500882
212604378
213747060
214931107
216112609
217302064
218549474
219863041
221222858
222626024
224116162
225647113
227163064
228714300
230299895
231863138
233404918
234904788
236367828
237538895
238747173
239940084
241111024
241988467
242711732
243282597
243821077
244193695
244523514
244828441
245096157
245233825
245323457
245435144
245514743
245566855
245582177
245596967
245606679
245608783
245607967
245607967
245607967
245607967
245607967
245607967
245607967
245607967
