34949795
34207850
34147962
33982051
33378596
33323836
33093361
32459526
32467653
32245398
31478178
31475593
31386524
30626046
30445231
30290699
29367713
29296445
29145533
28379273
28399757
28267768
27527069
27526956
27264938
26330870
26212976
26162789
25476316
25265176
25142105
24485675
24425067
24462874
23691075
23661723
23845420
23200594
23083174
23274781
22493612
22402144
22487637
21875294
21930012
22242562
21692783
21646563
21937492
21295410
21334972
21835088
21292206
21218464
21763130
21166821
21105732
21549439
20806828
20893749
21619214
20896818
20782242
21407543
20603218
20678065
21274790
20622045
20894541
21518227
20875280
21043515
21630803
20992853
21008225
21480862
20808894
20850051
21456289
20650432
20764235
21413119
20588419
20562275
21259303
20619706
20844242
21716090
21050046
21201184
21828094
21213467
21482941
22058205
21440267
21687671
22422922
21830155
21960701
22569934
22153477
22286951
22908685
22306437
22428390
23058539
22446826
22534321
23218789
22895287
23047707
23722950
23317815
23486708
24086951
23644899
23941869
24480288
24299769
24555446
25141762
24856968
24903316
25538697
25733449
25856053
26474142
26658243
26886346
27616308
27618790
27657290
28472694
28603180
28731623
29555240
29641280
29761503
30417571
30409215
30608910
31330463
31305788
31477904
32238954
32293181
32384791
33078091
33275422
33389429
34155875
34217799
34360174
35194312
35203824
35202553
36030397
35936634
35923252
36700348
36662275
36764202
37357870
37263421
37467321
38074282
38057321
38222114
38851727
38853537
38966169
39515635
39524550
39661325
40211359
40077004
40235581
40819781
40614227
40560911
41103933
40865585
40869852
41381134
41114294
41111874
41505880
40948628
40998972
41296951
40642584
40814654
41076241
40431806
40351023
40276651
39642761
39554948
39446811
38858881
38824415
38686828
37986046
37898566
37829278
37133359
37089560
36947875
36131049
36039913
35751509
34892490
34941248
34663596
33879085
33880702
33779993
33168563
33150651
32953661
32304671
32287573
32042517
31364990
31332009
31264170
30517355
30364489
30174884
29240648
29185426
29074624
28359934
28344443
28206023
27484998
27466007
27176709
26263028
26211098
26073748
25371690
25207981
25014413
24391427
24351223
24350231
23656651
23710377
23744393
23172303
23047630
23180224
22433959
22297293
22394476
21756739
21750728
22084033
21542524
21478832
21732194
21105311
21144482
21678136
21089276
21053714
21621194
21013614
20882746
21301010
20555792
20671306
21312986
20598550
20475333
21138920
20340136
20390260
20931990
20415482
20653482
21210032
20594179
20823064
21303189
20666027
20710937
21145265
20531252
20516012
21101184
20425558
20474301
21108814
20338090
20367720
21045771
20368971
20577588
21469337
20775818
20941293
21558666
20980092
21243582
21783221
21225902
21526312
22181036
21630766
21710326
22374318
21991818
22089348
22687202
22168355
22220912
22788141
22236272
22344595
22970819
22627506
22762338
23535009
23113394
23264010
23887174
23569530
23825323
24302304
24134524
24451236
24958317
24717174
24772708
25403336
25566240
25635223
26267833
26523777
26669592
27373189
27414611
27520081
28280973
28381522
28556734
29419690
29424253
29503878
30193854
30174893
30298563
30993224
30993716
31203542
31840873
31874581
32062540
32793127
32904764
33002063
33784591
33897540
33949350
34774545
34801189
34854933
35550388
35439588
35506380
36268495
36163588
36299361
36862661
36879345
37007810
37528795
37572908
37769022
38288956
38364408
38415284
39011766
39000845
39111844
39706168
39595374
39640525
40280256
40068077
40053124
40563998
40312989
40370302
40882433
40564530
40599629
40923518
40428438
40461937
40747248
