25934703
25856660
25776469
25696579
25617560
25541674
25470205
25401135
25334755
25267604
25196473
25125540
25054376
24983954
24914444
24844369
24773828
24707455
24639151
24570794
24503095
24433855
24358589
24281079
24201434
24120670
24036900
23951455
23866418
23783563
23705370
23635092
23567715
23499164
23429071
23359358
23288048
23216429
23147726
23081422
23015033
22950899
22888017
22826514
22764372
22699859
22629648
22559386
22489329
22419612
22347769
22274854
22201821
22132977
22069755
22014360
21960834
21907071
21852916
21799569
21747668
21696483
21647334
21599268
21553901
21510008
21468209
21429684
21394274
21357586
21315056
21272702
21227517
21183709
21139053
21095409
21052723
21014267
20980939
20954915
20930784
20907718
20885830
20866455
20847506
20828502
20812033
20801564
20794900
20789766
20786163
20776843
20766831
20755744
20740690
20723228
20701404
20678131
20651916
20624928
20598640
20575254
20556882
20545347
20534688
20524421
20513150
20501556
20492607
20483160
20475510
20468506
20460479
20461285
20463087
20464850
20469090
20471521
20467776
20460695
20449165
20436698
20420820
20404232
20387004
20371317
20359206
20357910
20359483
20360693
20358789
20359180
20360288
20361420
20351427
20344085
20337272
20332088
20322609
20312573
20301517
20289169
20275331
20259966
20242182
20224475
20209120
20193729
20175680
20158548
20142270
20128011
20114438
20102260
20093521
20085759
20078741
20069917
20060625
20059365
20058576
20059198
20057400
20059486
20064779
20069549
20076459
20077972
20072717
20069285
20069159
20070637
20075174
20083275
20092956
20103238
20113275
20124653
20139282
20151505
20164435
20178147
20195603
20218669
20237961
20256527
20275750
20296667
20319111
20344002
20369331
20394393
20415020
20434409
20458329
20484241
20510748
20535563
20559527
20584926
20608624
20628994
20651159
20673964
20697284
20720692
20744959
20770645
20798614
20826624
20855668
20884485
20915276
20941744
20966942
20984992
20997784
21012245
21029984
21044681
21058380
21068365
21078470
21087477
21098010
21106351
21113761
21119990
21125811
21131727
21140932
21152363
21162383
21174276
21185071
21200051
21215572
21230546
21246216
21259884
21268414
21276208
21282653
21285673
21289350
21289995
21290689
21290800
21291393
21289838
21291739
21297112
21302030
21302238
21301399
21302719
21301817
21299277
21299196
21304072
21314328
21322560
21329729
21336283
21342448
21347596
21353209
21357868
21363699
21368757
21374898
21388927
21406386
21426421
21446090
21471209
21500625
21527677
21553688
21577620
21599801
21624722
21655076
21685360
21716000
21749394
21782434
21817973
21854142
21890515
21932352
21971245
22006282
22041986
22076014
22112237
22149379
22192374
22238347
22285207
22332051
22374099
22412055
22441131
22471710
22506146
22545602
22583750
22622413
22654350
22682301
22704616
22725636
22745827
22771475
22796482
22822973
22834289
22843237
22835278
22810167
22789178
22772782
22755022
22746865
22725649
22710122
22683274
22664399
22664867
22681193
22695478
22712004
22728551
22743568
22757250
22764917
22762713
22771140
22780842
22800330
22805946
22817224
22812921
22754450
22695873
22653300
22629446
22623945
22640052
22641883
22642432
22688735
22748485
22812542
22870148
22888230
22876201
22876487
22877980
22871457
22856890
22848622
22843695
22839997
22833890
22822857
22809951
22805516
22800334
22793030
22783483
22775353
22765935
22757014
22748340
22742647
22737270
22733796
22724699
22715770
22705171
22697665
22693605
22697640
22706222
22717976
22719740
22716631
22704812
22691234
22674900
22659601
22648551
22642108
22638732
22635844
22631026
22629244
22628484
22627556
22621603
22615912
22607642
22599884
22592207
22582938
22572246
22561726
22551037
22545315
22539283
22529950
22516877
22507019
22495213
22482795
22469282
22460905
22451255
22443108
22432382
22424040
22416470
22408414
22395263
22384063
22364906
22344270
22317038
22288661
22262261
22237370
22210664
22187540
22166440
22149053
22124537
22096627
22064448
22036348
22007265
21979251
21948494
21919800
21889217
21855770
21818685
21781209
21746234
21711619
21678846
21648740
21615095
21586639
21553555
21531232
21526145
21519577
21509592
21502248
21486306
21479047
21464757
21456644
21443250
21412649
21366602
21314542
21257961
21199793
21145951
21097266
21049993
21012986
20975686
20933257
20883207
20836481
20793567
20751860
20708129
20665152
20624035
20584651
20543743
20503697
20460442
20413555
20365069
20317269
20271136
20224563
20175891
20131361
20091051
20051068
20008555
19969644
19928918
19886271
19839887
19795708
19751250
19708094
19663833
19623707
19581798
19536492
19489197
19443602
19400988
19362794
19321965
19283428
19241988
19200803
19159687
19121676
19082346
19044791
19007889
18970980
18934517
18900629
18866701
18833759
18799527
18767791
18738373
18711352
18683587
18655673
18629001
18602598
18577247
18552358
18528646
18504423
18478735
18453038
18426767
18404372
18382863
18362765
18342789
18323087
18304925
18290000
18273631
18258546
18243883
18230806
18219020
18212210
18204764
18197688
18189059
18182011
18177701
18177225
18173972
18174087
18174481
18177912
18181941
18189267
18194045
18195778
18196454
18199253
18202557
18208520
18215033
18223356
18231062
18240849
18250241
18261731
18272731
18282495
18290632
18299948
18309378
18319100
18331304
18344913
18357230
18372493
18383718
18392764
18401603
18411779
18421045
18435822
18452440
18468800
18483218
18499406
18517448
18535500
18550790
18564877
18577108
18589651
18602815
18618092
18634537
18649315
18661530
18673610
18686198
18698041
18708074
18718536
18732419
18746592
18763589
18777822
18789042
18797878
18806047
18816515
18826287
18834333
18841937
18851284
18862010
18873470
18884021
18894432
18904026
18914389
18924264
18937935
18952023
18966450
18976497
18985527
18996073
19015339
19031384
19044808
19058243
19070344
19078219
19088202
19098811
19111632
19122858
19135275
19148694
19164460
19179924
19198090
19215499
19234752
19251117
19267552
19284356
19303247
19321293
19340494
19359501
19378281
19396101
19414523
19430135
19450101
19468255
19487277
19502997
19520214
19540087
19562194
19582142
19603772
19624582
19646811
19668692
19690735
19712507
19737231
19761194
19787338
19811359
19832643
19851938
19873690
19898156
19925167
19950540
19974007
19995709
20021311
20049382
20077192
20102093
20126878
20153468
20179840
20201460
20221837
20239406
20253399
20270882
20288422
20312562
20341027
20364540
20384524
20407411
20437845
20473466
20504754
20541627
20576553
20614302
20653594
20692257
20729025
20766079
20801180
20839262
20879081
20916797
20951736
20984561
21023282
21072554
21127963
21179246
21221639
21256321
21293659
21337401
21384430
21429205
21471848
21513242
21554116
21594865
21640304
21687157
21734140
21781186
21830785
21880137
21932069
21986185
22041724
22097270
22152653
22206977
22261997
22316196
22370688
22424401
22480634
22537175
22590532
22644449
22700968
22757090
22813078
22870842
22929936
22987829
23047483
