134855883
134880886
135133682
135432114
135885265
136189754
136386925
136798063
137190883
137694414
138269221
138768946
139231876
139613999
139876516
140120439
140451839
140911968
141300549
141607386
141869969
142100285
142318883
142518223
142675321
142837179
142994970
143134369
143276105
143454568
143631246
143797394
143912651
143908742
143927132
144081196
144261768
144599484
144942818
145232934
145329814
145453034
145613176
145702212
145961902
146491907
147041964
147476513
147952427
148397663
148561690
148720191
149069516
149548321
149971507
150470808
151015455
151423779
151707495
152043172
152394971
152760197
153033252
153270238
153535963
153801032
153975647
154082050
154350968
154639747
154773600
154728684
154524152
154381020
154425787
154696314
155018545
155000324
154563700
154165365
153987533
154058082
154361973
154641183
154865107
155070135
155316278
155619984
155924458
156247285
156582119
156901136
157207565
157502332
157796682
158107421
158419286
158721780
159199585
159756457
160099349
160475817
160799471
161120549
161460333
161802970
162142259
162476851
162808069
163137505
163458779
163773765
164083959
164400778
164731426
165068585
165390199
165690061
165983760
166288347
166574594
166848767
167116367
167387876
167643020
167867557
168090700
168315210
168520325
168731581
168944258
169110654
169421378
169551532
169435269
169266219
169523130
170287553
170943054
171346708
171878911
172248473
172564878
172907381
173072522
173228138
173356734
173452233
173566891
173659630
173719996
173752646
173768124
173755200
173726366
173683790
173641568
173552306
173455190
173343906
173218064
173072790
172898370
172808257
172681313
172370607
171983618
171643870
171430713
171291377
171152606
171082777
171057862
171031347
171022636
171104254
171103185
171129736
171228861
171322176
171432767
171759229
172357790
172786057
173005391
173259101
173571570
173920000
174233506
174550750
174847961
175032779
175214158
175369507
175527183
175717840
175903700
176119211
176339139
176565287
176794158
177041732
177203118
177360279
177491933
177619355
177547974
177166184
176858666
176778244
176836774
177075529
177079345
177138719
177224061
177342510
177504577
177680049
177854271
178019579
178182282
178343271
178502923
178656121
178800836
178944606
179074322
179200380
179335725
179480174
179617743
179745350
179868823
179998261
180128394
180263875
180397198
180518747
180633630
180749800
180864147
180967505
181069106
181181673
181301383
181425366
181542645
181651245
181764425
181880471
181992918
182102447
182219492
182338579
182445244
182534847
182617462
182709379
182799538
182893173
182988139
183088188
183193117
183297633
183401117
183513400
183625875
183736344
183961099
184071201
184205033
184607468
185262553
185735205
185998095
186119325
186436830
186559156
186679709
186803739
186934082
187061839
187200737
187353869
187514192
187675620
187828181
187974254
188122272
188268603
188420424
188577026
188721964
188866083
189005288
189142451
189278876
189419300
189558808
189706769
189860351
190022624
190180268
190333637
190484928
190635211
190755070
190763948
190623357
190232871
189727831
189311642
188948842
188573130
187944159
187118659
186045307
184891750
183509170
181990340
180379791
178821653
177445691
176062374
174704487
173407333
172210904
171086742
170196265
169465352
168869100
168357835
167926938
167579339
167220954
166857914
166614830
166360270
166045206
165829540
165744562
165772968
165861476
166027439
166188019
166277434
166249457
166176630
165879309
165640308
165468903
165282113
165025184
164606129
164214406
163716201
163135961
162619350
162264946
162021454
162113288
162411641
162756748
163066891
163444333
163966257
164890118
166195347
167710057
169319190
171039081
172689263
174466121
176433961
178288846
179954300
181598632
183455897
185571832
187542735
189556601
191328654
192988485
194294844
195203850
195703089
196118680
196497556
196660546
196180526
195094393
193391760
191502719
189511702
187298283
184821016
182234798
179578742
176966941
174439992
172053032
169882302
167842683
165876912
163864623
161818573
159981229
158480658
157305522
156317853
155213829
153951074
152798501
152063734
152003532
152210104
152339283
152349756
152238767
152299341
152433237
152661235
152926928
153177377
153400474
153773383
154126409
154428144
154626970
154596676
154418078
154126846
153734366
153246129
152640321
152028830
151377979
150702412
149984395
149221499
148415930
147583631
146774385
146017593
145369271
144860927
144591876
144429780
144164117
143848570
143595922
143635893
143928958
144493719
145219435
146244614
147537827
148918890
150333875
151759709
153258553
154761355
156242557
157686357
159082141
160288614
161369162
162341321
163238544
164056592
164806308
165582963
166369520
167038316
167703022
168410261
168983862
169312436
169473272
169548318
169499112
169423702
169378043
169355359
169208705
169058554
168907568
168765262
168621534
168467335
168306906
168176440
168127209
168181795
168295613
168432202
168586561
168766176
168983391
169248590
169548014
169873881
170231157
170592722
170946879
171291104
171637149
171979787
172306146
172619634
172918082
173191835
173431172
173617973
173807051
173982872
174088308
174175524
174212358
174168132
174057476
173930970
173804005
173685175
173554348
173416137
173292165
173179254
173059977
172939586
172824579
172694112
172542250
172377240
172205451
172051153
171908040
171773541
171643280
171506887
171383977
171277125
171151910
170985652
170796723
170577692
170337759
170060480
169727149
169354092
168951509
168522225
168047986
167527057
166932956
166300455
165656517
165003667
164303665
163579518
162838911
162097830
161348216
160589918
159817280
159057085
158303483
157551801
156799003
156049968
155311983
154602069
153911277
153259052
152626585
152018481
151432992
150873599
150323406
149801697
149319100
148849584
148378263
147927824
147495556
147094471
146698276
146293606
145903391
145521308
145122178
144743600
144380530
144007234
143634412
143258156
142885451
142497575
142130381
141755618
141391476
141039884
140645324
140262650
139886330
139501191
139088776
138669662
138290396
137904765
137526402
137124302
136704358
136267503
135878186
135513849
135133153
134722107
134294336
133895099
133491096
133085200
132678946
132226094
131723897
131192606
130675698
130188015
129670689
129126809
128554622
127969946
127356508
126727066
126083200
125410730
124728263
124042570
123341749
122637481
121928455
121231286
120523466
119800463
119073200
118337958
117577124
116783665
115973402
115167813
114338728
113504300
112633568
111774007
110927604
110089937
109244859
108415109
107602890
106798751
105990795
105186129
104392220
103630205
102872048
102105362
101377028
100687871
100011126
99348844
98714913
98117966
97536274
96959607
96409683
95878547
95386168
94895361
94408300
93950587
93506380
93055700
92627585
92224850
91840461
91476342
91104913
90756738
90421548
90081605
89718572
89333865
88920767
88528379
88161546
87792447
87413254
87024043
86648224
86289131
85944784
85614079
85282344
84945894
84613073
84290945
83979367
83679190
83382882
83106002
82825883
82550516
82275910
82005758
81752848
81523525
81294906
81064025
80846450
80650402
80463139
80282433
80112402
79955707
79797975
79641227
79473649
79323803
79192157
79090184
78993397
78899840
78789979
78691953
78599979
78523630
78466604
78405367
78354723
78326513
78302076
78291177
78304150
78333089
78365437
78400210
78429154
78456511
78476648
78519333
78586335
78690662
78830704
78979462
79125899
79271528
79407679
79560496
79752808
79967375
80165991
80364941
80582600
80829957
81087030
81356895
81614152
81870100
82143241
