267461238
267514451
267551789
267581761
267605891
267630275
267669137
267712444
267753592
267773023
267787755
267809980
267824585
267836015
267850112
267864590
267907008
267941171
267972794
268014196
268037818
268061694
268076807
268122781
268151864
268171803
268176121
268175486
268181582
268186916
268187932
268176756
268161643
268132052
268116939
268127734
268125321
268163675
268177010
268175359
268187551
268218539
268245082
268276705
268307185
268342364
268384274
268416151
268407515
268416532
268436471
268458442
268449171
268479016
268486382
268504924
268513941
268533372
268564868
268574774
268590268
268611731
268646148
268684375
268722856
268751685
268753971
268768576
268817598
268867128
268914880
268950186
268978634
268992731
269003907
269020163
269035149
269053056
269067915
269064359
269055088
269050770
269040356
269033244
269021179
269016988
269020417
269030958
269052167
269068804
269091156
269106904
269113127
269112492
269107793
269124303
269142718
269135352
269119858
269100681
269084806
269075281
269051278
269017750
268987270
268942947
268927961
268909800
268890877
268898243
268881098
268833346
268796389
268775307
268756003
268746097
268729587
268717649
268708505
268698091
268690979
268669897
268630019
268597507
268535404
268507464
268492986
268473682
268454251
268436852
268421612
268407896
268409674
268421993
268434947
268434947
268434947
268431391
268433677
268440662
268443964
268449806
268458442
268467586
268483969
268495907
268510893
268528038
268542135
268545818
268549120
268531213
268525879
268522577
268517751
268509369
268503019
268509242
268519783
268527911
268551152
268565630
268592681
268607159
268608429
268610080
268612493
268609064
268624050
268630527
268615414
268598777
268586458
268579727
268554708
268516862
268475968
268478635
268483842
268474317
268466062
268486890
268481683
268447774
268398117
268362684
268342618
268333728
268324076
268303756
268290040
268280388
268267942
268251940
268239748
268246352
268213840
268196441
268183233
268165072
268153388
268139672
268118590
268104366
268084300
268063472
268049502
268047978
268068679
268076807
268079601
268090269
268083919
268099540
268113637
268124305
268136243
268149959
268159865
268142974
268132306
268132052
268139291
268118717
268131036
268130274
268125448
268119225
268116050
268114907
268117320
268130147
268151102
268178407
268208760
268205585
268209522
268216761
268224508
268226413
268257020
268276832
268282166
268284325
268275816
268276578
268259687
268219555
268182090
268174216
268177899
268200632
268223873
268263751
268262354
268207236
268150086
268111732
268086713
268048740
268025118
267993368
267956919
267919581
267880719
267837412
267799820
267778103
267756386
267730859
267710412
267690346
267667105
267636244
267581888
267532739
267483971
267428472
267401167
267373989
267376783
267336143
267310362
267295249
267299313
267306298
267293979
267278104
267268960
267256895
267257530
267260070
267260705
267248640
267249402
267208635
267198729
267185394
267166725
267150850
267140944
267121640
267097891
267087731
267083667
267092684
267098653
267084429
267074015
267060299
267048742
267024104
267050647
267081762
267108178
267108813
267086207
267085953
267090779
267083032
267058267
267032486
267010007
266993370
266984480
267002387
266970764
266934442
266904851
266881229
266866497
266873482
266876530
266880340
266886182
266882245
266868910
266851765
266852908
266854432
266854178
266867640
266864084
266854178
266840081
266817602
266782677
266756134
266750673
266745593
266739624
266733020
266758293
266729464
266711811
266724003
266745720
266768072
266785090
266792202
266803378
266815951
266819126
266828016
266841097
266845161
266843637
266817856
266819634
266821539
266820777
266821285
266827000
266833985
266835255
266843637
266876276
266905486
266904978
266911455
266913868
266904724
266908026
266920472
266974320
267038582
267078460
267103225
267140055
267159740
267171297
267178028
267187172
267211556
267239623
267264134
267264134
267263626
267268706
267263626
267258165
267258038
267260070
267292074
267325221
267356082
267397484
267421106
267444982
267460095
267502259
267530072
267550011
267554329
267553694
267559790
267565124
267566140
267554964
267539851
267510260
267495147
267505942
267503529
267541883
267555218
267553567
267565759
267596747
267623290
267654913
267685393
267720572
267762482
267794359
267785723
267794740
267814679
267836650
267827379
267857224
267864590
267883132
267892149
267911580
267943076
267952982
267968476
267989939
268024356
268062583
268101064
268129893
268132179
268146784
268195806
268245336
268293088
268328394
268356842
268370939
268382115
268398371
268413357
268431264
268446123
268442567
268433296
268428978
268418564
268411452
268399387
268395196
268398625
268409166
268430375
268447012
268469364
268485112
268491335
268490700
268486001
268502511
268520926
268513560
268498066
268478889
268463014
268453489
268429486
268395958
268365478
268326235
268316329
268308328
268302613
268320647
268316964
268284452
268265402
268259560
268251686
268253210
268251178
268259687
268267180
268275435
268283817
268273657
268248511
268234414
268191234
268180185
268181455
268174343
268172819
268173073
268174216
268178153
268198346
268228064
268256258
268270736
268285976
268299057
268320774
268342999
268363446
268388973
268414500
268437868
268466697
268489049
268505051
268522958
268537055
268540738
268544040
268526133
268524609
268522577
268517751
268509369
268503019
268509242
268519783
268527911
268551152
268565630
268592681
268607159
268608429
268610080
268612493
268609064
268624050
268630527
268615414
268598777
268586458
268579727
268554708
268516862
268475968
268478635
268483842
268474317
268466062
268486890
268481683
268447774
268398117
268362684
268342618
268333728
268324076
268303756
268290040
268280388
268267942
268251940
268239748
268246352
268213840
268196441
268183233
268165072
268153388
268139672
268118590
268104366
268084300
268063472
268049502
268047978
268068679
268076807
268079601
268090269
268083919
268099540
268113637
268124305
268136243
268149959
268159865
268142974
268132306
268132052
268139291
268118717
268131036
268130274
268125448
268119225
268116050
268114907
268117320
268130147
268151102
268178407
268208760
268205585
268209522
268216761
268224508
268226413
268257020
268276832
268282166
268284325
268275816
268276578
268259687
268219555
268182090
268174216
268177899
268200632
268223873
268263751
268262354
268207236
268150086
268111732
268086713
268048740
268025118
267993368
267956919
267919581
267880719
267837412
267799820
267778103
267756386
267730859
267710412
267690346
267667105
267636244
267581888
267532739
267483971
267428472
267401167
267373989
267376783
267336143
267310362
267295249
267299313
267306298
267293979
267278104
267268960
267256895
267257530
267260070
267260705
267248640
267249402
267208635
267198729
267185394
267166725
267150850
267140944
267121640
267097891
267087731
267083667
267092684
267098653
267084429
267074015
267060299
267048742
267024104
267050647
267081762
267108178
267108813
267086207
267085953
267090779
267083032
267058267
267032486
267010007
266993370
266984480
267002387
266970764
266934442
266904851
266881229
