2531029
2008192
1713039
1487652
1248236
1023062
776114
580467
482613
411387
366041
391628
659945
1117019
1537254
1832455
1871547
1934388
2004112
2111864
2208634
2233872
2221128
2230244
2248378
2204142
2103284
1986661
1771217
1573115
1388770
1154954
911647
653652
357227
64792
-242937
-550623
-855878
-1165815
-1460222
-1732300
-1972471
-2216576
-2431512
-2613289
-2770613
-2893114
-3023358
-3204469
-3410666
-3561403
-3764812
-3962662
-4154975
-4305383
-4383272
-4526448
-4715220
-4638642
-4471830
-4272142
-4001095
-3886176
-3833858
-3753645
-3721188
-3700528
-3588241
-3437269
-3261571
-2889293
-2577899
-2382016
-2199880
-2037326
-1876001
-1728063
-1617837
-1518960
-1400304
-1301631
-1239929
-1134759
-971104
-796830
-606774
-490074
-484359
-573050
-485637
-167696
98371
412163
667644
865756
1009921
1112460
1216126
1289859
1281050
1096446
905167
735984
560455
434827
367330
414717
570718
910564
1421615
2028037
2774786
3631775
4558950
5725616
6805622
7797117
8607271
9419743
10030179
10325631
10710556
11094496
11353643
11577014
11748187
11804689
11714149
11603406
11202646
10690298
10220118
9904178
9617758
9240368
8944827
8669038
8374067
8134432
7890482
7456232
7022042
6462319
5887642
5259381
4732760
4300509
4020071
3867042
3745070
3603764
3447954
3332473
3233195
3108140
3199316
3328358
3476890
3713392
3986516
4296931
4604334
4903802
5229395
5537298
5862218
6185998
6517411
6999348
7567354
8273392
9063085
9806227
10370868
10957788
11656385
12351448
13135337
13854745
14644907
15291097
15932086
16643443
17275215
17982955
18385955
18380955
18048033
17736610
17186853
16381395
15457873
14440088
13423199
12389653
11330943
10261186
9148928
7958935
6711623
5467593
4367591
3356956
2494985
1814455
1230433
724094
316844
68685
-148414
-562627
-883443
-1184460
-1503344
-1835358
-2044790
-1951303
-1691053
-1332088
-970066
-459607
110819
688136
1214408
1737046
2226582
2684210
3122531
3442597
3609451
3790488
3941994
3889432
3845364
3715748
3549260
3345667
3031200
2694534
2336708
2225936
2176982
1881100
1342778
795149
268004
-254279
-746869
-1303344
-1647599
-1794416
-1907440
-1977016
-2054530
-2199299
-2362602
-2441668
-2468224
-2522047
-2550364
-2604957
-2749546
-2987748
-3345989
-3679231
-4012792
-4328170
-4648700
-4889538
-4893950
-4849294
-4671664
-4450472
-4194365
-4076127
-4023228
-3884837
-3477247
-2980601
-2471010
-1999714
-1473284
-980547
-560794
