40786489
40985001
41127318
41162881
41295570
41401976
41498563
41532704
41443615
41346385
41234877
41081734
40934308
40726202
40497775
40289565
40113412
39934422
39694054
39551312
39547509
39603114
39628132
39644976
39658773
39720276
39771842
39838450
39920176
39954285
39982400
40009094
40025986
40057621
40084803
40103526
40165152
40196587
40199008
40204590
40178908
40139899
40072970
40012891
39932909
39848169
39769674
39696774
39622688
39535571
39475773
39412363
39363975
39302090
39261228
39220541
39190911
39177415
39160735
39175651
39180074
39237718
39284864
39278173
39323028
39437396
39524049
39680393
39827215
39967932
40161457
40294406
40427324
40604398
40800245
40919234
41066813
41273830
41399953
41413004
41390379
41350581
41286963
41197203
41136792
41045636
40940560
40854606
40753956
40630005
40516316
40342798
40190552
40036390
39860799
39663473
39473073
39253076
39070803
38845151
38640834
38430131
38209894
37979906
37703552
37419008
37189108
37093521
36949814
36819617
36693501
36662737
36652069
36556795
36494201
36429965
36385747
36374413
36342147
36323773
36307619
36316303
36376699
36406935
36410599
36448149
36490416
36539512
36591026
36611178
36620845
36626625
36653527
36750672
36854984
36961287
37090830
37161731
37213934
37299425
37436812
37574835
37709426
37845136
37964247
38121809
38254296
38364476
38493958
38647009
38787121
38905181
39053758
39166989
39261802
39360739
39457846
39514092
39576491
39617877
39641319
39624277
39570865
39575927
39626563
39641250
39527920
39393380
39309624
39253793
39129969
39034943
38907974
38790972
38704836
38631552
38592766
38666363
38698760
38666314
38732283
38937057
39083681
39319807
39501772
39683730
39821742
39872735
39961444
40062875
40160855
40181641
40087754
39985408
39932579
39804323
39721759
39639504
39503295
39363073
39227031
39089061
38945624
38828812
38748629
38699999
38695677
38660948
38560859
38520304
38462950
38441982
38423728
38386153
38374392
38354886
38383298
38404426
38479095
38546500
38646081
38719806
38849259
38994078
39142267
39326931
39482155
39630128
39781103
39937088
40126125
40318611
40520585
40737386
40931804
41050506
41087941
41257840
41459770
41584376
41582924
41582796
41582840
41479962
41405796
41357136
41338166
41298258
41290932
41272218
41244638
41287646
41328186
41339780
41385877
41438012
41480261
41526742
41585796
41637100
41702509
41730267
41739550
41785659
41758018
41690268
41629782
41577057
41533340
41519775
41503105
41491504
41476371
41468576
41446695
41415484
41368981
41322070
41245887
41154788
41093391
40984714
40860473
40696157
40530677
