20633141
20608425
20685284
20808614
20864705
20855915
20804326
20753294
20730918
20742118
20809258
20826168
20829161
20789199
20747352
20688716
20662028
20479312
20381413
20409482
20415279
20491763
20663389
20839105
20978003
21017273
21038177
21017348
21045357
21090199
21159494
21102634
21022642
20966996
20965239
21077451
21107927
20979682
20784596
20566317
20404569
20341392
20410427
20543267
20748893
20968275
21066292
21208275
21344508
21439509
21546745
21711861
21759320
21804004
21905486
21996800
22094568
22211593
22282886
22278656
22112965
21891834
21743372
21561134
21355489
21275998
21311594
21453787
21579996
21611762
21626822
21726535
21818232
21875314
21877166
21935456
21925692
21952369
22000191
21997200
21816096
21647905
21549808
21426219
21210178
20852854
20535876
20259924
20086033
20092622
20153574
20241627
20351999
20385993
20400907
20363683
20319795
20390541
20547692
20709664
20794604
20825256
20877418
20970861
21101203
21246618
21332799
21335718
21218653
21091533
20917261
20783215
20759567
20877211
21054534
21168213
21216984
21301079
21379898
21461850
21612600
21824197
21845230
21894394
21866411
21817235
21842203
21739156
21603168
21560802
21481959
21409620
21250613
21026471
20821973
20677610
20664275
20759835
20825867
20811315
20843454
20876074
20809567
20788484
20773257
20770401
20854853
20868584
20793444
20770711
20793506
20910600
21067054
21211225
21269702
21203312
21097645
21026848
20963581
20980238
21031839
21054962
21124439
21253786
21385058
21453981
21512740
21574934
21703523
21822919
21802839
21771904
21740138
21662053
21675997
21679346
21574990
21491014
21388056
21278075
21175322
21034589
20809613
20648849
20626958
20688222
20759570
20827776
20844931
20813710
20697133
20608069
20507000
20433349
20423782
20392244
20354023
20338665
20316408
20346646
20427246
20498772
20495620
20444212
20303160
20188066
20089430
20029997
20010995
20043045
20174484
20286350
20416034
20469146
20407049
20514360
20662463
20712980
20701629
20612470
20553185
20558898
20568757
20635242
20618830
20592202
20574046
20560806
20521087
20415169
20198650
20078532
20024873
20042724
20073920
20121828
20151264
20143291
20116627
20051279
19948491
19925146
19925993
19965703
19947154
19884700
19855168
19869539
20024903
20142340
20087410
19934633
19774270
19696673
19672419
19687318
19701897
19794530
19962497
20040596
20151632
20298518
20358898
20417118
20545688
20653714
20710813
20726325
20742367
20802137
20908304
21006964
21081800
21070006
21007496
20956244
20880031
20847186
20769597
20748677
20845584
20879470
20931758
20967662
21043292
21144859
21223321
21222853
21249214
21248645
21265785
21299094
21280257
21169265
21037734
20910426
20847346
20715194
20447787
20197881
19971157
19825843
19806789
19926760
20066077
20295263
20475201
20617911
20731968
20775890
20841569
20979642
21075348
21142225
21144645
21180687
21232797
21298454
21398037
21441617
21422396
21321527
21173756
20991952
20821708
20713393
20809102
20925098
21103091
21207805
21261646
21313138
21436896
21627147
21784335
21804338
21820856
21822424
21790754
21807261
21742430
21623357
21527326
21424304
21323468
21173590
20877353
20600685
20406421
20362429
20442299
20468450
20497700
20596741
20642597
20598313
20543456
20518196
20498120
20560680
20677181
20723281
20782239
20882273
21025311
21182328
21357126
21479142
21477221
21383307
21304255
21215849
21187868
21227952
21275282
21374398
21489447
21613568
21671331
21727088
21829262
21965514
22089814
22121856
22207347
22191644
22142408
22106064
22054258
21964147
21914408
21827737
21759988
21620559
21433501
21230853
21081647
21035112
21098910
21194479
21246869
21291857
21294622
