27146175
27231301
27310559
27400582
27500441
27653718
27791278
27932060
28067931
28196312
28332570
28468177
28601565
28749769
28896778
29041455
29187238
29328032
29448529
29541361
29633835
29756698
29898514
30030052
30166768
30300145
30431810
30601359
30765766
30915858
31054079
31204643
31352926
31513981
31666516
31813375
31971962
32162022
32338265
32485571
32630785
32766815
32899355
33039965
33185662
33328634
33474755
33626353
33774660
33920412
34056496
34188226
34318561
34445531
34571075
34697689
34823872
34952468
35107302
35280900
35450952
35609229
35743490
35872674
36005557
36134328
36256680
36376270
36487755
36604076
36723887
36844728
36959566
37067810
37173466
37277211
37386313
37503176
37622439
37741115
37852582
37956609
38060829
38167457
38272422
38383160
38495725
38609955
38721780
38844132
38970716
39095056
39219329
39342469
39456517
39551155
39625314
39720993
39832843
39939215
40038877
40144008
40250289
40366738
40491656
40617488
40741014
40869576
40995196
41096812
41176654
41240604
41311789
41412413
41523948
41640264
41757796
41880753
42006784
42130945
42246458
42358709
42471563
42587076
42699731
42810108
42923709
43035890
43155290
43263226
43386481
43487537
43600021
43757188
43940779
44151442
44372317
44552911
44713518
44857971
44965041
45094084
45196905
45310717
45413033
45509278
45603131
45705051
45808918
45920072
46026789
46136124
46247137
46351651
46450440
46553285
46651690
46751259
46856079
46961889
47067338
47174038
47273601
47377140
47478798
47587603
47695902
47805458
47914900
48034386
48143187
48257696
48382066
48493688
48568481
48641401
48724205
48796212
48878722
48980124
49091115
49207562
49316482
49419826
49523269
49643602
49775935
49912546
50036233
50141574
50231675
50325401
50419053
50508410
50591913
50647946
50687084
50728279
50787078
50869574
50948357
51033958
51146112
51234856
51321473
51409910
51500448
51598572
51694899
51794893
51886600
51977297
52062348
52149440
52232448
52322794
52416696
52499745
52579906
52661872
52743108
52823535
52904192
52988323
53074449
53162466
53243854
53319716
53392842
53467641
53545335
53625335
53707846
53796701
53883220
53973163
54065155
54160066
54259833
54363707
54454868
54533338
54608391
54674717
54747786
54809453
54868047
54915874
54974707
55038908
55111890
55188757
55263643
55337500
55401644
55463226
55527658
55605708
55687523
55771870
55850799
55934951
56010581
56077494
56143411
56200685
56272301
56330931
56409215
56475004
56498365
56505259
56494075
56508960
56602885
56703186
56752827
56837441
56910799
57033081
57140094
57217249
57254353
57312099
57369089
57422068
57457837
57495663
57526963
57561534
57594120
57626802
57655278
57680635
57704761
57728829
57758347
57787497
57810692
57833759
57859201
57887592
57920709
57954157
57986584
58018494
58048515
58085791
58122754
58157422
58195256
58236117
58276162
58308207
58343253
58381004
58417565
58464761
58507189
58528300
58537566
58547182
58519249
58521126
58545052
58548741
58556742
58582295
58606901
58632676
58653993
58685483
58699974
58713953
58730090
58750547
58758218
58775794
58786838
58778737
58797397
58823403
58848576
58874060
58893828
58913164
58932398
58963471
58996418
59032288
59062427
59140465
59263886
59405690
59498250
59545475
59568460
59612283
59635952
59654990
59686869
59704959
59711433
59728110
59729541
59721809
59729712
59736006
59742674
59775218
59797396
59826353
59877139
59918051
59932833
59934491
59950192
59966013
59974485
59983431
59995104
60000103
60011700
60023663
60033295
60049818
60062206
60077571
60110554
60154351
60188206
60222847
60243331
60253963
60265638
60281562
60298574
60313837
60331306
60347937
60363747
60380339
60396286
60425761
60452011
60481592
60513729
60549787
60573261
60594463
60583484
60551346
60511372
60483878
60447687
60408477
60349967
60309316
60290335
60308507
60347227
60381468
60404433
60424426
60445172
60457986
60473412
60498334
60521919
60551783
60584733
60616596
60646394
60669742
60695824
60729434
60760928
60793702
60826123
60850687
60867609
60887420
60910156
60937040
60959700
60973480
60980713
60991985
61006919
61023839
61037577
61041702
61032340
61030861
61022901
60999756
60970351
60943647
60927245
60937466
60944697
60947508
60947651
60958995
60968450
60982057
61016258
61045956
61076002
61102760
61120787
61131045
61145488
61161898
61180847
61209921
61231543
61239890
61234200
61223289
61205066
61184122
61168580
61150304
61127279
61091242
61046820
60999860
60945989
60876453
60794014
60735377
60682818
60621155
60570670
60535591
60539391
60535012
60516530
60469592
60390964
60326003
60254402
60198373
60142234
60086274
60021859
59961093
59891865
59815819
59760091
59709579
59662001
59619012
59563320
59502254
59436372
59375484
59319000
59266458
59201351
59136621
59061553
58981850
58907880
58841188
58777552
58699995
58609207
58515468
58419531
58325116
58231547
58125894
58013346
57899103
57781896
57665978
57552773
57438712
57320857
57216626
57119168
56999517
56890097
56773376
56646995
56483296
56301105
56130845
55963153
55816397
55696213
55577497
55446248
55332350
55217264
55116871
55005111
54898527
54786541
54672084
54561066
54453395
54352472
54242268
54137640
54030234
53915634
53797878
53671407
53543241
53444586
53354282
53283737
53186114
53068509
52927265
52757630
52613183
52456841
52298138
52140703
51980331
51811298
51624053
51424504
51249277
51101485
50941560
50776064
50606099
50418860
50229311
50035562
49843189
49654838
49460941
49268850
49082052
48905255
48736056
48565695
48381960
48208444
48024296
47844029
47669234
47500445
47320841
47143569
46988313
46861054
46732783
46594913
46445912
46274869
46089932
45899963
45718819
45515117
45299840
45081577
44864377
44652667
44453664
44246898
44039620
43842770
43640644
43434556
43227035
43013647
42764774
42527093
42301876
42101745
41938595
41788638
41661486
41541675
41433280
41325477
41210907
41068368
40897713
40707846
40516668
40329604
40143741
39955583
39780525
39605039
39431839
39252777
39078740
38905328
38712443
38475370
38236104
37993546
37775696
37587045
37400240
37210421
37027562
36839930
36647338
36463221
36307297
36149395
35983242
35796462
35598791
35406295
35225436
35039946
34837377
34626166
34409182
34201111
33993577
33811115
33662396
33540867
33418509
33262710
33057207
32842968
32633651
32413987
32201269
31994562
31784588
31572115
31367736
31160411
30964517
30769319
30583440
30396367
30204607
30004657
29804325
29601188
29414200
29225343
29044172
28857846
28680524
28498332
28318520
28147931
27990563
27830641
27681441
27526061
27368864
27212005
27056183
26895913
26744423
26594319
26446556
26298126
26153904
26002766
25857033
25705201
25556719
25408021
25270816
25134998
25005748
24871366
24735260
24596359
24453452
24307732
24164404
24012328
23855703
23695642
23535880
23367986
23210852
23056193
22913546
22771589
22606432
22409921
22204043
22006328
21839199
21686849
21567144
21456017
21343435
21220869
21064439
20910416
20762636
20616695
20482227
20347008
20205571
20059751
19917729
19766142
