-74430007
-73043798
-74461718
-74459044
-73100300
-74517129
-74501171
-73238321
-74654482
-74543700
-73342457
-74771779
-74623712
-73382311
-74783056
-74637784
-73382994
-74805474
-74671175
-73340217
-74764202
-74669447
-73325726
-74726074
-74567373
-73379738
-74725979
-74629390
-73445182
-74789429
-74598247
-73434471
-74738687
-74741603
-73577127
-74975762
-74919528
-73737090
-75097117
-74973446
-73621076
-75016853
-74901620
-73566672
-74997277
-74910647
-73535445
-74925730
-74903492
-73546241
-74965088
-74939245
-73611818
-74977320
-75032028
-73697593
-75054265
-75011310
-73697959
-75074623
-75041577
-73624557
-74999301
-74871980
-73359725
-74711835
-74662478
-73210307
-74535424
-74468912
-73123051
-74358147
-74278832
-72784243
-73996827
-73932066
-72412648
-73708860
-73639971
-72071898
-73308332
-73423899
-71862912
-73103446
-73269405
-71860821
-73213185
-73286713
-71853768
-73123613
-73123906
-71595644
-72926121
-73007051
-71432276
-72738905
-72963520
-71539324
-72956291
-73223509
-71779166
-73122506
-73378626
-71932220
-73277881
-73537871
-72052105
-73403789
-73605450
-72112392
-73467074
-73613385
-72152213
-73430117
-73528097
-72104323
-73412936
-73495454
-72067578
-73373316
-73462819
-72027924
-73340684
-73403473
-71861117
-73163362
-73224867
-71776998
-73070317
-73113260
-71627095
-72935441
-73082123
-71606855
-73027848
-73187161
-71771038
-73221333
-73284445
-71833705
-73278557
-73338475
-71845533
-73255971
-73278199
-71869392
-73307526
-73294148
-71821607
-73249427
-73216108
-71799875
-73261572
-73262471
-71845714
-73276823
-73279545
-71950292
-73346730
-73334606
-72018357
-73442032
-73256332
-71937710
-73340636
-73196442
-71791906
-73194347
-73038455
-71623229
-73071153
-72853711
-71400670
-72865532
-72642744
-71141593
-72584307
-72590900
-71092950
-72512756
-72562512
-71087762
-72437905
-72559952
-71080896
-72588790
-72683594
-71187029
-72769260
-72901877
-71370095
-72906069
-73001167
-71502515
-73056045
-73213376
-71696852
-73111985
-73226445
-71771155
-73197653
-73342237
-71854353
-73322343
-73308930
-71734493
-73171417
-73059535
-71452092
-72929120
-72828274
-71184305
-72529243
-72444705
-70862547
-72196309
-72191865
-70652887
-72015880
-71933686
-70373117
-71759812
-71610788
-69987127
-71380250
-71329329
-69631504
-71037286
-71106973
-69520828
-70938372
-71088694
-69570538
-70951421
-71045243
-69594584
-71016741
-71108941
-69599334
-70980512
-71102306
-69575081
-71030608
-71220594
-69721183
-71225341
-71429673
-69870076
-71342863
-71502611
-69895702
-71410059
-71546664
-69928872
-71379911
-71507111
-69953140
-71428212
-71588991
-70072555
-71533396
-71737474
-70185145
-71650994
-71790298
-70237224
-71715267
-71808752
-70196977
-71666705
-71753913
-70226754
-71695379
-71725329
-70183011
-71664855
-71734758
-70245172
-71727932
-71860213
-70383005
-71852400
-71972803
-70544311
-71989821
-72106418
-70700902
-72166518
-72210310
-70775141
-72250571
-72331147
-70922833
-72401084
-72406982
-70913407
-72431747
-72434196
-70973452
-72476552
-72476963
-70984772
-72486207
-72529228
-71151726
-72666775
-72764794
-71296801
-72787098
-72838442
-71360682
-72857676
-72985472
-71602500
-73102111
-73264020
-71859896
-73370256
-73441761
-72010730
-73520840
-73549180
-72051837
-73593522
-73671603
-72088670
-73626824
-73789557
-72184085
-73740783
-73867464
-72310032
-73876645
-74022248
-72446247
-73948862
-73981282
-72316488
-73826669
-73753615
-72116988
-73672836
-73554327
-71860173
-73321249
-73283753
-71627301
-73056204
-72986340
-71384428
-72852753
-72737689
-71155827
-72483398
-72323999
-70583001
-71989303
-71887003
-70170112
-71529189
-71562619
-69964614
-71322884
-71396388
-69830841
-71196077
-71232247
-69711032
-71108846
-71112893
-69494842
-70908883
-70865489
-69282780
-70743630
-70790411
-69267705
-70869193
-70939172
-69451765
-70930727
-70946436
-69468724
-70956521
-71104667
-69644916
-71111968
-71253531
-69805470
-71254980
-71378641
-69990631
-71423272
-71456137
-69969066
-71434605
-71407117
-69929223
-71371560
-71403184
-69986964
-71439126
-71477490
-70150266
-71577260
-71718006
-70274016
-71664132
-71659006
-70199205
-71559975
-71642027
-70205707
-71629384
-71648727
-70262432
-71670668
-71691032
-70393519
-71798907
-71726232
-70513167
-71936501
-71857712
-70579573
-71970031
-71898653
-70624391
-72032546
-71962496
-70608843
-72003648
-71977337
-70598137
-71956330
-71895736
-70637104
-71966768
-71939618
-70693677
-72017799
-71897763
-70638166
-71973408
-72017213
-70810102
-72185446
-72209718
-70998276
-72281246
-72283146
-70900238
-72224328
-72190173
-70829758
-72188639
-72194481
-70753842
-72115838
-72198204
-70753347
-72165915
-72230608
-70833880
-72116294
-72331317
-70963463
-72264938
-72413141
-71063959
-72398805
-72522972
-71072746
-72377136
-72392679
-70837947
-72171747
-72244483
-70718254
-71978191
-72032299
-70667449
-71815103
-71833573
-70281325
-71482702
-71478199
-69863851
-71155249
-71197301
-69569668
-70817623
-71004493
-69403038
-70639279
-70842006
-69399528
-70683285
-70776256
-69301567
-70550129
-70624459
-69082488
-70388607
-70572761
-68966129
-70252864
-70546961
-69097658
-70470144
-70693607
-69333300
-70604853
-70824948
-69456144
-70735025
-70992653
-69645999
-70952291
-71141404
-69784265
-71073046
-71201817
-69863930
-71062524
-71154763
-69860357
-71080194
-71149125
-69818551
-71019598
-71144850
-69820874
-71023275
-71088354
-69686381
-70870941
-70947846
-69630564
-70851965
-70878839
-69533614
-70742968
-70848292
-69451027
-70714648
-70839021
-69554544
-70828525
-70930033
-69658249
-70947680
-71025006
-69704914
-70947880
-70998778
-69707248
-71006073
-71033893
-69743112
-71015714
-71018220
-69781246
-71023197
-71030855
-69827102
-71106398
-71093908
-69988676
-71296248
-71254353
-70117595
-71450322
-71262068
-70104849
-71423616
-71282258
-70039519
-71334320
-71190149
-69937903
-71279140
-71075387
-69754980
-71113604
-70890209
-69534587
-70862200
-70828838
-69496577
-70831733
-70801185
-69482958
-70812806
-70851049
-69560429
-70934003
-71014488
-69708556
-71121457
-71223802
-69930809
-71317421
-71354196
-69998077
-71459084
-71556129
-70172699
-71604938
-71649956
-70260295
-71684117
-71774551
-70400417
-71837399
-71782098
-70348603
-71745669
-71514554
-70032135
-71502058
-71288747
-69774369
-71122156
-70907770
-69471356
-70778742
-70651112
-69247709
-70560635
-70377794
-68981267
-70296979
-70034817
-68571749
-69895789
-69668029
-68176479
-69495764
-69410184
-68019434
-69357016
-69343598
-68018845
-69360688
-69249571
-67951456
-69342240
-69264702
-67886370
-69262470
-69211367
-67824836
-69260444
-69281364
-67924976
-69414106
-69442232
-68029245
-69480334
-69473363
-68014746
-69486635
-69454716
-67999221
-69405388
-69357169
-67960101
-69380943
-69373058
-68001081
-69439410
-69469772
-68052700
-69503989
-69473205
-68037102
-69461064
-69409546
-67956270
-69341352
-69304251
-67969050
-69369745
-69312595
-67944200
-69351480
-69313346
-67972964
-69377046
-69382332
-68082084
-69495755
-69472105
-68207709
-69611621
-69587584
-68376738
-69753694
-69670133
-68431973
-69808985
-69744792
-68574026
-69952240
-69791962
-68536323
-69918674
-69772794
-68570185
-69953561
-69819639
-68577461
-69957382
-69855900
-68703996
-70084008
-70016609
-68769706
-70150653
-70087891
-68860285
-70226662
-70198422
-69059953
-70436870
-70445897
-69305530
-70687687
-70646299
-69458432
-70855041
-70762452
-69500527
-70905283
-70842311
-69507991
-70917684
-70939713
-69585838
-70969679
-71005320
-69700020
-71102792
-71151236
-69845361
-71192279
-71187764
-69738380
-71054156
-70984180
-69504888
-70900208
-70770037
-69255226
-70588421
-70548607
-69033302
-70312323
-70269749
-68824911
-70133599
-70038524
-68619565
-69785253
-69647451
-68031473
-69263610
-69236079
