4898637
5157370
5256669
5219562
5132785
5068103
5019416
5058728
5238611
5551331
5950239
6317744
6654282
6809407
6983158
7185514
7370509
7613642
7812123
8087959
8224291
8387072
8655967
8929576
9240354
9546600
9941743
10256134
10815842
11291569
11700276
12045709
12216054
12206988
12068800
11665651
11234189
10975680
10647557
10374189
10045215
9655632
9164715
8723997
8186832
7430717
6488705
5480521
4425325
3411299
2230886
1004690
-152929
-1134796
-1992232
-2743577
-3215764
-3492293
-3640687
-3782432
-3796370
-3821835
-3957508
-4125402
-4248755
-4204752
-4103227
-3951343
-3814460
-3635309
-3457315
-3307467
-3142521
-2722603
-2163537
-1610115
-1089235
-536599
-32482
416159
743317
1082286
1518669
1993109
2589084
3219280
3903635
4499628
5475547
6583174
7526937
8011277
8358945
8629532
8659166
8621883
8494067
8128063
7527497
6871873
6191635
5599996
5004881
4381931
3727532
3243928
2905178
2759219
2631593
2525674
2526320
2502248
2779692
3050831
3281847
3589063
3770545
3814950
3517133
3045022
2401518
1911205
1545011
1213455
1003535
797358
554066
235977
-182630
-741340
-1250195
-1665551
-2071000
-2396992
-2733689
-3025922
-3238885
-3389089
-3478345
-3554169
-3520170
-3267399
-2850456
-2368265
-1936946
-1426861
-927679
-411004
143284
787511
1371628
1973640
2557987
3151118
3533886
3919857
4270447
4619984
4989971
5440458
5987546
6779642
7693340
8871499
10063300
10929938
11396838
11823725
12198822
12455966
12530405
12467102
12155014
11669800
10906246
10095313
9391966
8622997
7968670
7150913
6432051
5744623
5146656
4507662
3937552
3289317
2719136
2080390
1534002
776783
43429
-540464
-1071935
-1485735
-2008553
-2431790
-2694329
-2764968
-2666514
-2457035
-2261275
-1982702
-1683671
-1340377
-933864
-588456
-224759
184256
624526
1034861
1474495
1849981
2264577
2629237
2903606
3377081
3806559
4494381
5199421
6017505
6808397
7964158
9215951
9869878
10241376
10438183
10572879
10600995
10593912
10470264
10246370
9846192
9403783
8898740
8274799
7655107
7005303
6648253
6405619
5651303
4724540
3755374
2854871
2190358
1755403
1430878
1292939
1226392
1193363
1139650
1028882
889807
721472
520426
288331
-177658
-667809
-1168663
-1617768
-2065790
-2557645
-2706778
-2845414
-2958974
-2900324
-2740878
-2479466
-2196105
-1939591
-1651289
-1425546
-1183275
-879632
-619483
-264996
8556
278926
756525
1322051
1814996
2168665
2432260
2615477
2658488
2664725
