53480861
53482995
53500194
53489995
53439193
53424210
53423042
53391541
53329713
53217206
53023859
52777392
52467163
52245782
52154424
52072501
51972126
51751337
51484238
51240684
51053387
50792191
50568529
50267795
49859576
49562437
49434833
49366170
49277001
49076230
48822428
48610354
48538486
48555445
48455440
48479499
48463725
48406382
48345562
48327658
48432659
48464203
48557697
48708063
48915005
49245911
49635453
50079168
50539933
50847522
51179290
51493112
51775927
51967324
51959329
52018445
52063634
52009215
52040692
52062906
52086230
52140994
52172186
52473849
52920375
53249316
53496158
53540627
53579318
53617744
53642360
53415330
53231662
53060285
52871691
52559922
52150317
51774459
51387001
50973689
50444664
50062865
49767350
49578282
49426143
49334744
49202479
49182253
49095955
49009553
48905579
48635672
48563266
48523192
48456785
48494728
48578193
48576568
48581346
48751632
48863458
48956102
49021340
49044278
49010504
48926979
48858744
48875612
48979544
49013489
49043951
48973153
49008554
48990405
48999001
48976839
48834512
48590644
48359964
48178383
48081868
47954101
47845639
47678996
47571059
47658179
47745347
47812041
47968638
48110081
48248411
48373200
48565997
48747198
48823406
48849678
48841306
48737895
48640802
48572219
48601685
48601743
48824465
49000295
49130041
49324847
49578298
49925478
50243071
50536720
50957454
51463759
51799652
52224320
52573414
52916556
53261542
53743724
54167374
54503690
54869217
55273762
55666190
56112168
56470734
56782483
57211011
57663286
58138354
58615775
58941656
59281694
59664654
60039328
60444912
60809431
61258389
61726961
62095787
62476173
62900343
63198228
63627119
64044113
64462849
64889477
65249557
65637227
66158362
66550105
66998895
67415389
67781558
68064943
68453590
68706202
68785211
68942121
69131752
69261057
69379067
69441526
69328941
69236059
69152279
69111723
69116211
69106019
69128716
69153631
69212848
69179840
69163988
69168854
69143523
69111743
69075438
69097747
68972781
68925234
68923214
68878548
68881276
69023855
69054066
69114221
69145179
69239395
69231284
69183367
69325318
69333900
69071882
68956751
68658870
68477400
68541364
68448085
68414461
68406879
68410202
68418191
68294079
68052190
67878520
67804201
67812340
67775731
67824120
67805331
67858379
67878100
67990377
68028038
68077202
68116701
68075936
68063226
68186354
68293458
68464493
68535396
68553162
68640976
68724059
68752463
68739653
68711777
68542262
68340528
68081672
67732808
67154837
66681721
66330981
65788318
65088430
64354139
63675028
63079562
62636310
62100795
61564424
61027958
60647323
60411577
60033283
59667745
59272949
59082852
58858987
58543374
58045545
57146229
56237447
55450442
54626493
53805632
52919927
52453860
51981998
51529336
51112696
50962545
50903473
50975250
50924895
50820800
50648997
50314657
49967312
49606012
49113902
48598452
48114782
47634224
47171903
46710191
46205864
45635659
45060995
44657691
44411591
44251626
44204396
44270437
44341220
44438874
44585470
44620499
44645219
44705680
44801625
44898321
44937656
44977582
45053603
45114295
45075870
45078644
45228057
45398275
45618397
45882112
46214415
46580210
46874192
47201145
47510450
47697527
47999474
48145579
48076472
48001692
48084188
47822109
47727592
47830822
47729400
47731580
47718773
47560911
47031352
46424981
46712783
47298404
47917379
48512734
49100294
49658372
49848371
50294924
50570946
50732772
50877728
51024226
51115323
51167704
51197418
51268742
51471455
51792924
52169251
52597741
53103971
53713485
54194648
54518100
55029013
55550098
56165126
56778210
57265817
57616674
57856282
57906916
57947484
57985338
58029954
58081830
58140730
58196162
58238738
