224259746
224259879
224223073
224180989
224140810
224133077
224188983
224153158
224025080
223904873
223739569
223584715
223518422
223474240
223411323
223329111
223188619
223128747
223164429
223172643
223174534
223264126
223399073
223426064
223420162
223421972
223421027
223412002
223347577
223356077
223452616
223525163
223559276
223611808
223574665
223486723
223411448
223402950
223429349
223440899
223457795
223518786
223574870
223727538
223912774
224014507
224175518
224347827
224460325
224474868
224414994
224407528
224417099
224418894
224433091
224474308
224480827
224476398
224501139
224513414
224528241
224511737
224483370
224480345
224439003
224447634
224450489
224400287
224402952
224416816
224372402
224340046
224322246
224279901
224247303
224211176
224239123
224234806
224144566
224099394
224015802
223849401
223660293
223493693
223403006
223341214
223243210
223047192
222927849
222825625
222828334
222770884
222757160
222705020
222668162
222633299
222633652
222647240
222698458
222766992
222772174
222810967
222903209
223055573
223234571
223320429
223354279
223305810
223227285
223218046
223260919
223214407
223130455
223009185
222923108
222910618
222904595
222962593
223031725
223160479
223300765
223408051
223435383
223518131
223576066
223622495
223615731
223616100
223552151
223532471
223544403
223481788
223387901
223364307
223340339
223459302
223521744
223596315
223637241
223598615
223568511
223470676
223390634
223332100
223305459
223302955
223248442
223170060
223116011
223072186
223055429
223113683
223118648
223021293
222883171
222691814
222469624
222270404
222141361
222029908
221931230
221908513
221868008
221865274
221804936
221684229
221544379
221411547
221406525
221429371
221478918
221550194
221607179
221656816
221702988
221758975
221859211
221943350
222038375
222055912
222054684
222073543
222048411
221950180
221867754
221755739
221637609
221557153
221493265
221493508
221614944
221780758
221898027
222012743
222069726
222120756
222241977
222366177
222492983
222559993
222569421
222542811
222519846
222541440
222520629
222487703
222489411
222607175
222675082
222661614
222735936
222758788
222752128
222697126
222687980
222711916
222689181
222697271
222690964
222629224
222620952
222646497
222624879
222617699
222636511
222661818
222671166
222610647
222523048
222474470
222366038
222281889
222259772
222189179
222154613
222090417
221974143
221911034
221838208
221825807
221856129
221888683
221954578
222041559
222154729
222349252
222531933
222622554
222590288
222511587
222542608
222626654
222615205
222550411
222470939
222405384
222410369
222392044
222306857
222266812
222155400
222178120
222194573
222241587
222303575
222428459
222532010
222663674
222797015
222897083
222983384
223101041
223258753
223350928
223361971
223317331
223209276
223152755
223134257
223108396
223031250
222960086
222902497
222843128
222800253
222753455
222743760
222689719
222764859
222828128
222816096
222821571
222799838
222760840
222720160
222701393
222738330
222724966
222703556
222690244
222701056
222718045
222683748
222640045
222601861
222539774
222547728
222540315
222480647
222504133
222568518
222638112
222612238
222646692
222746480
222796786
222863986
222999501
223107736
223119468
223092493
223048035
223067265
223089203
223056711
222999740
222918646
222865938
222871081
222858774
222763184
222754469
222826143
222906635
222993996
223075930
223056538
223069910
223101243
223185705
223282071
223353768
223363526
223385400
223395130
223407689
223397029
223397752
223389056
223399196
223406710
223414829
223399571
223301720
223194036
223118675
222982931
222932705
222993057
223128654
223189089
223291722
223392589
223398162
223381362
223415072
223524248
223558620
223539967
223562192
223612415
223614042
223597235
223611089
223611723
223582247
223541180
223539268
223618590
223636606
223661093
223633372
223624814
223625837
223645541
223638771
223639102
223642652
223638974
223616153
223538534
223457436
223458631
223503754
223489360
223417161
223346366
223258489
223159784
223114455
223069584
223036294
222974620
222876684
222876730
222987065
223027242
223043192
223083847
223149958
223226693
223313685
223329514
223342021
223366334
223383775
223367835
223422958
223472657
223493894
223505868
223457339
223417032
223413209
223396774
223436678
223475366
223494850
223533112
223578773
223717125
223882608
223998012
224168007
224351122
224458818
224456740
224431568
224440366
224446779
224424821
224398488
224431603
224372264
224368330
224450670
224513525
224545866
224541006
224501124
224505249
224439057
224464554
224459939
224387603
224364032
224379229
224368875
224380101
224416101
224421983
224352023
224319488
224404133
224457227
224411517
224339664
224270924
224118617
223944174
223768134
223659318
223582534
223526535
223385505
223226777
223145529
223167068
223123053
223084518
223077586
223087281
223114142
223146876
223157115
223201331
223266918
223254524
223235406
223300273
223421523
223546952
223628703
223696616
223664377
223546172
223529969
223563007
223521018
223480118
223441387
223403825
223384782
223374527
223463069
223616127
223752537
223864209
223912845
223905284
223959934
224026552
224084623
224147567
224225414
224165326
224148055
224158581
224090940
224075693
224059600
224043492
224110564
224115468
224107345
224141190
224190845
224252581
224190941
224186208
224155354
224133295
224111541
224054820
223976174
223918858
223895689
223899897
223966669
223945789
223823710
223647680
223442420
223253981
223063696
222941508
222764271
222612564
222538566
222464735
222435890
222357411
222243026
222128326
222068451
222077421
222065212
222064880
222121551
222140444
222162920
222241090
222309524
222409652
222503561
222567627
222613345
222606075
222616482
222614876
222575538
222471945
222316889
222192601
222109958
222058469
222096277
222209605
222369929
222494338
222575231
222606868
222666586
222733649
222843541
222964815
222978181
222928097
222868002
222803257
222758643
222715711
222705101
222703797
222858421
222978917
222960398
222997399
222966247
222944354
222851831
222792158
222767992
222704069
222715842
222679404
222591895
222578511
222604757
222607698
222599854
222577292
222520495
222444922
222371797
222257942
222164448
222011766
221909085
221823875
221731788
221650261
221581815
221439635
221324887
221269057
221188699
221121433
221119613
221153991
221168348
221226276
221344793
221527491
221583410
221518015
221552029
221698629
221778311
221708176
221635632
221563552
221519067
221518717
221485743
221328614
221251618
221161742
221174054
221225776
221341601
221405324
221460158
221540938
221624438
221769431
221916769
222004597
222084721
222201831
222314593
222339740
222313227
222207366
222145690
222167970
222189389
222112345
222087076
222022491
221986048
221983796
221957771
221918430
221864207
221898891
221867989
221790445
221790234
221804908
221792190
221764749
221748274
221766566
221760618
221743117
221770310
221819503
221830768
221726970
221672258
221700312
221642838
221648803
221584989
221510126
221515004
221538574
221589031
221581012
221663969
221732325
221740703
221890421
222044033
222196514
222237202
222241809
222196131
222224151
222293040
222308668
222293843
222267429
222271315
222279234
222284694
