-124037852
-125411357
-126818517
-128270381
-129743454
-131227576
-132706999
-134178675
-135624443
-137034016
-138376533
-139608814
-140767435
-141863318
-142873349
-143812006
-144689068
-145496534
-146250152
-146976338
-147673949
-148351494
-149001226
-149580854
-149909022
-149894544
-149665690
-149357969
-149071076
-148821140
-148602573
-148407247
-148218398
-148031073
-147859877
-147737322
-147654645
-147591653
-147494752
-147351877
-147143089
-146999960
-146764502
-146500723
-146220307
-145908776
-145528538
-145057368
-144420209
-143669131
-142848584
-142011908
-141224635
-140531088
-139941681
-139449937
-138986260
-138443081
-137762107
-136965563
-136099931
-135265414
-134492746
-133704203
-132925820
-132159629
-131412488
-130702050
-130019044
-129358644
-128688465
-128001522
-127272288
-126523623
-125741303
-124940060
-124107702
-123254643
-122382661
-121488708
-120568593
-119631968
-118669943
-117682645
-116664105
-115619657
-114529108
-113377599
-112109250
-110781211
-109411770
-108021882
-106633137
-105260902
-103881936
-102510209
-101138609
-99778439
-98444177
-97153857
-95912940
-94746953
-93667580
-92703523
-91829890
-91022551
-90240612
-89473278
-88707087
-87937594
-87176864
-86401021
-85601810
-84823681
-84146136
-83639787
-83433539
-83386803
-83362927
-83352513
-83331939
-83300951
-83265137
-83232117
-83214337
-83201383
-83188937
-83174205
-83163029
-83161505
-83161759
-83164553
-83173951
-83188683
-83194271
-83187159
-83160743
-83122008
-83139915
-83389978
-83976845
-84772119
-85653372
-86525608
-87382731
-88220042
-89050749
-89878916
-90712925
-91541854
-92331667
-93035628
-93777308
-94562168
-95388049
-96248601
-97171891
-98193352
-99331145
-100579047
-101907975
-103270177
-104609265
-105917365
-107204383
-108456349
-109656626
-110812834
-111943769
-113049177
-114123978
-115137565
-116016278
-116722525
-117362351
-117957854
-118453027
-118821200
-119063643
-119219599
-119323866
-119394605
-119466995
-119597297
-119789194
-120054497
-120380252
-120754775
-121125488
-121492645
-121860056
-122220990
-122565033
-122868817
-123147455
-123442984
-123756293
-124125482
-124608336
-125191266
-125808105
-126493016
-127326390
-128337183
-129428494
-130577590
-131756531
-132937123
-134111492
-135294116
-136470390
-137645013
-138784838
-139891008
-140958062
-141981428
-142932912
-143780510
-144487392
-145064861
-145524093
-145800699
-145608802
-145073243
-144300575
-143376777
-142470378
-141625193
-140783183
-139875768
-138828399
-137477373
-135957691
-134416038
-132854192
-131289171
-129702179
-128102487
-126477395
-124832999
-123155710
-121474992
-119794655
-118110381
-116428393
-114753263
-113074196
-111408464
-109754924
-108129451
-106530140
-104969691
-103451279
-101997637
-100623370
-99338257
-98143695
-97083753
-96126046
-95239967
-94395798
-93590364
-92818839
-92071571
-91359990
-90728165
-90235532
-89775792
-89349453
-88954229
-88600153
-88241759
-87851234
-87367618
-86783799
-86103968
-85366860
-84626450
-83877404
-83117309
-82356198
-81621884
-80886808
-80115029
-79304007
-78440280
-77560678
-76758292
-76060427
-75367896
-74656315
-73981310
-73366249
-72842755
-72375649
-71912099
-71445374
-70947153
-70355079
-69680709
-68937886
-68163186
-67380485
-66635630
-65919223
-65226819
-64594740
-64030098
-63572009
-63221108
-62939422
-62728094
-62581663
-62414150
-62221618
-62039627
-61840491
-61560329
-61192918
-60783089
-60289440
-59748420
-59143011
-58524267
-57956196
-57541668
-57383680
-57529095
-57820687
-58146823
-58484516
-58819669
-59166506
-59541283
-59953779
-60414662
-61006355
-62043818
-63420244
-65040256
-66795777
-68542027
-70231381
-71841360
-73337674
-74522457
-75224767
-75691238
-75939777
-76089002
-76221717
-76362687
-76508102
-76683743
-76872719
-77099795
-77339444
-77572489
-77770482
-77925930
-78017243
-78052422
-78008861
-77902181
-77703680
-77431519
-77076681
-76646024
-76120879
-75475592
-74722736
-73874630
-72880855
-71792465
-70632447
-69438012
-68224527
-67002152
-65783079
-64572134
-63359284
-62182756
-61052456
-59972067
-58946415
-58006361
-57206261
-56552084
-56013096
-55568723
-55226331
-54985285
-54866794
-54880129
-54997350
-55209440
-55487316
-55828057
-56236108
-56680481
-57146190
-57649110
-58170318
-58714259
-59279282
-59863609
-60447428
-61011943
-61534802
-62025403
-62490096
-62938025
-63353823
-63759842
-64135127
-64487933
-64791463
-65065148
-65296288
-65503806
-65676653
-65802129
-65864105
-65857882
-65753996
-65553082
-65233550
-64772794
-64178942
-63469139
-62623573
-61649737
-60578111
-59489848
-58388504
-57320180
-56291480
-55361967
-54430041
-53436520
-52278915
-50855118
-49148619
-47303817
-45414438
-43517439
-41659175
-39866062
-38121336
-36449127
-34877883
-33446466
-32108648
-30854523
-29653230
-28479242
-27331035
-26196544
-25095200
-24074120
-23328503
-23074757
-23068534
-23256621
-23529671
-23900384
-24421846
-25148286
-26222960
-27567382
-28965525
-30386528
-31814770
-33288605
-34804223
-36382452
-38011862
-39709471
-41476803
-43319065
-45221779
-47188882
-49219866
-51314858
-53479446
-55693310
-57936511
-60218955
-62514099
-64819276
-67125215
-69419089
-71697469
-73955529
-76178664
-78375637
-80491838
-82460465
-84014945
-85310472
-86426040
-87405210
-88271223
-89037668
-89740105
-90359738
-90875993
-91258136
-91463114
-91512136
-91417267
