128457611
128427002
128423701
128344097
128167918
127854436
127516153
127120611
126742667
126478766
126324335
126027731
125721084
125413645
125091371
124757604
124362082
123838444
123282386
122700678
122044039
121420003
120662134
120126907
119906563
119815645
119946762
120068649
120199510
120269842
120264638
120357746
120405532
120489970
120644531
120802436
121022288
121233704
121361238
121424676
121558879
121758258
122027216
122308667
122560400
122753829
122882798
122964584
123026006
123027401
123001154
122946399
122857095
122725131
122489454
122103828
121457841
120735361
119970821
119226340
118426500
117214716
115634396
113789596
111725712
109697824
107611510
105481565
103383464
101266373
99167524
97127500
95131339
93183927
91292674
89426854
87670168
86035161
84470182
82921322
81373590
79895656
78528938
77300191
76161738
75091956
74047478
72999915
72008776
71022982
70104497
69242497
68435409
67717150
67052986
66488012
66026417
65861588
65646468
65317167
65097139
64845102
64534102
64119316
63700107
63285959
62854747
62407396
61995659
61547305
61032210
60428528
59849983
59217496
58588829
58000894
57474304
57013640
56537911
56034861
55505841
54965216
54408862
53833564
53325418
52788668
52270099
51744556
51213902
50756899
50369599
49962350
49638535
49392572
49181894
48964247
48754503
48489417
48207487
47940040
47802589
47588404
47364536
47136165
46930686
46729637
46575161
46470413
46442570
46417655
46398281
46425024
46524501
46638423
46801986
47006406
47345682
47824611
48407830
49036029
49690852
50446051
51239687
52118648
53113283
54181507
55347131
56627011
57948335
59269134
60663847
62128566
63725969
65393888
67093328
68791405
70392007
71755827
73030618
74183662
75327197
76398649
77495427
78607316
79761971
80960129
82277781
83628512
85045474
86565148
88152450
89762665
91404932
93022313
94621498
96199368
97768992
99352228
100956414
102495170
103993082
105476279
106895273
108378983
109895615
111294229
112683209
114094542
115441069
116729913
117991143
119244360
120454800
121603772
122694793
123669928
124654948
125630378
126635143
127602547
128501936
129390451
130284756
131121729
131857550
132495265
132980375
133531480
134141854
134759389
135455522
136209464
137057912
137884746
138545687
139264208
139949883
140563349
141152777
141772242
142481890
143310495
144141920
144884239
145598430
146285162
146950264
147630950
148225416
148801737
149426484
150102510
150784863
151459773
152148619
152880864
153739226
154528754
155245758
155954481
156733972
157578211
158435412
159219636
159907307
160421749
160873434
161352624
161893910
162435903
162942050
163434732
163944107
164412763
164845117
165244404
165554012
165722918
165893793
166131682
166336093
166462516
166459542
166290142
166083880
165968438
165891397
165757644
165673393
165647963
165622121
165585708
165532325
165468306
165385899
165272413
165177865
165068000
164950717
164808345
164638113
164425773
164269323
164190488
164177973
164230481
164511259
164943668
165572419
166290829
167027930
167782692
168584344
169366982
170128698
170877593
171654787
172437289
173157318
173806933
174428053
175042779
175645646
176240474
176859359
177506109
178123142
178699498
179264621
179818727
180340727
180852145
181305350
181717809
182095374
182437243
182734871
182979727
183182838
183380795
183570936
183715166
183806996
183846108
183884079
183852870
183740674
183586154
183386322
183142373
182853154
182488781
182086926
181671195
181240663
180806025
180283326
179775531
179287617
178796753
178347867
177936759
177572638
177246739
176859839
176457067
176099299
175788969
175499711
175238447
174974321
174726109
174495747
174271565
174063021
173843273
173634405
173427713
173226395
173015429
172802313
172586515
172376415
172156023
171917583
171636795
171358747
171091881
170841903
170589823
170348433
170107913
169869937
169631205
169387089
169143827
168897155
168650269
168404849
168169643
167977069
167769415
167529651
167253873
166966603
166708207
166489624
166300151
166131421
165972409
165874941
165892421
166072889
166348764
166720749
167129265
167425821
167601917
167880893
168195448
168498162
168774135
169013861
169234612
169483532
169775000
170070575
170382273
170695748
171009128
171346234
171666116
171865897
171943379
171940271
171911711
171849235
171811879
171782781
171766807
171730873
171702615
171711118
171801777
171921940
172000232
172090236
172168743
172321558
172528667
172746153
172955232
173148470
173417407
173766370
174146301
174506975
174867555
175255116
175679975
176128901
176499394
176784279
177197105
177735270
178158475
178377913
178528735
178669900
178780618
178920059
179048358
179221189
179394546
179591135
179792129
179988434
180122022
180299474
180413988
180511413
180520504
180449460
180356581
180283022
180171320
180044750
179988004
179823523
179427108
178783175
178085882
177446546
176963055
176668020
176441154
176194911
175705036
175078035
174489379
173892310
173062080
172307355
171630971
171008966
170348618
169711783
169119570
168594736
168047966
167499830
166953974
166432836
165958558
165490806
165123214
164786774
164529379
164304020
164066560
163744397
163379988
163167802
162968180
162688106
162398371
162056858
161666168
161426273
161103612
160773806
160493807
160261078
160076264
159892529
159757753
159640484
159505073
159415340
159293660
159095068
158695141
158241282
157717135
157320652
156978278
156883841
156686257
156205106
155864637
155607791
155486930
155500193
155535276
155619624
155878811
156243518
156633531
156929178
157132566
157253587
157392224
157584867
157786435
158011547
158206103
158238236
158115510
157869229
157307123
156776190
156294579
155839422
155458761
155185020
154830041
154525736
154243463
153842420
153434546
152955927
152528065
152011578
151470406
151268738
151068301
150911530
150741907
150326664
149605235
148928966
148297225
147520566
146547776
145746544
145184023
144632366
144044295
143533626
143024863
142584782
142146920
141754832
141373402
141037438
140760600
140598986
140341121
140190682
140050064
139951934
139899668
139817537
139776992
139788204
139834256
139895993
140041748
140274454
140827246
141507673
142168908
142669333
142938999
143166335
143582662
144163023
144782518
145352076
145864680
146542398
147232823
147891544
148484732
149088466
149691735
150261114
150779960
151214687
151526797
151780884
152029555
152197555
152464631
152764455
153146772
153381052
153535300
153637872
153769229
153914856
154088085
154324981
154600180
154898047
155212914
155510593
155708285
155927641
156174919
156371179
156555979
156670589
156731334
156820157
156813973
156800275
156799292
156783931
156730365
156615415
156439518
156296546
156156589
155976679
155755861
155594686
155471052
155354377
155231930
155028865
154743294
154361569
153921728
153411582
152855748
152326662
151791880
151286084
150820800
150393892
150006664
149652578
149351689
149105061
148920088
148778741
148679691
148851311
148981227
149028387
148981247
148902838
148842716
148793715
148715015
148660051
148592210
148502065
148363534
148197991
147997595
147623405
147160044
146724149
146288151
145888487
