-1995507
-2071442
-2027157
-1876137
-1876689
-1963983
-2011125
-2211906
-2442430
-2540874
-2527474
-2511850
-2447605
-2420221
-2184179
-1879087
-1605273
-1133549
-671155
-157295
207037
601136
882601
1043015
1034074
931954
642291
371099
50125
-367613
-972150
-1621043
-2164680
-2705930
-3158637
-3269601
-3318996
-3362726
-3340673
-3393589
-3506716
-3484445
-3466507
-3497278
-3515379
-3519904
-3389325
-3431019
-3329998
-3229403
-3074694
-2982702
-2784955
-2537736
-2319879
-2250584
-2282713
-2155240
-2044337
-1978454
-1894865
-1918402
-1785307
-1760355
-1818189
-1652634
-1715442
-1654077
-1593049
-1548099
-1524490
-1437561
-1438131
-1309271
-1108429
-868726
-414704
73875
578809
1014329
1302530
1459367
1435188
1364952
1258833
1249742
1053620
736906
128611
-356752
-974180
-1497903
-2045872
-2357285
-2668831
-2821858
-2997193
-3135967
-3271067
-3370690
-3434610
-3418457
-3463295
-3349830
-3211376
-3103093
-3043434
-2952112
-2873581
-2716615
-2693144
-2636338
-2552227
-2535427
-2444477
-2283989
-2225005
-2100088
-1869103
-1791556
-1765725
-1543121
-1343357
-1383741
-1444851
-1549478
-1598044
-1790406
-1683231
-1547970
-1251321
-1104342
-1046260
-755827
-439750
90881
636728
1177227
1410908
1659595
1863167
1975154
2028860
1876846
1737540
1626058
1231184
894228
400641
-13819
-471767
-853567
-1158342
-1260356
-1419842
-1688563
-1716528
-1812046
-1860679
-1863018
-1772019
-2004930
-2201616
-2280458
-2258739
-2346485
-2297158
-2156867
-2051223
-2089130
-2054097
-1877861
-1699546
-1653378
-1619452
-1615430
-1623496
-1745980
-1849324
-1817053
-1609014
-1559901
-1577939
-1586817
-1757948
-1946166
-2050557
-2067424
-2019311
-1794892
-1763166
-1545198
-1320214
-992101
-409177
181772
744170
1097953
1313483
1531081
1653934
1734178
1601367
1322649
1083574
708519
284664
-365623
-1095398
-1744556
-2330312
-2855555
-3134193
-3297525
-3433098
-3439164
-3500829
-3588980
-3531295
-3517722
-3469779
-3450468
-3460828
-3322011
-3336812
-3258173
-3084732
-2901960
-2680228
-2473113
-2279825
-2060379
-1869085
-1907511
-1753270
-1633109
-1463956
-1409556
-1485664
-1481800
-1463664
-1532794
-1435881
-1421157
-1214742
-1231404
-1220736
-1108853
-1052319
-1085633
-871910
-541856
-234747
170471
639390
1224859
1669660
1900079
2075453
2140983
2145443
1993305
1810622
1594463
1247698
682227
140749
-522767
-1058244
-1627690
-1985330
-2206708
-2489614
-2842950
-3031593
-3120597
-3301509
-3326131
-3404923
-3471673
-3403163
-3294705
-3188717
-3109022
-2863214
