42893962
43067216
43261477
43453120
43622750
43794704
43952016
44072118
44179360
44322362
44530108
44774644
45062486
45344531
45622305
45863287
46058882
46210603
46355804
46498466
46615155
46741089
46869432
46976921
46924127
46689378
46290602
45827396
45226996
44589782
44143088
43680685
43101989
42456428
41868257
41475624
41229651
40908079
40459912
40110060
39922752
39813375
39754599
39691389
39743488
39860612
39783235
39651116
39594990
39571216
39555868
39552376
39602176
39781418
40128780
40450589
40756115
40969001
41165391
41346172
41527432
41703992
41869924
42028640
42169841
42262560
42338758
42405760
42507807
42605480
42762866
42916406
43058630
43224177
43463511
43733006
43942532
43976415
43990614
44016961
43972218
43832619
43354463
42625357
41788466
40959648
40298611
39844651
39609412
39658153
39774706
39963358
40509444
41032218
41466275
41736263
41808063
41726086
41636166
41594445
41619195
41776041
41835625
41796340
41743049
41659687
41583550
41581177
41639837
41833974
42150301
42415460
42639802
42883407
43123005
43331675
43487774
43620128
43769476
43890903
44007355
44163981
44331021
44543904
44776355
45044188
45284399
45565116
45794084
45990059
46156517
46318204
46471736
46590229
46726404
46854330
46946842
46936654
46703338
46345796
45905377
45370294
44701553
44200054
43768985
43246989
42604729
42077190
41636810
41343394
40999823
40586161
40226919
39989326
39907455
39884639
39866340
39848830
39955501
39907693
39859850
39770381
39697374
39656831
39622293
39635154
39806286
40139352
40477329
