10758273
10795665
10773744
10832046
10873501
10881280
10888573
10915010
10908461
10946033
10907261
10939352
10950033
10921691
10873757
10879914
10947452
10952999
10987835
11090877
11149175
11074546
11016598
10955647
11016362
11023668
11041052
11078735
11122391
11146127
11203613
11265276
11198419
11232535
11271437
11293948
11354712
11425814
11462742
11565799
11649119
11683225
11729254
11755644
11719226
11771636
11855873
11836641
11928155
12049540
12044409
12134515
12150475
12101113
12227680
12181662
12111303
12202414
12283352
12249403
12223746
12235725
12199100
12187660
12189071
12088836
12162310
12166290
12103122
12209408
12216097
12180855
12235411
12212322
12135411
12081098
12178919
12109590
12089772
12072693
11921454
11844220
11832404
11672305
11571730
11579025
11500806
11446592
11435355
11347254
11287565
11240718
11099532
10961533
10960843
10840517
10831271
10844996
10745728
10761024
10822239
10751150
10709893
10739541
10698380
10667491
10668200
10577278
10505433
10683177
10668851
10732758
10731116
10614943
10590935
10580067
10476479
10476840
10485534
10477089
10437545
10457723
10435494
10426582
10529377
10535509
10513302
10571224
10586867
10559082
10592697
10620862
10667372
10707808
10684636
10756631
10799415
10809693
10816842
10840054
10827563
10859000
10832901
10864648
10876117
10850243
10799537
10804297
10871222
10882507
10923298
11019972
11089506
11018690
10960790
10890251
10952578
10952400
10968263
11019673
11071080
11088600
11162700
11226706
11167646
11223597
11253996
11266458
11317030
11391577
11427112
11534976
11617764
11635579
11686563
11700457
11663552
11714177
11797290
11770382
11873204
12003750
11995200
12090117
12107243
12056300
12185698
12126623
12054467
12147335
12228138
12194882
12176734
12193538
12149618
12149131
12144882
12039970
12119385
12128705
12069204
12192530
12196723
12157936
12214981
12198260
12103846
12048957
12150876
12068230
12066217
12055787
11898820
11819341
11800700
11635949
11530833
11544202
11457886
11421347
11410526
11304189
11244248
11201756
11065633
10921289
10915994
10798112
10791957
10802082
10694679
10723007
10774878
10695491
10654294
10679250
10630193
10588929
10590574
10494842
10429764
10599431
10576524
10641775
10635349
10506101
10473032
10461305
10353381
10343969
10351108
10342640
10296757
10323233
10292052
10288879
10385950
10390450
10373327
10432167
10450655
10423783
10462392
10481446
10532756
10578025
10553509
10615997
10647725
10660392
10673292
10690832
10681100
10722542
10701618
10730160
10749388
10723747
10681541
10694881
10752986
10778769
10823419
10916518
10982156
10923289
10868498
10792084
10863730
10872733
10888406
10945535
10998574
11016742
11096842
11161655
11106778
11154708
11188634
11202662
11257193
11321997
11352133
11461164
11543355
11552394
11602693
11612450
11568185
11626952
11712801
11683040
11793992
11918658
11913341
12019283
12029662
11974158
12105405
12051580
11981777
12080040
12166963
12115407
12106528
12124628
12080333
12089958
12084217
11973417
12055146
12066789
11999016
12117869
12136585
12080350
12136684
12129720
12032881
11982311
12072982
11997776
11995532
11988213
11838379
11769246
11747820
11581074
11484879
11497927
11408659
11382928
11368590
11255629
11197572
11166045
11023322
10899093
10894486
10774595
10765911
10767553
10652802
10665765
10702645
10628048
10584090
10622651
10570842
10524434
10522362
10420610
10360881
10526368
10501702
10563596
10559547
10428698
10384509
10386527
10277903
10253307
10275214
10267844
10239250
10252318
10215924
10222970
10320865
10323069
10324060
10379567
10391239
10375821
10416358
10430261
10491904
10539858
10513389
10582549
10614320
10606043
10615967
10624064
10616069
10669766
10654515
10689920
10728460
10692782
10648441
10663671
10713854
10742962
10779033
10873725
10937390
10875699
10818757
10746771
10818233
10833973
10845419
10905851
10950716
10982104
11062325
11122897
11054569
11122647
11165185
11158458
11210240
11273825
11296087
11409286
11482529
11474380
11518170
11534129
11487008
11553695
11635552
11600223
11708935
11844288
11840159
11959874
11980153
11926663
12064061
12019174
11945518
12062338
12139604
12083666
12084960
12094385
12046466
12059926
12059834
11956950
12030318
12039898
11967365
12076935
12096913
12036063
12107391
12104955
12005428
11958155
12057781
11978004
11980141
11983543
11835715
11776982
11756978
11589716
11512026
11539689
11456962
11432576
11422023
11305382
11243823
11211117
11069610
10951623
10946911
10817926
10820330
10810923
10680001
10673828
10705375
10622073
10589100
10620597
10554688
10500350
10512301
10403333
10340372
10509794
10492360
10543342
10539933
10410874
10366085
10363748
10242856
10225289
10231491
10212736
10194230
10210961
10168078
10172555
10260470
10247535
10247482
10301660
10300403
10288793
10315354
10312693
10370723
10414209
10381431
10444714
10480954
10459712
10460313
10469946
10442463
10506135
10498770
10535222
10572506
10542772
10500399
10521661
10574496
10620474
10652775
10742326
10806539
10747022
10689711
10624181
10699807
10718915
10745251
10815713
10855069
10876755
10976749
11046141
10966045
11034107
11064877
11053953
11105962
11176670
11197196
11315912
11397739
11375561
11424762
11455753
11409641
11488689
11572766
11531821
11628164
11756620
11747072
11859039
11883229
11829639
11971215
11940075
11872588
11984568
12062983
12005849
12022283
12030895
11988359
12008541
12009593
11888908
11970461
11984882
11911685
12011748
12033776
11955883
12031147
12018715
11897656
11837946
11937339
11854386
11872818
11882065
11743576
11679339
11659290
11483615
11408334
11441878
11352172
11330541
11324148
11190369
11134615
11114825
10983358
10882060
10886555
10762395
10774704
10759279
10623733
10617674
10639148
10562110
10525833
10554537
10485592
10430859
10438774
10318602
10251722
10435021
10417723
10470009
10469205
10354066
10318638
10323189
10206434
10209980
10232533
10218975
10191035
10206055
10158145
10165438
10248705
10241985
10245759
10290505
