46491090
45898626
45309530
44713514
44123450
43532370
42942034
42362330
41849226
41428978
41065082
40749034
40511658
40313026
40151186
40008362
40430356
40787225
41084529
41294425
41443593
41555641
41676657
41749745
41749497
41676769
41606897
41550977
41450817
41284847
41133916
41049010
40989605
40946711
40910792
40839256
40732900
40607672
40513164
40426146
40325603
40186993
40057910
39917414
39832442
39753043
39676219
39661613
39678557
39699157
39731849
39773969
39827237
39912137
40021519
40134646
40257244
40397138
40557063
40822248
41072505
41283793
41450489
41575945
41666105
41685801
41551849
41312905
41225617
41125481
40941625
40698465
40418169
40067593
39676969
39236921
38792929
38325065
37866393
37402849
36951169
36509185
36052529
35613649
35196153
34827977
34480033
34196569
34109521
34116505
34207387
34297950
34393616
34466261
34475469
34448109
34398221
34311442
34258952
34242482
34214567
34228467
34233349
34222128
34218872
34195424
34137778
34005415
33870101
33735047
33623082
33554264
33512866
33485275
33428088
33285196
33131541
32981671
32921561
32916381
32971285
33058349
33192717
33283835
33406185
33586969
33855321
34296745
34870657
35280185
35613521
35904473
36162857
36372185
36528401
36637089
36686689
36649281
36489609
36223017
35975193
35699241
35411689
35143521
34850121
34554997
34238847
33939624
33590049
33086145
32533193
32084169
31750625
31489201
31296017
31184937
31156377
31200865
31323929
31475049
31628713
31785361
31943161
32103465
32276401
32433916
32580790
32737880
32936683
33088329
33237261
33382128
33494384
33631048
33773325
33887114
34064622
34298262
34585373
34801181
34970518
35080543
35214800
35348930
35572955
35797691
35979255
36129667
36272062
36372961
36463733
36580209
36743193
36947226
37184839
37470657
37806822
38224344
38702098
39313240
40033542
40721833
41390842
42028827
42657021
43314013
44030577
44752111
45486118
46206637
46904373
47569989
48028941
48309861
48469789
48538949
48604549
48565717
48437509
48173573
47738293
47273405
46808797
46356741
45920221
45518941
45138506
44779651
44413850
44071752
43757506
43435340
43157414
42941832
42766222
42619200
42535374
42445246
42351149
42257508
42181858
42091997
41990556
41909203
41887161
41834922
41731356
41689176
41662414
41623002
41651266
41687837
41721499
41720293
41703377
41676052
41677970
41655661
41609699
41529665
41480627
41442477
41387626
41355925
41342376
41309314
41241763
41114461
40977638
40814295
40640513
40462751
40261878
39936473
39619520
39324707
39050739
38729435
38430123
38181587
38051555
38052667
38050507
38061859
38156803
38313843
38504459
38757163
39085828
39449009
39821883
40203589
40589077
40927141
41181461
41354461
41492621
41589725
41685957
41726445
41684765
41613829
41558357
41487701
41364939
41177294
41037219
40967603
40909115
40867873
40834849
40738145
40624952
40493796
40388829
40303719
40201316
40072419
39936507
39789346
39714516
39644670
39575337
39574201
39591741
39614801
39654931
39707858
39776432
39879159
39985406
40096116
40210166
40344695
40604924
40866933
41105794
41298962
41442762
41568106
41640698
41589906
41359106
41199450
41118626
40979986
40766498
40510666
40209906
39837330
39427938
38988002
38523394
38060658
37603746
37147914
36710386
36250162
35812410
35379802
34998354
34653746
34322690
34080874
34061690
34113492
34219489
34315076
34407572
34452660
34447996
34412141
34353786
34283532
34249166
34230595
34211588
34224103
34211568
34199488
34204344
34165982
34100335
33969468
33850320
33724242
33629581
33573194
33538904
33503998
33394682
33238801
33099442
32984679
32949349
32974604
33043007
33148483
33228959
33350643
33494817
33712529
34057025
34620505
35119641
35502785
35821825
36101553
36332401
36519457
36654281
36745209
36762929
36704737
36492153
36228145
35981425
35694241
35413217
35119977
34821722
34498987
34184894
33871352
33489440
32955376
32399040
31992048
31690040
31454688
31302160
31232880
31237240
31287312
31392424
31687712
31962624
32228296
32494912
32780344
33095048
33418081
33757777
34096470
34474414
34816282
35162408
35490461
35790466
