49003596
49255972
49475689
49576080
49744371
49876243
49961163
49948836
49788106
49641989
49500148
49319892
49134604
48853851
48549724
48240058
47984241
47688927
47329566
47051563
46932029
46861615
46802333
46739879
46683210
46605572
46543238
46498973
46456632
46415363
46385102
46354640
46339955
46325851
46325851
46325851
46416531
46506787
46560267
46627740
46683372
46721868
46748116
46776244
46793468
46815220
46833140
46847676
46874444
46897604
46918876
46941836
46967412
46994972
47025020
47058076
47093620
47144492
47200996
47262164
47332292
47422060
47507788
47525996
47628477
47778147
47906004
48062543
48201373
48371112
48565694
48768063
48951219
49159185
49365166
49484669
49657158
49863830
49989644
49948909
49855570
49730107
49593901
49444985
49311371
49160955
48987307
48806399
48615334
48416205
48204478
47965200
47740015
47484893
47231739
46977732
46723549
46460011
46205536
45939179
45680710
45425654
45187901
45024127
44761525
44488101
44317787
44278875
44224509
44165468
44099502
44099502
44099502
44099502
44099502
44099502
44099502
44099502
44099502
44099502
44099502
44121510
44226870
44287934
44298174
44359190
44427539
44513963
44574107
44630763
44660206
44676870
44713954
44817639
44953953
45076778
45229467
45289496
45320773
45404854
45516639
45644822
45778559
45897963
46008916
46097872
46206635
46314235
46393963
46516238
46630943
46729475
46832520
46923997
47017575
47100337
47193561
47264794
47344485
47401765
47454059
47490619
47449328
47502868
47565163
47523960
47330401
47157657
47007219
46855930
46617415
46366749
46084840
45819954
45537409
45282961
45059667
44914786
44676581
44444649
44307541
44307541
44307541
44351773
44370629
44382413
44390261
44412717
44449621
44503282
44589559
44648636
44570452
44526700
44482516
44432935
44477230
44554425
44566764
44560222
44550209
44536160
44524610
44522350
44547682
44606600
44720830
44854444
44959129
45066974
45178658
45301629
45432981
45553341
45679845
45805566
45948415
46100932
46273660
46447705
46617625
46790497
46986794
47184098
47395615
47628086
47855196
48064675
48281930
48520445
48771111
49053020
49317906
49600451
49854899
50078193
50223074
50461279
50693211
50830319
50830319
50830319
50830319
50678519
50569911
50485919
50409703
50320975
50250183
50198639
50147231
50175183
50173751
50181239
50202540
50218333
50244346
50275199
50327365
50369935
50424088
50451182
50484279
50508488
50472675
50391445
50302723
50206838
50122773
50059278
50004072
49950517
49895794
49844175
49773736
49694945
49603462
49505019
49373176
49232753
49106026
48913255
48732062
48498150
48267552
