57074663
56881481
56725856
56607854
56451522
56204882
55850273
55392570
54822093
54341455
54020939
53884744
53918272
54024879
54131007
54323081
54623142
55039369
55555724
56101734
56494369
56739162
56827652
56816734
56829134
56849332
56900076
56986045
57098596
57244175
57425989
57631103
57837440
58035223
58235245
58407715
58572838
58718516
58836489
58949248
59043252
59094806
59153022
59163406
59131446
59073150
59007056
58913770
58790128
58646805
58504636
58342864
58157023
57967598
57781558
57587574
57384824
57203031
57013757
56843542
56714576
56545486
56223050
55818376
55306207
54747064
54305616
54036056
53974086
54044936
54129972
54246047
54459476
54793209
55217188
55763399
56236282
56554233
56724866
56758726
56723468
56724842
56736933
56783047
56868286
56978676
57131816
57323564
57521901
57730451
57940337
58115285
58298089
58456851
58583056
58699587
58793583
58869313
58928614
58953214
58929278
58894065
58822848
58734264
58626448
58507891
58351926
58190665
58033791
57847444
57652058
57464062
57277102
57082619
56892031
56740611
56621967
56480965
56247065
55910088
55458558
54931371
54442154
54078972
53907808
53903659
54007071
54100462
54250494
54542936
54915462
55417163
55967992
56405802
56706019
56816659
56803977
56797943
56821842
56873946
56959167
57075921
57219459
57403089
57609291
57818539
58035981
58254486
58435496
58611414
58768229
58891991
59000667
59094138
59154712
59204008
59227856
59195960
59133814
59052113
58962623
58850756
58722192
58582223
58424430
58238897
58059238
57891603
57706274
