260478875
260807690
261141073
261471170
261803513
262131523
262460482
262784252
263102981
263413140
263724721
264034860
264350444
264675418
264995629
265301292
265604708
265901283
266202419
266502604
266817442
267150880
267478016
267809665
268127329
268434307
268741382
269021910
269303473
269559708
269811941
270063207
270326573
270575889
270827345
271072549
271320357
271560751
271807180
272053465
272304206
272550947
272791687
273022287
273259575
273504288
273744464
273969244
274169717
274357616
274558990
274760080
274961634
275160945
275364429
275569179
275768455
275960146
276152972
276340404
276527878
276706038
276882972
277058887
277230853
277410441
277588320
277762040
277935443
278112144
278291255
278468526
278647823
278831817
279011802
279189227
279365791
279543233
279721319
279894434
280064130
280242171
280424501
280600148
280774784
280943626
281110355
281269633
281424948
281577182
281732674
281869315
282003763
282135651
282262909
282385941
282505912
282618139
282731898
282843601
282960021
283075356
283197574
283322342
283448021
283571587
283693921
283811064
283925410
284034933
284142974
284249399
284355256
284460866
284560798
284647588
284733567
284826369
284927115
285033222
285130630
285219963
285313108
285407398
285509028
285610935
285710979
285809434
285905906
286001203
286099177
286198503
286297709
286393944
286484885
286571540
286647193
286724338
286803736
286883144
286961821
287044320
287131512
287218300
287302214
287386906
287471638
287558089
287645892
287736826
287825039
287915204
288003753
288089321
288175186
288260884
288344596
288424029
288501713
288578202
288652398
288746134
288840808
288934651
289027713
289121506
289217068
289313461
289410962
289503633
289602913
289704149
289809454
289913427
290013845
290105611
290195077
290282243
290369409
290457059
290545677
290634068
290717362
290798463
290876867
290964611
291053146
291129738
291203810
291279698
291354431
291426016
291495858
291573324
291648203
291721226
291794249
291868013
291942725
292014266
292083160
292150325
292217974
292286838
292356867
292425968
292491771
292554463
292614795
292674920
292734848
292794776
292854704
292914632
292973295
293030950
293087607
293147612
293206492
293265649
293326198
293387281
293448057
293508289
293567770
293625295
293681675
293734807
293786053
293840320
293892167
293943697
293994683
294046774
294098825
294150292
294204496
294255602
294306037
294350704
294391706
294429340
294466974
294504124
294541274
294578928
294616582
294653999
294691920
294731016
294770112
294810907
294853421
294893752
294930221
294963292
294994150
295026173
295059668
295090546
295121928
295147105
295171294
295194455
295216875
295238454
295258354
295277029
295295981
295317176
295338855
295363685
295388031
295419123
295447034
295472298
295495419
295520773
295545139
295565029
295583614
295601665
295618294
295635664
295652036
295666452
295678161
295688882
295698872
295709336
295718812
295725551
295730304
295735057
295742804
295751796
295762270
295776983
295791192
295805608
295821536
295838709
295854667
295868392
295881109
295891573
295902037
295906573
295911346
295914607
295917127
295920151
295925161
295929904
295934647
295939390
295944133
295948876
295953619
295958362
295963105
295967848
295972591
295977838
295984093
295989844
295995595
296001850
296008609
296013856
296019103
296024350
296029597
296034844
296040091
296045338
296050585
296054617
296058649
296062681
296066713
296070745
296074777
296078809
296082841
296085865
296086873
296087881
296088889
296089897
296088652
296083188
296078969
296075995
296076499
296075995
296075995
296075995
296075995
296075995
296075995
296075995
296075995
296075995
296075995
296075995
296075995
296075995
296075995
296075995
296075995
296075995
296075995
296075995
296075995
296075995
296075995
296075995
296075995
296075995
296075995
296075995
296075995
296075995
296075995
296075995
296075995
296075995
296075995
296075995
296075995
296075995
296075995
296075995
296075995
296075995
296075995
296075995
296075995
296075995
296075995
296075995
296075995
296075995
296075995
296075995
296075995
296075995
296075995
296075995
296075995
296075995
296075995
296075995
296075995
296075995
296075995
296075995
296075995
296075995
296075995
296075995
296075995
296075995
296075995
296075995
296075995
296075995
296075995
296075995
296075995
296075995
296075995
296075995
296075995
296075995
296075995
296075995
296075995
296075995
296075995
296075995
296075995
296075995
296075995
296075995
296075995
296075995
296075995
296075995
296075995
296075995
296075995
296075995
296075995
296075995
296075995
296075995
296075995
296075995
296075995
296075995
296075995
296075995
296075995
296075995
296075995
296075995
296075995
296075995
296075995
296075995
296075995
296075995
296075995
296075995
296075995
296075995
296075995
296075995
296075995
296075995
296075995
296075995
296075995
296075995
296075995
296078248
296084720
296089947
296095174
296095678
296096182
296096182
296096182
296096182
296096182
296096182
296096182
296096182
296096182
296096182
296096182
296096182
296096182
296096182
296096182
296096182
296096182
296096182
296096182
296096182
296096182
296096182
296096182
296096182
296096182
296096182
296096182
296096182
296096182
296096182
296096182
296096182
296096182
296096182
296096182
296096182
296095678
296095174
296093662
296092150
296090134
296088118
296085865
296082871
296078652
296078148
296075391
296070885
296068632
296064670
296061192
296059680
296059176
296059176
296058672
296058168
296058168
296058168
296058168
296057160
296055648
296054136
296052624
296051112
296049600
296048088
296046576
296045064
296042544
296040024
296037504
296034984
296032464
296029944
296027424
296024904
296022384
296019864
296017848
296015832
296010822
296004567
295996563
295987818
295976850
295965882
295955418
295944954
295940418
295934874
295928826
295922037
295913262
295904487
295895712
295886937
295878162
295869387
295860612
295851837
295840602
295830612
295821126
295812381
295803636
295794150
295784160
295772925
295759497
295746810
295733619
295721673
295708966
295695518
295680064
295662614
295640204
295617794
295595384
295572974
295550564
295528154
295505744
295483334
295462199
295441568
295420433
295399802
295374054
295347298
295320769
295293469
295264193
295233692
295202213
295172700
295149993
295126278
295095223
295059555
295021901
294984247
294946593
294908939
294871285
294833631
294795977
294758323
294720492
294682127
294643238
294606809
294572416
294536304
294495489
294446830
294394092
294341087
294288586
294236322
294178193
294119560
294060423
293999310
293938988
293877164
293817059
293758149
293706329
293652553
293593413
293525541
293454054
293382053
293309588
293241015
293173964
293106202
293034311
292956869
292878589
292800219
292718391
292640268
292566167
292488568
292411186
292327442
292241121
292154473
292072448
291988380
291902793
291806461
291702331
291592533
291470734
291343978
291214388
291079901
290943848
290805611
290660240
290508904
290356406
290196821
290035026
289867620
289701349
289528789
289354823
289174434
288981374
288790636
288618551
288435441
288250164
288066310
287878211
287675698
287472405
287264836
287055983
286845734
286633985
286408636
286174349
285921477
285668794
285418177
285168954
284916749
284665118
284401538
284125938
283839317
283553402
283269246
282988401
282702659
282409330
282107602
281798194
281478719
281157480
280834543
280517109
280197108
279872326
279539358
279198269
278845781
278518276
278190731
277856967
277521916
277188327
276850140
276503677
276148299
275784811
275421634
275047320
274655875
274284259
273926782
273559132
273181056
272793313
272395730
271975261
271560073
271153143
270726041
270290256
269858872
269427620
