50161524
50161524
50161524
50161524
50161524
50161524
50161524
50161524
50161524
50161524
50161524
50161524
50161524
50796124
51347662
51980180
52616052
53215620
53749361
54246867
54754519
55270742
55841898
56397267
56946683
57519040
58053897
58594274
59092319
59436534
59915540
60444437
60891518
61247949
61584540
61930151
62243982
62531924
62809544
63131007
63597291
64089565
64620520
65054509
65531206
66085406
66656395
67210454
67775531
68370627
68903679
69435121
70055293
70640052
71231623
71840369
72425271
72982565
73590771
74179021
74774285
75353702
75960891
76541706
77166157
77778387
78297285
78614581
78614581
78614581
78614581
78614581
77939133
77924271
77882637
77864939
77852305
77854935
77860177
77861863
77865153
77870903
77870049
77869195
77868341
77867487
77868569
77870159
77871749
77873339
77427025
77405224
77405224
77408128
77408128
77376474
77372440
77439626
77438177
77462735
77650924
77644883
77655045
77709964
77761904
77809197
77863737
77900030
77976640
78053416
78143388
78226659
78260238
78265062
78317463
78306245
78290896
78267176
78236141
78207144
78180169
78153159
78097580
78011812
78011812
78011812
78011812
78011812
78011812
78011812
78011812
78011812
78011812
78011812
78011812
78011812
78011812
78011812
78011812
78011812
78011812
78011812
78011812
78687260
78699682
78736132
78744094
78756224
78752090
78736392
78727602
78724312
78669284
78598003
78552191
78512792
78513646
78500916
78420545
78411235
78327438
78732358
78707346
78633829
78617645
78617645
78568295
78556884
78533229
78474513
78495235
78460970
78402204
78420108
78416552
78393144
78446256
78475376
78443429
78410063
78382952
78387498
78407507
78435436
78454316
78482691
78516749
78548002
78571722
78602757
78631754
78658225
78683267
78738846
78824614
78824614
78824614
78824614
78824614
78824614
78824614
78824614
78696118
78560841
78420584
78250048
78100944
77973311
77826431
77683503
77561442
77427970
77322698
77195506
77081090
76993457
76908588
76816503
76708791
76607855
76519775
76440327
76365898
76347115
76336858
76292028
76267876
76202564
76158803
76150352
76042079
76001526
75907687
75823524
75771412
75639556
75416690
75284398
75259963
75244064
75275190
75226126
75235246
75271859
75249883
75253843
75302581
75269005
75245949
75284011
75307984
75341682
75330810
75312338
75299410
75292818
75291450
75289986
75289986
75289986
75289986
75289986
75290490
75292458
75292458
75292458
75292458
75292458
75121638
74833542
74470380
74054386
73616148
73289740
72974094
72669736
72415502
72171340
71942176
71772098
71627188
71409328
71148224
70844644
70571694
70243130
69906466
69549753
69188044
68818378
68437627
68087331
67734990
67401099
67096123
66828394
66631693
66370490
66086707
65807765
65502450
65222304
64906768
64659492
64392811
64133176
63961847
63917856
64042087
64039852
64000003
63987685
63971831
63952887
63940627
63925572
63912369
63883659
63822572
63721302
63614908
63521476
63458587
63441643
63460115
63473547
63480139
63483947
63485915
63485915
63485915
63485915
63485915
63177019
62861411
62529035
62170691
61806312
61422373
61196215
61087969
61021432
61009433
61014947
60993430
60986150
60968168
60906538
60821987
60698660
60509810
60302913
60143836
60011883
59919373
59809453
59727167
59646264
59604507
59549087
59524699
59509854
59450606
59380891
59290191
59159107
59030811
58810753
58601342
58441364
58275505
58147192
58050118
57991024
57873613
57789090
57697611
57529105
57339125
56973830
56593139
56260140
55897600
55547487
55217015
54869546
54539816
54227192
53936364
53698976
53606510
53734192
53851584
53937721
53975873
53975873
53975873
53975873
53975873
53975873
53975873
53975873
53975873
