188619927
188652812
188822905
189005260
189336889
189551044
189666527
189989605
190312219
190650791
190983127
191302126
191624523
191956931
192290783
192615988
192913558
193219522
193537313
193852567
194163111
194476662
194801625
195125735
195460412
195796897
196136887
196483883
196839088
197191695
197539896
197874614
198204320
198536080
198866488
199196305
199527744
199858658
200185566
200506825
200824548
201136162
201444140
201744042
202036637
202326293
202618388
202913222
203218403
203529960
203847260
204165568
204476645
204777023
205073811
205361540
205641744
205916627
206192193
206461452
206726042
206990152
207252269
207509752
207766679
208021650
208276583
208527630
208772591
209014166
209258724
209503226
209758270
210015221
210275014
210535982
210798595
211061259
211319049
211560248
211790990
212025265
212269332
212519678
212773688
213030347
213277303
213502069
213728490
213961667
214194044
214431722
214662906
214893133
215128919
215370912
215636445
215900710
216257899
216683440
217004926
217343106
217599560
217836678
218066154
218300149
218542075
218775989
219009340
219247973
219481473
219700355
219930654
220157585
220374958
220581813
220789663
220993051
221191217
221406743
221636114
221858292
222073210
222288194
222499846
222703572
222903894
223096888
223282818
223463259
223652442
223787211
224115370
224242578
224326153
224299115
224549938
224939544
225413517
225529167
225819528
225969124
226234435
226595530
226748237
226901904
227042580
227195054
227346790
227495328
227633639
227768748
227900995
228035757
228163341
228281032
228404745
228535826
228668038
228789250
228905241
229021450
229136900
229248501
229358122
229463034
229579993
229697274
229817751
229937179
230055153
230175533
230301662
230436968
230575191
230711492
230845210
230977310
231109262
231239944
231374467
231515184
231664049
231816746
231977103
232135552
232291272
232442281
232591013
232747814
232911398
233074061
233244307
233423013
233614638
233812164
234024038
234241184
234457298
234670819
234884499
235095976
235308055
235524238
235741921
235960763
236179273
236398122
236622178
236846318
237070324
237291954
237511936
237733773
237961464
238192695
238434485
238681877
238931593
239177772
239419013
239658329
239897476
240139765
240386000
240621847
240848885
241074068
241300682
241527351
241752985
241973930
242186070
242399819
242620403
242841169
243065334
243285910
243505315
243726648
243956349
244192201
244424556
244644732
244861590
245076521
245287856
245496050
245696661
245886275
246083521
246288548
246501112
246720242
246948841
247170044
247379644
247585191
247790465
247991019
248192722
248399052
248604648
248812506
249028374
249241893
249461608
249680513
250054891
250284044
250558866
250929548
251486563
251929475
252323692
252528057
252950305
253174672
253392712
253611077
253826222
254031298
254240990
254460258
254677751
254897089
255113161
255327266
255541901
255758201
255984132
256220302
256461968
256693444
256912525
257125187
257336347
257544638
257747125
257948626
258153452
258355888
258553976
258739180
258931714
259124072
259288490
259391266
259431010
259312411
259148503
258981327
258841207
258675103
258415086
257982666
257468052
256884029
256176052
255373261
254503607
253604009
252705526
251822629
250925379
250067792
249194701
248366921
247681394
247050836
246459356
245869381
245364215
244870035
244413307
243986098
243628202
243227463
242840386
242501370
242294777
242231688
242213268
242277325
242340856
242369403
242401548
242508108
242617638
242732996
242854754
242985558
243112515
243231285
243319734
243338014
243333578
243306686
243267338
243217362
243136444
243039721
242917478
242785891
242655754
242509609
242348106
242184311
242015968
241848571
241678650
241512425
241349395
241185444
241016197
240865252
240719001
240599371
240507580
240415311
240366212
240332168
240341679
240402718
240465251
240529203
240592252
240648374
240700719
240744717
240774558
240788204
240799929
240806820
240813338
240817560
240826274
240835060
240845106
240854339
240868372
240882093
240895532
240905132
240911055
240917743
240928292
240942441
240958830
240972812
240986593
240994412
240997975
240990158
240977643
240965081
240954575
240942684
240934257
240919536
240894221
240860310
240830245
240802105
240776332
240750375
240726571
240696991
240661324
240619590
240578480
240541628
240503154
240459786
240416329
240373226
240334441
240294955
240258154
240221440
240191013
240155364
240123961
240125293
240189912
240308657
240577417
240881771
241183666
241458299
241760183
242160269
242734625
243389304
244099778
244927841
245846077
246827003
247831979
248835497
249823301
250816629
251765426
252729703
253655171
254439174
255163506
255835681
256487086
257049218
257596393
258105003
258575213
258971970
259410499
259837702
260212067
260439852
260519004
260551772
260500308
260438885
260404397
260362249
260243039
260104000
259958339
259806007
259626227
259442791
259268277
259123241
259028442
258945859
258887053
258843703
258809615
258805682
258816262
258855596
258906410
258954372
259018344
259100978
259185975
259267593
259345706
259420812
259487015
259546331
259603074
259659122
259683999
259699438
259689066
259647035
259599881
259508000
259406271
259250276
259043013
258838431
258627208
258406477
258187886
257960918
257729353
257511362
257297036
257085844
256882552
256658838
256437757
256203557
255970866
255729250
255482659
255236735
254976779
254717522
254451285
254169152
253899898
253618597
253332144
253033746
252738180
252426377
252130357
251824169
251519537
251203824
250884649
250556795
250243800
249923287
249594362
249261133
248919230
248574427
248222251
247884205
247538536
247185163
246818699
246445196
246084712
245715775
245354487
244982073
244615653
244243661
243868121
243493824
243115312
242732022
242349838
241950770
241547009
241140250
240727903
240307174
239892825
239485224
239078578
238666781
238246427
237823152
237399080
236972702
236547865
236130516
235712863
235288944
234862831
234429560
233992236
233557560
233127963
232692835
232251990
231800229
231336194
230873117
230419565
229959043
229497675
229021808
228543796
228070111
227588110
227095013
226599578
226106202
225612832
225116240
224604311
224090604
223568523
223033719
222503352
221963852
221449804
220919878
220383977
219851569
219319934
218774923
218213828
217660525
217107051
216551788
215993815
215422431
214850088
214281631
213712173
213127484
212549004
211971818
211386669
210787801
210186466
209585164
208988524
208391031
207784112
207170769
206556473
205954965
205358290
204761045
204176993
203601802
203029510
202446395
201872049
201299172
200727542
200160816
199602956
199051542
198514726
197981694
197441768
196908295
196376668
195844997
195345051
194842567
194352252
193860352
193370314
192890527
192417107
191953462
191487010
191026605
190579445
190120451
189683203
189247071
188822840
188404449
188020750
187628541
187242520
186855825
186482832
186121317
185775614
185417908
185068930
184729031
184408973
184112511
183817780
183527729
183222100
182925692
182651623
182389960
182140905
181880055
181634802
181388392
181167167
180947375
180738393
180536405
180331524
180133610
179948628
179761047
179589221
179423938
179261891
179114992
178984038
178861371
178733439
178608981
178501446
178406602
178324373
178238760
178158730
178083709
178017140
177952484
177910470
177873070
177850368
177837817
177820039
177807888
177822994
177851354
177899827
177959444
178015765
178069371
178149832
178236778
178346355
178460715
178579537
178710031
178852584
179007312
179169281
179347855
179533778
179736510
179949564
180178816
180426275
180676023
180949033
181216043
181512675
181816322
182131076
182451356
182785981
183141470
183514897
183899381
184281211
