63866787
63789026
63737608
63737984
63676656
63647585
63687205
63672752
63658329
63670587
63600394
63525089
63481744
63465925
63483745
63504561
63539810
63554436
63531251
63523033
63517468
63555266
63565980
63589651
63624020
63624881
63605716
63607734
63574427
63540291
63575177
63559063
63561974
63584355
63581676
63585672
63638469
63617965
63597847
63577122
63533355
63527669
63527886
63442961
63387313
63386980
63361388
63372378
63346583
63276518
63220893
63240810
63195135
63203067
63281091
63288988
63313326
63387792
63366154
63341763
63330090
63289455
63243476
63249390
63253099
63223114
63230178
63225803
63212840
63217107
63177977
63209186
63256191
63266782
63280216
63318569
63299517
63277638
63300724
63276551
63248800
63295751
63304746
63317674
63333266
63300857
63275602
63235752
63194676
63208086
63234255
63247112
63250893
63273846
63293631
63315395
63346845
63342243
63330960
63353528
63301878
63259098
63298480
63304668
63331709
63390912
63396094
63390167
63374230
63332369
63271398
63266453
63242052
63222713
63260942
63220719
63200530
63197578
63144324
63170625
63219800
63227138
63230454
63282149
63286464
63257843
63277968
63248950
63190300
63219009
63227279
63256617
63266110
63295816
63299955
63320956
63371497
63433373
63488616
63495167
63521898
63583662
63606503
63637259
63678086
63664276
63687251
63735374
63717633
63709000
63747596
63763089
63786331
63852641
63883058
63883285
63897874
63902313
63906914
63933364
63943139
63925188
63917896
63876317
63842650
63811354
63769586
63740408
63763920
63775390
63785874
63877385
63894012
63879129
63881259
63846810
63799359
63795906
63764804
63801245
63863224
63944920
63993632
64023719
64042841
64089537
64185408
64205930
64225069
64264660
64278349
64314662
64378604
64369410
64379765
64383877
64347926
64335776
64356296
64356320
64365089
64397082
64395284
64442221
64474289
64477611
64469204
64457783
64395003
64360183
64382555
64367661
64360867
64322217
64260560
64224371
64239720
64183761
64168214
64222682
64219753
64220050
64247700
64193358
64133488
64105578
64105514
64139201
64175889
64227010
64258016
64251211
64255501
64264816
64318962
64344524
64372415
64400510
64414342
64411536
64427453
64410505
64386764
64429021
64420530
64427900
64451433
64448921
64447192
64484221
64463717
64443599
64422874
64375299
64360709
64354206
64262177
64198321
64192060
64168393
64174952
64128242
64033514
63952034
63957912
63895862
63884995
63938479
63920616
63918914
63967340
63923534
63879911
63846251
63794485
63744871
63746650
63737416
63698296
63699200
63678777
63649854
63638017
63585287
63602104
63636877
63636023
63637508
63672532
63641676
63607973
63622319
63584914
63542875
63574351
63567135
63564244
63565185
63519045
63479374
63424028
63369036
63369162
63387399
63388400
63381401
63392746
63397039
63421216
63445466
63433664
63415181
63431213
63373643
63325263
63359141
63360729
63381845
63443448
63460790
63457767
63441830
63399969
63338998
63347429
63344092
63346977
63392310
63360295
63346034
63350562
63304412
63337433
63395848
63413386
63416702
63468397
63475152
63457619
63487632
63468814
63420364
63455401
63467031
63502489
63507318
63524864
63519763
63537404
63587945
63649821
63705064
63711615
63738346
63797870
63819703
63846587
63883630
63866796
63887731
63942163
63922643
63913899
63951760
63965894
63988505
64056836
64088390
64087258
64099456
64102184
64112134
64147488
64154167
64131640
64121324
64074177
64037270
64005086
63952814
63914732
63929340
63931906
63932822
64014133
64020256
63994869
63985911
63941262
63882171
63855758
63805672
63828385
63877956
63946332
63971948
63975771
63966509
64001565
64086636
64095790
64103025
64129968
