57128912
56942846
56789205
56669639
56512059
56265335
55898738
55427847
54849274
54363216
54041412
53904841
53934355
54037602
54136653
54316039
54604661
55017580
55513763
56052046
56444545
56691645
56784879
56780476
56799211
56825849
56879109
56967769
57086592
57232171
57413985
57619099
57825436
58023219
58223241
58395711
58560834
58706512
58824485
58937244
59031248
59082802
59141018
59151402
59119442
59061146
58995052
58901766
58778124
58634801
58492632
58330860
58145019
57955594
57769554
57575570
57372820
57191027
57001753
56831538
56692188
56511877
56180317
55769152
55256860
54705449
54260883
53990059
53923877
53992743
54079343
54196666
54410179
54755900
55193067
55747374
56225677
56544916
56715925
56753799
56721901
56730352
56755131
56812684
56901231
57021905
57178580
57370464
57566494
57770300
57973671
58142284
58318648
58474894
58598408
58708667
58802663
58878393
58937694
58962294
58938358
58903145
58831928
58743344
58635528
58516971
58374614
58219554
58061465
57874223
57682566
57496982
57318347
57121509
56925897
56768113
56649341
56512559
56284359
55953050
55505336
54981165
54492596
54129210
53956054
53949209
54046752
54140103
54290924
54575671
54947763
55437911
55975196
56417409
56716029
56830072
56817878
56813940
56838455
56890216
56974730
57090585
57234123
57417753
57623955
57833203
58050645
58269150
58450160
58626078
58782893
58906655
59015331
59108802
59169376
59218672
59242520
59210624
59148478
59066777
58977287
58865420
58736856
58596887
58439094
58253561
58073902
57906267
57720938
