49534706
49545756
49603346
49656009
49735117
49777039
49816098
49831830
49836106
49830861
49817492
49754805
49599357
49499483
49313331
49120699
48914978
48714393
48507214
48279896
48045541
47807887
47567058
47315745
47074208
46820687
46568661
46296553
46026365
45756550
45497153
45231908
44971538
44730198
44475763
44247468
44002679
43777267
43568021
43370648
43204562
43053201
42926652
42819198
42719645
42630243
42561893
42514575
42484698
42447122
42419314
42383397
42353524
42313003
42264602
42243569
42273201
42326825
42401241
42532598
42652931
42762179
42887955
43006240
43166502
43342359
43540564
43749900
43985767
44229205
44473148
44756956
44999947
45186099
45378731
45584452
45785037
45992216
46219534
46453889
46691543
46932372
47183685
47425222
47678743
47928329
48183661
48374297
48543616
48708029
48865882
49005308
49105032
49189691
49210234
49233300
49195828
49118609
49006523
48866161
48679441
48484656
48245440
47997606
47757357
47515618
47240701
46960221
46658928
46370930
46090541
45804984
45560568
45344828
45150393
45083970
44987531
44893492
44826770
44756992
44702651
44649129
44612900
44586887
44567746
44539957
44536149
44536149
44536149
44536149
44393013
44297085
44220349
44137309
44063725
43979832
43888000
43794047
43693239
43599951
43504471
43398042
43283730
43150304
43017087
42891538
42808722
42756789
42693732
42623267
42562390
42503213
42466288
42450646
42448442
42483903
42543225
42615746
42669957
42744728
42797451
42866959
42945203
42995103
43023374
43056563
43079795
43136425
43134821
43159665
43162736
43129013
43081716
43040327
42833232
42626448
42411024
42118381
41888393
41629575
41489624
41294847
41065897
40845941
40743117
40746925
40746925
40746925
40746925
40890061
40985989
41023989
41101925
41175509
41259402
41351234
41445187
41545995
41637795
41725667
41819840
41893192
41967298
42029931
42123448
42285816
42438245
42596790
42774647
42956468
43157261
43233010
43383023
43524414
43694512
43849903
44001636
44181276
44351369
44533403
44717677
44898775
45060550
45221043
45384444
45524420
45652925
45811850
45939971
46089545
46228153
46356004
46474000
46581768
46680806
46771963
46911936
46988937
47085448
47050933
47044200
47087835
47101966
46995856
46755139
46519882
46302537
46130016
45964163
45742832
45634645
45639749
45639749
45639749
45639749
45639749
45639749
45641237
45648845
45661101
45702061
45761381
45834405
45883213
45883213
45883213
45883213
45883213
45883213
45883213
46014165
46087546
46170082
46227407
46299159
46281428
46286764
46316052
46355237
46389557
46419725
46466141
46507442
46549506
46605558
