14956743
14143503
13276304
12802694
12802694
12802694
12802694
12802694
12802694
12802694
12818438
13671951
14542014
15415627
16264561
17125425
17990804
18867438
19757090
20632870
21510621
22384302
23261023
24131436
24988984
25841325
26683950
27515047
28336673
29153979
29979793
30801327
31613736
32428723
33241149
34043361
34855144
35651715
36447312
37228755
38012026
38793882
39579185
40358144
41136187
41949427
42816626
43290236
43290236
43290236
43290236
43290236
43290236
43290236
43290236
43290236
43290236
43290236
43290236
43290236
43290236
43290236
43290236
43290236
43290236
43290236
43290236
43290236
43290236
43290236
43290236
43290236
43290236
43290236
43290236
43290236
43290236
43290236
43290236
43290236
43290236
43290236
43290236
43290236
43290236
43290236
43290236
43290236
43290236
43290236
43290236
43290236
43290236
43290236
43290236
43290236
43290236
43290236
43290236
43290236
43290236
43290236
43290236
43290236
43290236
43290236
43290236
43290236
43290236
43290236
43290236
43290236
43290236
43290236
43290236
43290236
43290236
43290236
43290236
43290236
43290236
43290236
43290236
43290236
43290236
43290236
43290236
43290236
43290236
43290236
43290236
43290236
43290236
43290236
43290236
43290236
43290236
43290236
43290236
43290236
43290236
43290236
43290236
43290236
43290236
43290236
43290236
43290236
43290236
43290236
43290236
43290236
43290236
43290236
43290236
43290236
43290236
43290236
43290236
43290236
43290236
43290236
43290236
43290236
43290236
43290236
43290236
43290236
43290236
43290236
43290236
43290236
43290236
43290236
43290236
43290236
43290236
43290236
43290236
43290236
43290236
43290236
43290236
43290236
43290236
43290236
43290236
43290236
43290236
43290236
43290236
43290236
43290236
43290236
43290236
43290236
43290236
43290236
43290236
43290236
43290236
43290236
43290236
43290236
43267535
43253906
43234448
43209023
43179959
43152359
43122791
43087703
43044767
42998639
42950543
42889823
42811943
42700381
42571737
42424645
42258905
42083897
41897043
41688299
41478146
41240393
40980776
40701336
40406896
40070756
39723755
39363362
39000985
38628366
38257102
37876458
37472352
37039090
36604510
36147932
35676783
35190237
34695067
34188056
33676504
33158269
32616905
32000864
31660534
31674163
31693621
31719046
31748110
31775710
31805278
31840366
31883302
31929430
31977526
32038246
32116126
32227688
32356332
32503424
32669164
32844172
33031026
33239770
33449923
33687676
33947293
34226733
34521173
34857313
35204314
35564707
35927084
36299703
36670967
37051611
37455717
37888979
38323559
38780137
39251286
39737832
40233002
40740013
41251565
41769800
42311164
42927205
43290236
43290236
43290236
43290236
43290236
43290236
43290236
43290236
43290236
43290236
43290236
43290236
43290236
43290236
43290236
43290236
43290236
43290236
43290236
43290236
43290236
43290236
43290236
43290236
43290236
43290236
43290236
43290236
43290236
43290236
43290236
43290236
43290236
43290236
43290236
43290236
43290236
43290236
43290236
43290236
43290236
43290236
43290236
43290236
43290236
43290236
43290236
43290236
43290236
43290236
43290236
43290236
43290236
43290236
43290236
43290236
43290236
43290236
43290236
43290236
43290236
43290236
43290236
43290236
43290236
43290236
43290236
43290236
43290236
43290236
43290236
42389520
41496195
40627111
39766044
38902613
38044415
37170268
36282689
35411638
34529468
33651804
32776683
31905390
31044574
30190541
29344269
28510337
27688958
26870885
26047191
25231304
24414835
23593826
22786094
21982282
21172840
20367488
19572260
18787857
18004574
17221019
16433956
15640675
14873461
14075867
13223524
12576409
12504293
12504293
12504293
12504293
12504293
12504293
12504293
13405009
14298334
15167418
16028485
16891916
17750114
18624261
19511840
20382891
21265061
22142725
23017846
23889139
24749955
25603988
26450260
27284192
28105571
28923644
29747338
30563225
31379694
32200703
33008435
33812247
34621689
35427041
35997340
36551089
36860211
37619212
38381721
39150448
39893108
40666148
41493937
42109119
42156681
42132127
42107573
42075640
42051086
42026532
41994599
41970045
41945491
41920937
41889004
41864450
41832517
41807963
41776030
41751476
41719543
41694989
41670435
41638502
41613948
41589394
41557461
41532907
41508353
41476420
41451866
41419933
41395379
41363446
41338892
41314338
41282405
41257851
41408059
41415438
41671049
41657603
41682157
41706711
41731265
41755819
41780373
41812306
41836860
41861414
41885968
41917901
41942455
41967009
41998942
42023496
42048050
42072604
42104537
42129091
42161024
42185578
42217511
42242065
42273998
42298552
42323106
42355039
42379593
42404147
42436080
42460634
42485188
42517121
42541675
42573608
42598162
42630095
42654649
42679203
42711136
42735690
42810411
43033686
43252236
43290236
43290236
43290236
43290236
43290236
43290236
43290236
43290236
43290236
43290236
43290236
43290236
43290236
43290236
43290236
43290236
43290236
43290236
43290236
43290236
43290236
43290236
43290236
43290236
43290236
43290236
43290236
43290236
43290236
43290236
43290236
43290236
43290236
43290236
43290236
43290236
43290236
43290236
43290236
43290236
43290236
43290236
43290236
43290236
43290236
43290236
43290236
43290236
43290236
43290236
43290236
43290236
43290236
43290236
43290236
43290236
43290236
43290236
43290236
43290236
43290236
43290236
43290236
43290236
43290236
43290236
43290236
43290236
43290236
43290236
43290236
43290236
43290236
43290236
43290236
43280191
43266562
43246941
43219635
43190571
43162971
43129851
43094763
43055379
43009251
42957603
42896883
42823659
42723423
42598044
42457652
42297120
42121651
41940390
41741763
41529307
41294020
41032572
40757257
40461800
40137881
39795889
39445413
39081300
38718598
38350123
37967371
37573848
37138650
36693861
36248929
35776097
35298182
34817229
34319898
33815191
33293023
32763092
32202548
31579541
31593170
31612791
31640097
31669161
31696761
31729881
31764969
31804353
31850481
31902129
31962849
