64077964
64127178
64154720
64188212
64221684
64262762
64295400
64304278
64308080
64312066
64316035
64321679
64321182
64315752
64302737
64292438
64274646
64236393
64195032
64160855
64133489
64115163
64065969
63982702
63913034
63860969
63795200
63698026
63612447
63544591
63458606
63320116
63158490
63044562
62926847
62651012
62577850
62593479
62657383
62663439
62670511
62719084
62754935
62720654
62746413
62951052
63090844
63186643
63260304
63302343
63365200
63451423
63568545
63729830
63888127
63975889
64017873
64058216
64088342
64122575
64158047
64194492
64234635
64251486
64265401
64276751
64284613
64288049
64283968
64274218
64263424
64250438
64226963
64209111
64186023
64146223
64119621
64115912
64061454
64019539
63973275
63905344
63813203
63706586
63648832
63614772
63572351
63469491
63331734
63213027
63105800
62878140
62728448
62690455
62698114
62715384
62735275
62768893
62826894
62868766
62857034
62944378
63245200
63340837
63386381
63410910
63472014
63538913
63640705
63757684
63930998
64054622
64146740
64209620
64248207
64293117
64337933
64368433
64406652
64437218
64459868
64467861
64475398
64480231
64484339
64487150
64486456
64474258
64458754
64430143
64402651
64370279
64329686
64293200
64268314
64236076
64181065
64118805
64058352
63988579
63899522
63800680
63695480
63553168
63408667
63342932
63284209
63095778
62801473
62713570
62750810
62729719
62701082
62675167
62706272
62725876
62703330
62750603
62954270
63074863
63126852
63184269
63245953
63327418
63406484
63504196
63639888
63810022
63909341
