42546102
42260956
42296697
42499822
42197905
42213554
42420111
42162378
42234369
42487983
42253017
42308711
42524668
42271261
42305578
42530975
42233696
42256936
42488594
42256606
42317735
42551428
42273884
42294261
42507835
42212193
42188108
42344266
42044630
42058073
42271175
41995995
42027109
42238382
41978623
42029401
42259266
41996134
42044101
42282013
42006750
42039467
42277661
42043963
42096408
42299082
42020860
42044292
42229693
41925566
41905828
42103089
41814941
41851983
42046942
41767620
41812496
42025722
41774549
41805539
41998309
41748972
41795942
42003378
41758498
41869365
42109647
41885127
41976223
42184837
41917526
41937585
42095584
41779113
41766994
41962870
41700227
41773103
42026028
41767332
41836761
42060515
41792003
41833533
42073943
41837919
41920354
42205898
41990798
42075539
42340603
42092708
42171473
42396478
42127078
42149653
42354052
42076730
42109386
42346356
42095690
42180681
42418340
42131307
42141502
42342277
42089713
42156636
42404345
42182247
42295386
42592461
42379268
42459349
42713537
42480957
42557083
42782627
42516490
42560969
42773204
42520066
42553894
42792823
42549391
42590891
42781686
42526008
42544224
42711114
42430762
42444712
42659872
42448384
42550143
42815414
42584966
42621957
42846613
42572177
42601420
42766184
42481554
42516118
42751877
42490835
42514038
42729918
42474588
42540443
42767623
42505145
42553466
42763201
42521842
42594417
42847441
42593252
42644330
42890791
42605842
42620828
42825548
42547252
42585146
42808649
42544061
42587623
42795789
42524648
42561345
42752333
42474996
42490928
42698995
42407765
42445386
42648582
42378162
42434881
42652079
42423302
42499574
42731196
42461170
42512139
42728944
42438787
42463912
42676741
42423648
42498519
42753609
42520119
42573861
42788318
42535419
42571720
42798617
42502814
42526998
42759124
42527604
42590685
42826362
42551278
42576803
42797289
42509019
42491798
42656148
42360292
42373771
42589150
42316203
42348110
42560280
42299910
42365045
42606634
42342970
42406678
42658291
42384609
42441374
42706561
42488911
42568828
42793910
42534509
42572845
42770406
42480559
42475654
42682320
42399485
42441420
42638584
42359515
42404136
42613299
42351367
42367654
42545765
42281560
42312910
42505626
42247574
42349609
42581891
42350591
42436539
42641765
42372470
42392529
42552480
42237993
42225874
42419766
42155623
42226515
42477020
42218324
42289545
42517223
42255715
42308465
42558590
42325405
42412075
42699074
42483773
42568577
42833641
42585926
42665251
42890663
42620958
42637872
42826926
42534259
42551462
42772703
42506104
42575066
42796597
42493516
42487663
42672334
42392185
42428972
42661777
42412686
42501816
42785546
42559780
42643596
42908395
42675610
42752008
42993260
42741571
42798590
43021433
42774715
42812611
43054872
42812916
42855408
43043783
42786121
42804337
42971735
42692883
42708817
42924453
42713433
42816136
43083827
42856307
42898018
43129454
42863838
42902181
43077453
42802774
42843053
43079115
42818865
42847684
43065217
42811168
42877848
43104545
42841647
42889856
43099351
42858017
42931645
43191221
42953040
43020126
43282667
43013798
43044072
43262320
42995112
43048774
43282930
43024867
43085247
43311890
43042954
43094737
43295199
43016119
43034964
43233728
42928239
42965589
43169505
42883885
42926664
43134710
42897785
42966645
43192699
42918833
42967818
43183631
42894466
42922051
43135888
42882287
42955658
43208764
42972814
43026088
43241457
42990778
43031319
43264696
42978461
43005212
43236365
43003600
43065209
43302342
43029658
43055812
43276303
42988004
42970222
43131003
42822406
42820240
43019746
42730926
42746848
42942925
42666435
42715562
42941143
42661399
42709027
42945352
42658142
42703819
42953238
42724935
42805431
43038080
42789818
42841957
43055358
42781411
42791126
43010576
42738649
42788072
42989636
42713351
42759448
42969603
42692379
42701102
42877705
42601360
42626614
42819342
42562282
42665277
42898487
42669567
42759355
42970149
42709138
42739497
42910456
42608497
42603645
42793064
42517976
42579879
42832848
42579432
42652954
42882053
42620574
