58910092
58922706
58920671
58913918
58902045
58848311
58831029
58851418
58853145
58874345
58894105
58930889
59021253
59065833
59110149
59177178
59135234
59099753
59114895
59066029
58983802
58949735
58898024
58845160
58810255
58735646
58772010
58750707
58628173
58650762
58574106
58405236
58484401
58502051
58427476
58470531
58463215
58387054
58382562
58422745
58402582
58387389
58462738
58469526
58477192
58516629
58567167
58648387
58705019
58751539
58814729
58839590
58824313
58810338
58814281
58777139
58704447
58667350
58629083
58571012
58536865
58501151
58481727
58494470
58512480
58509423
58535804
58556381
58536885
58553570
58579899
58553428
58583991
58578197
58526031
58514830
58484874
58470038
58441375
58367233
58309317
58318148
58368725
58395637
58445958
58508229
58486170
58559493
58639147
58640105
58678768
58735581
58714274
58634995
58709854
58708914
58663738
58834175
58899612
58886622
59036289
59068214
59066362
59165465
59157226
59174341
59171677
59084843
59085981
59043476
58873217
58842988
58825849
58574222
58534026
58515171
58390680
58395685
58410775
58391055
58453415
58508085
58530893
58620440
58659123
58705477
58776291
58806161
58806093
58786962
58758553
58723151
58691620
58622147
58578734
58585616
58570966
58551390
58589734
58612905
58635981
58667758
58677232
58685988
58681064
58672943
58670350
58683686
58630539
58526562
58541594
58526754
58465421
58536346
58545250
58499663
58550416
58564617
58542709
58638625
58681540
58627984
58751458
58774045
58680264
58783697
58717522
58550205
58592855
