78270907
78270907
78270907
78270907
78270907
78270907
78270907
78270907
78270907
78270907
78270907
78270907
78270907
78270907
78226219
78238643
78249907
78250338
78267562
78267562
78240657
78196450
78155188
78126375
78187212
78197964
78204017
78264972
78248859
78248739
78302371
78260378
78286138
78292325
78276928
78341812
78396830
78443489
78470234
78439075
78481969
78616140
78678684
78710008
78795396
78768647
78787604
78852523
78833816
78855720
78863963
78834331
78910980
78953997
78918410
78985636
79021620
79021620
79098097
79098097
79098097
79098097
79098097
79098097
79098097
79098097
79098097
79098097
79098097
79098097
79098097
79098097
79098097
79029825
78791718
78501643
78171942
77791410
77326644
77015820
76696797
76363056
76094201
75753167
75472270
75241795
74919238
74613550
74319510
73989891
73726420
73466095
73224064
72977883
72709850
72438976
72257848
71966866
71724439
71520116
71274790
71035122
70874811
70606669
70365968
70114067
69856935
69560653
69350042
69033338
68736950
68465982
68129265
67815018
67624894
67370718
67111249
66836199
66555643
66390901
66156526
65723118
65343979
64968468
64659612
64453572
64287548
64287548
64287548
64287548
64287548
64287548
64287548
64287548
64287548
64287548
64287548
64287548
64287548
64287548
64191015
64118375
64039146
63898063
63889522
64055467
64206778
64423185
64700393
65001213
65223696
65381856
65595531
65758580
65987613
66193286
66400660
66679940
66924216
67078319
67286715
67474912
67657037
67874558
68065200
68252080
68435012
68546865
68801478
68999972
69059463
69217880
69360821
69453020
69654890
69832747
69980932
70225153
70370192
70491112
70738057
70905089
71099708
71336147
71557122
71693086
71862892
72063479
72323091
72576134
72739971
72967178
73370927
73765090
74140601
74449457
74714589
74880613
74880613
74880613
74880613
74880613
74880613
74880613
74880613
74880613
74880613
74880613
74880613
74880613
74880613
74977146
75049786
75129015
75270098
75346911
75407321
75462709
75542437
75598747
75689067
75777408
75896877
75965999
75667944
75712061
75690491
75707024
75690457
75609992
75666449
75689135
75689514
75749396
75732071
75725866
75795192
75450564
75515094
75562631
75550517
75707654
75790923
75839088
75937913
75981988
75990691
76105516
76178589
76329832
76449395
76551115
76721830
76827712
76927990
77046310
77160876
77274254
77380370
77425232
77452745
77516482
77560236
77618812
77633420
77633420
77633420
77629492
77470993
77383760
77292893
77238640
77154553
76969537
76891553
76831069
76792004
76562693
76432796
76294274
76184548
76083703
75982460
75773682
75447949
75384067
75329932
74951076
74970130
74920225
74902684
74925151
74906228
74870511
74828540
75185244
75150639
75146462
75179359
75232636
75352706
75344529
75413090
75472035
75508252
75578444
75653829
75672088
76075598
76080531
76080724
76123304
76103434
76083105
76069055
76053041
76035537
76073670
76046910
75985964
75921627
75842284
75710296
75529068
75529068
75529068
75529068
75529068
75529068
75529068
75529068
75529068
75529068
75146894
74965259
74836906
74747426
74643447
74545977
74583127
74578484
74593992
74548647
74544389
74613974
74592021
74594723
74576610
74734655
74770793
74801123
74797960
74791702
74785333
74886614
75105577
75078484
75034503
75329366
75271438
75234877
75191388
75140695
75061830
75035181
75013903
74949099
74944419
74941190
74849353
74769768
74705858
74716847
74636583
74533601
74429190
74331343
74246327
74141623
74050810
73962297
73875733
73803029
73716420
73626323
73568457
73471918
73378026
73274089
73119599
72751039
72815376
72894719
73026707
73207935
73207935
73207935
73207935
73207935
73207935
73207935
73207935
73207935
