154490938
154978409
155473171
155977086
156482055
156975111
157473866
157971396
158483352
159009561
159584496
160227293
160878796
161540649
162234246
162978174
163725723
164436132
165096571
165732240
166326584
166872788
167321331
167556122
167587479
167710866
167851355
167927723
167822023
167652031
167416728
167153906
166868133
166558602
166266416
165995285
165721022
165452860
165200971
165005560
164924986
164947765
165052971
165227476
165457430
165676037
165914855
166234880
166629912
167060627
167418555
167741550
167967461
168103479
168126350
167974919
167750783
167502221
167162192
166635491
165997948
165297281
164558549
163769120
162948163
162080168
161210218
160393973
159636036
158931935
158292339
157715911
157196252
156701598
156199833
155701433
155199415
154714618
154231691
153769173
153327483
152897787
152461135
152008585
151533255
151037757
150503291
149916799
149307741
148686497
148030053
147354106
146645408
145953518
145270081
144602204
143926292
143235642
142523216
141787075
141014961
140177613
139289951
138356103
137438083
136564930
135706505
134890623
134090071
133337158
132637649
132022810
131515356
131068147
130690180
130354427
130092321
130031023
129987574
129965546
129922214
129854766
129772994
129705342
129665910
129638066
129617334
129599666
129586974
129585218
129584986
129589190
129606306
129639914
129674230
129705830
129739526
129808486
130021090
130376011
130614285
130823452
131083286
131513123
132015316
132590744
133207354
133849979
134513225
135143027
135716352
136279544
136854926
137434997
138017481
138649443
139266576
139817263
140269243
140652063
141040831
141463603
141896198
142351309
142811020
143235897
143605394
143966836
144338115
144748598
145227025
145726856
146158224
146721055
147344809
148010628
148661725
149283319
149925677
150579260
151229198
151852903
152411171
152851398
153202114
153501139
153775734
154041457
154337491
154650333
154981159
155296994
155567089
155813180
156015488
156191430
156363593
156521174
156640295
156824694
157064869
157392064
157835748
158372106
158962305
159621948
160310606
161064298
161861654
162676102
163483201
164304203
165119587
165938199
166771833
167621640
168501173
169404560
170325293
171181786
171944481
172503588
172963157
173461501
173952346
174296906
174411148
174291262
174017017
173627437
173184412
172611549
171791495
170909701
169976188
169042028
168082813
167120410
166130826
165110947
164067007
163040144
162086581
161194128
160352758
159543110
158764521
158010041
157278505
156566568
155879095
155214842
154564109
153920264
153273615
152588273
151865258
151067669
150224455
149371708
148492896
147588777
146660158
145706673
144783144
143942212
143152835
142399524
141691399
141022305
140339011
139683926
139075826
138586700
138199953
137868022
137562263
137260189
136953871
136647270
136384046
136172367
136009872
135895250
135806495
135745896
135677518
135704094
135649626
135563732
135469055
135400662
135300550
135129464
134872561
134589861
134274084
133938077
133609430
133267490
132834057
132342232
131778876
131133130
130448306
129718194
128983175
128256983
127542153
126848072
126142705
125404494
124636001
123914726
123188627
122461355
121721169
120960491
120154137
119341351
118549590
117812361
117201201
116648359
116154940
115695847
115272844
115009468
114934524
114925508
114945236
114962788
114978952
115026688
115127460
115281580
115584900
115943747
116254958
116550433
116938030
117481283
118137052
118800844
119412749
119837954
120502027
121237214
122013948
122720446
123240896
123708705
124128085
124507673
124835123
125144975
125386562
125533643
125589638
125573855
125487529
125317676
125080566
124792966
124472324
124111341
123711175
123311444
122945487
122655242
122443284
122304320
122274215
122303955
122365669
122462720
122601411
122766778
122963275
123171719
123387966
123613403
123830942
124010844
124145805
124229756
124258825
124251980
124198313
124081905
123870154
123567143
123207246
122799776
122360027
121917181
121469881
121021367
120573418
120141579
119729951
119383094
119061058
118779113
118551688
118365679
118216174
118139504
118118806
118174644
118225675
118302900
118413592
118575121
118778896
119054499
119342209
119661986
120012593
120385961
120782018
121204651
121629037
122069742
122501261
122954088
123415936
123912179
124369482
124753446
125023121
125261937
125443096
125581890
125663351
125656364
125534282
125220173
124816047
124353984
123857295
123324688
122655167
121811181
120899068
119959831
119027890
118095076
117146232
116165554
115132071
114085654
113040955
112021220
111025845
110040669
109058235
108091002
107201086
106441088
105942934
105279988
104668993
104137252
103834080
103790315
103898251
104080449
104313810
104821075
105456435
106195419
106954317
107759523
108591724
109474850
110397380
111368598
112399442
113450777
114518997
115604696
116677980
117715610
118678268
119601276
120488511
121353017
122208915
123046792
123871405
124685101
125495937
126293749
127058950
127800351
128450080
128960493
129527043
130140854
130627255
131023686
131364336
131644625
131886923
132131291
132369390
132607603
132859118
133117837
133378674
