57026587
56849958
56655729
56490400
56303815
56005604
55596310
55111849
54493768
53957481
53626166
53459090
53484367
53592657
53703743
53900785
54194754
54629162
55147777
55722201
56105779
56348689
56456689
56453982
56461965
56503394
56559038
56661094
56785610
56942171
57140008
57338617
57529548
57739146
57928436
58101932
58255883
58387142
58505355
58604906
58680788
58740321
58777507
58773307
58734162
58673056
58584941
58481283
58382735
58250223
58101025
57940215
57760642
57574519
57381853
57200752
57012247
56826940
56662666
56500067
56342288
56131875
55805168
55380568
54844435
54237354
53789145
53505967
53432806
53517595
53621647
53758086
54009524
54374475
54831921
55426693
55944971
56271901
56477868
56524913
56519401
56533925
56574549
56662619
56761190
56897350
57074675
57277508
57488411
57682515
57884340
58071615
58234382
58387582
58514687
58618366
58704076
58768201
58816246
58848574
58834790
58790729
58719304
58639398
58545566
58422105
58283599
58128587
57945335
57752734
57570596
57388047
57198237
57016039
56845956
56641271
56468845
56318571
56057340
55693542
55214444
54630544
54062947
53666077
53462725
53436198
53546250
53647309
53798263
54090834
54494454
55004184
55596881
56030237
56313116
56430421
56434399
56428724
56457430
56514187
56607662
56730557
56871559
57052621
57265967
57453878
57667825
57858752
58037708
58207304
58337882
58465477
58575735
58652746
58717611
58758744
58764536
58739903
58682317
58604928
58513248
58413883
58286982
58134243
57970076
57802756
57607318
57421745
57246883
