16321744
15604159
14879370
14168840
13421943
12733054
12052317
11389351
10747274
10108901
9483380
9618708
9834302
10032751
10236732
10426716
10615664
10793867
10964974
11115767
11275494
11422346
11570602
11717287
11869479
12013387
12158901
12302630
12444271
12579759
12707590
12873796
13043739
13242445
13467783
13708939
13964215
14237598
14535071
14870006
15252782
15651205
16081701
16535891
17033233
17528356
18086767
18678854
19327476
19958307
20614540
21271178
21906927
22545300
23186565
23816141
24443307
25085681
25716552
26359941
26999804
27652608
28309355
28973875
29634936
30295988
30956752
31631107
32290783
32955290
33617478
34285645
34951848
35602603
36256698
36880369
37492218
38087492
38643050
39169302
39681727
40165981
40615196
41026844
41394921
41740712
42062808
42341674
42589460
42811922
42978300
43096743
43188690
43228235
43242694
43206813
43179900
43149943
43099436
43018581
42914901
42780448
42609427
42384028
42121898
41830580
41489175
41119389
40703688
40227386
39704185
39127083
38501451
37822537
37107498
36399066
35706022
34998610
34301932
33611921
32920184
32231615
31541631
30860634
30160579
29471237
28798407
28113650
27448908
26788880
26126722
25489490
24835761
24204126
23574931
22939986
22332629
21736825
21134993
20580920
20030459
19466327
18927047
18443111
17989844
17566112
17188744
16853886
16567223
16320163
16121584
15965075
15836010
15795660
15803919
15865460
15974419
16139212
16354746
16566550
16772762
16977584
17202167
17425582
17656222
17874517
18100345
18329422
18571439
18793566
19008358
19233109
19431727
19610574
19788245
19938515
20103657
20240860
20381741
20512709
20626463
20740998
20849934
20927912
20996904
21079748
21154439
21205170
21257677
21303089
21355358
21418213
21448926
21476980
21503190
21526282
21554097
21564815
21578142
21623649
21671962
21729865
21790706
21836280
21893699
21977359
22026984
22103465
22179053
22274971
22364800
22458406
22565504
22684537
22799784
22905632
23036438
23194574
23342418
23508955
23671550
23855884
24061171
24283260
24504111
24743593
25005674
25288022
25573708
25876318
26183294
26513174
26829980
27175447
27521958
27880365
28267975
28655060
29050318
29427372
29816186
30201836
30605236
30985689
31383335
31765122
32145728
32496821
32920714
33339644
33762114
34152229
34537738
34912094
35286421
35644735
35995675
36343857
36686648
37040806
37376124
37699169
38035812
38356237
38682229
38992327
39275354
39557242
39836322
40096622
40337482
40573438
40802462
41011097
41219217
41403397
41591031
41758337
41907946
42046941
42177411
42300650
42419166
42545315
42673452
42793736
42891951
42981552
43052266
43126697
43184755
43284716
43290236
43290236
43290236
43290236
43290236
43290236
43290236
43290236
43290236
43290236
43290236
43290236
43290236
43290236
43290236
43290236
43290236
43290236
43290236
43290236
43290236
43290236
43290236
43290236
43290236
43290236
43290236
43290236
43290236
43290236
43290236
43290236
43290236
43290236
43290236
43290236
43290236
43290236
43290236
43290236
43290236
43290236
43290236
43290236
43290236
43290236
43290236
43290236
43290236
43290236
43290236
43290236
43290236
43290236
43290236
43290236
43290236
43290236
43290236
43290236
43290236
43290236
43290236
43290236
43290236
43290236
43290236
43290236
43290236
43290236
43290236
42469816
41612649
40770462
39932730
39101240
38267383
37436236
36604861
35790304
34969211
34166187
33356256
32542240
31728236
30920924
30098180
29292819
28478543
27685466
26900964
26110107
25337741
24538477
23748986
22985761
22223437
21452782
20712822
19964312
19209841
18464047
17720432
16964939
16226958
15489310
14769868
14047952
13311906
12602988
11907663
11233291
10599320
9954886
9309949
9502123
9728326
9926769
10133678
10322034
10513453
10691106
10865459
11015686
11178335
11317850
11456926
11607042
11752435
11888815
12053359
12189421
12341519
12486609
12617911
12764337
12924609
13120629
13340387
13576967
13824007
14102996
14388794
14716294
15081517
15474240
15882035
16345965
16832215
17337475
17874746
18456287
19096778
19739398
20415739
21077455
21705098
22349532
22994469
23622715
24253679
24897423
25528246
26171380
26813818
27467312
28124334
28788664
29447108
30110617
30781472
31445372
32113983
32784915
33443115
34112414
34774592
35422579
36075779
36720210
37332304
37935548
38505281
39031926
39547210
40038876
40493038
40914048
41303296
41656367
41992187
42283750
42535481
42767869
42950040
43090415
43180450
43228235
43231654
43210569
43183888
43162866
43120287
43054783
42961111
42838346
42670304
42458493
42216835
41931961
41602555
41239745
40835313
40370241
39864264
39306483
38693020
38031432
37322125
36607393
35915150
35210368
34512170
33823648
33136172
32452371
31761124
31071937
30381446
29686666
29003252
28334066
27664595
27000711
26339540
25694369
25046758
24405112
23773845
23148543
22527676
21942766
21344014
20773539
20217096
19653825
19102571
18588976
18127154
17698471
17314446
16969678
16658031
16399862
16192962
16020300
15884846
15825327
15818802
15861022
15961490
16100399
16307142
16516069
16718421
16920613
17138526
17360452
17586831
17800358
18024390
18261657
18491051
18724734
18953169
19162349
19365696
19556845
19732910
19892975
20051224
20195725
20344177
20468561
20594398
20702301
20809576
20908927
20968174
21044845
21126044
21188240
21238010
21285054
21334382
21394583
21428390
21453401
21484157
21524675
21540738
21566225
21572010
21619292
21666775
21723917
21785231
21845027
21892856
21963016
22036046
22109593
22192006
22277751
22364827
22457573
22555333
22680180
22778070
22908593
23022219
23176558
23323945
23483001
23645895
23832843
24021714
24241931
24451412
24687737
24947735
25211315
25497832
25794974
26099812
26429623
26754290
27078201
27427686
27779390
28174069
28570494
28959968
29325825
29725012
30091700
30492429
30865550
31253683
31644789
32025033
32406656
32751477
33183907
33591162
33984211
34362895
34747424
35127563
35486737
35850074
36186324
36543413
36872896
