127772200
127896616
128040079
128128109
128213706
128272682
128322161
128304595
128304619
128376531
128473362
128572674
128692820
128855690
129036519
129200947
129359615
129501386
129649456
129810949
129944633
130041224
130195882
130412315
130821139
131389703
132063552
132697238
133319880
133883996
134391835
134779195
135043593
135225953
135329450
135324775
135297463
135260517
135185401
135101273
134989540
134883007
134800769
134715290
134636489
134551092
134450927
134333803
134214967
134146706
134103797
134060504
134010144
133898514
133759589
133626025
133428454
133296920
133198032
133116351
133095453
133065969
132796073
132478406
131965761
131515354
131048019
130564371
130066248
129561245
129014515
128474939
127927352
127394657
126872887
126369473
125883051
125395064
124944532
124536294
124150844
123762939
123418788
123120612
122845129
122596271
122368519
122160748
121959006
121761286
121599255
121465338
121364668
121244167
121158483
121115541
121109681
121182463
121268440
121303685
121272628
121149167
120946738
120713849
120507514
120266380
120021511
119742938
119463384
119140511
118771284
118340530
117890856
117385876
116853760
116291836
115734406
115151835
114560144
113962214
113369263
112743995
112135652
111549862
110982825
110399910
109866452
109352809
108861798
108397224
107942802
107484473
107094116
106714553
106368413
106036648
105760790
105490391
105097368
104677207
104254773
103821659
103340102
102838678
102352137
101850746
101372520
100918068
100488505
100084055
99707330
99364828
99112143
98887943
98711313
98573468
98467778
98420420
98414075
98455172
98529440
98654561
98837607
99068223
99339476
99614668
99934988
100317634
100717907
101176853
101705554
102282276
102941580
103644610
104333259
105034414
105702673
106341396
106922928
107501801
108069936
108606988
109097635
109594943
110046949
110524633
110937511
111355131
111727318
112089748
112474338
112888312
113278721
113655085
114023766
114392708
114740114
115087530
115453321
115856796
116272630
116722301
117136098
117576723
117998450
118403493
118812423
119192147
119528025
119854734
120179412
120485528
120787070
121105425
121433891
121727648
122048160
122420088
122817932
123217311
123576983
123943082
124390214
124857209
125263730
125631982
125924648
126296938
126685176
127099609
127617014
128177395
128724156
129205538
129698383
130218908
130768721
131301115
131838972
132416663
133023545
133670385
134339693
135011513
135680077
136334083
137003350
137682105
138370707
139057730
139761710
140448557
141131283
141795744
142467475
143126573
143802640
144442739
145065441
145660847
146231609
146770968
147294694
147800850
148296552
148780704
149229607
149682870
150132784
150568210
150973666
151351313
151749428
152121917
152520096
152895831
153249157
153567075
153869417
154147495
154373835
154510263
154641935
154747018
154858057
154957919
155070254
155161133
155246807
155346215
155420575
155478071
155503567
155526015
155535703
155527527
155507815
155467031
155414903
155324727
155193935
154985511
154753911
154553271
154382073
154236203
154124201
154053176
153979740
153917800
153873083
153871815
153837609
153827324
153790669
153783368
153785897
153832018
153888123
153923758
153944306
153977478
154018967
154054757
154078150
154125840
154168611
154209399
154221806
154231916
154206752
154212250
154186899
154146714
154079077
153983318
153867358
153739846
153599403
153440710
153257369
153028395
152759963
152445355
152132206
151755241
151309183
150818083
150282191
149728900
149136431
148458800
147731777
147013942
146290230
145545454
144697195
143896088
143142880
142391768
141690736
141034320
140427097
139844834
139254266
138670498
138137242
137639138
137165962
136709770
136269658
135844018
135448650
135054106
134675626
134292010
133929010
133559466
133197434
132832882
132481234
132123578
131775114
131420042
131060362
130655626
130257570
129874666
129500594
129122786
128744514
128366618
127997370
127624554
127251770
126875418
126502426
126125722
125748938
125394242
125088554
124754106
124403578
124025178
123641818
123276522
122940785
122625044
122332708
122045364
121829244
121756476
121881788
122164803
122627726
123168390
123602486
123912518
124296494
124733769
125164271
125569762
125926688
126268329
126663191
127098189
127549016
128047792
128549483
129049363
129555891
130056635
130459808
130722930
130920956
131091916
131238868
131399242
131592262
131838364
132117826
132427672
132753991
133081452
133419458
133762701
134109869
134452990
134837783
135221678
135624934
136049943
136489677
136984784
137556239
138160714
138755805
139344237
139954496
140580840
141243304
141845303
142394614
143157934
144104321
144909412
145475522
145934098
146382989
146800573
147213768
147578854
147970891
148378621
148824308
149233140
149610307
149924233
150263286
150549378
150867060
151113889
151321225
151540275
151765698
151974136
152175563
152433998
152525109
152430492
152156841
151868267
151581600
151490757
151535252
151624133
151670529
151417537
151099646
150861990
150644773
150210011
149807555
149437446
149066746
148672858
148297867
147932073
147599289
147304117
147035263
146780966
146538906
146339287
146190055
146091699
146033352
146080400
146168842
146264102
146373447
146450738
146531724
146615153
146723284
146829282
146968532
147133525
147353640
147529339
147664775
147806532
147985094
148193266
148419194
148622893
148814621
149007247
149210902
149365651
149413535
149290371
149035481
148607282
148112373
147770967
147608433
147391112
147174719
146997862
146908756
146884787
146984231
147115664
147297463
147514548
147705852
147839489
147952305
147998537
147957961
147951916
148007266
148089170
148145155
148159863
148100656
147919327
147641243
147016591
146384337
145779586
145198997
144627879
144029220
143425479
142828822
142172661
141517993
140853702
140211772
139618213
139052570
138581819
138217851
137841681
137446591
136938930
136326135
135459205
134625318
133847583
132875959
131742196
130790137
130090003
129509651
128934800
128410816
127880917
127416727
126931826
126443840
125919889
125437761
124991074
124633588
124258239
123917171
123533897
123209220
122920892
122625146
122324995
122064477
121804450
121493903
121354192
121400113
121619660
121857450
122085661
122105968
121973721
121769632
121595932
121714948
121889591
121972151
122025200
122286098
122516970
122722303
122918483
123129467
123322378
123490196
123611788
123688912
123728774
123744159
123729939
123673830
123561518
123389698
123147493
122796357
122429867
122048591
121695406
121399419
121114001
120829820
120521649
120206699
119909281
119613328
119268933
118893394
118538881
118226652
117951898
117687766
117385046
117086244
116787257
116460535
116120547
115789646
115413394
115022854
114602753
114196021
113786138
113302488
112727694
112165879
111654389
111137744
110608215
110092282
109491133
108837446
108103617
107322793
106474785
105689089
104903857
104176385
103508705
102885217
102279593
101705783
101185286
100710922
100298923
99907200
99578558
99582364
99549564
99439612
99208148
98934107
98660779
98399008
98124992
97885624
97631373
97377272
97082241
96748690
96348938
95773890
95067511
94373214
93702200
93099266
