362212254
362140589
362091332
362040763
361992347
361945393
361901363
361855093
361815806
361779957
361747081
361720040
361694551
361670464
361650132
361634083
361627954
361609553
361601695
361595671
361590841
361581412
361576138
361565073
361553234
361540234
361524432
361513053
361505439
361494614
361481242
361468793
361463379
361463379
361463379
361459921
361458736
361461176
361459427
361456433
361452748
361441569
361433942
361429309
361422206
361410063
361381428
361353423
361336300
361302966
361244689
361191605
361134756
361077194
361023413
360975992
360933155
360888594
360837535
360803939
360769064
360745607
360719421
360689767
360674719
360665994
360647591
360629769
360627329
360622055
360614511
360603521
360602276
360595027
360586977
360580212
360567894
360567894
360567894
360567894
360567894
360567894
360567894
360567894
360567894
360567894
360567894
360567894
360567894
360567894
360567894
360567894
360567894
360567894
360567894
360567894
360567894
360572043
360572043
360572043
360572043
360572043
360572043
360572043
360572043
360572043
360572043
360572043
360572043
360572043
360572043
360572043
360572043
360572043
360572043
360572043
360572043
360572043
360572043
360572043
360572043
360572043
360572043
360572043
360572547
360572547
360572547
360572547
360575451
360602723
360653419
360717085
360808618
360900945
361004182
361130616
361250382
361377242
361529809
361695250
361863648
362047492
362275752
362516971
362765217
362987528
363198404
363394625
363604269
363799877
363981621
364144913
364304423
364437978
364557055
364666238
364769680
364873607
364985015
365067298
365138963
365188220
365238789
365287205
365334159
365378189
365424459
365463746
365499595
365532471
365559512
365585505
365609592
365629924
365645973
365652102
365670503
365678361
365684385
365689215
365698644
365703918
365714983
365726822
365739822
365755624
365767003
365774617
365785442
365798814
365811263
365816677
365816677
365816677
365820135
365824224
365824224
365825973
365828967
365833897
365845580
365853207
365857840
365868528
365880671
365909306
365939040
365956163
365989497
366047774
366100858
366157707
366215269
366269050
366316471
366359308
366403869
366454928
366488524
366523399
366546856
366573042
366602696
366617744
366626469
366644872
366662694
366665134
366670408
366677952
366688942
366690187
366697436
366705486
366712251
366724569
366724569
366724569
366724569
366724569
366724569
366724569
366724569
366724569
366724569
366724569
366724569
366724569
366724569
366724569
366724569
366724569
366724569
366724569
366724569
366724569
366724569
366724569
366724569
366724569
366724569
366724569
366724569
366724569
366724569
366724569
366724569
366724569
366724569
366724569
366724569
366724569
366724569
366724569
366724569
366724569
366724569
366724569
366724569
366724569
366724569
366724569
366724569
366724569
366724569
366724569
366724569
366724569
366724569
366724569
366724569
366724569
366724569
366724569
366724569
366724569
366724569
366724569
366724569
366724569
366724569
366724569
366724569
366724569
366724569
366724569
366724569
366724569
366725073
366725073
366725073
366725073
366725073
366725073
366725073
366725073
366725073
366725073
366725073
366725073
366725073
366725073
366725073
366725073
366725073
366725073
366725073
366725073
366725073
366725073
366725073
366725073
366725073
366725073
366725073
366725073
366725073
366725073
366725073
366725073
366725073
366725073
366725073
366725073
366725073
366725073
366725073
366725073
366725073
366725073
366725073
366725073
366725073
366725073
366725073
366725073
366725073
366725073
366725073
366725073
366725073
366725073
366725073
366725073
366725073
366725073
366725073
366725073
366725073
366725073
366725073
366725073
366725073
366725073
366725073
366725073
366725073
366725073
366725073
366725073
366725073
366725073
366725073
366725073
366725073
366725073
366725073
366725073
366725073
366725073
366725073
366725073
366725073
366725073
366725073
366725073
366725073
366725073
366725073
366725073
366725073
366725073
366725073
366725073
366725073
366725073
366725073
366725073
366725073
366725073
366725073
366725073
366725073
366725073
366725073
366725073
366725073
366725073
366725073
366725073
366725073
366725073
366725073
366725073
366725073
366725073
366725073
366725073
366725073
366725073
366725073
366725073
366725073
366725073
366725073
366725073
366725073
366725073
366725073
366725073
366725073
366725073
366725073
366725073
366725073
366725073
366725073
366725073
366725073
366725073
366725073
366725073
366725073
366725073
366725073
366725073
366725073
366725073
366725073
366725073
366725073
366725073
366725073
366725073
366725073
366725073
366725073
366725073
366725073
366725073
366725073
366725073
366725073
366725073
366725073
366725073
366725073
366725073
366725073
366725073
366725073
366725073
366725073
366725073
366725073
366725073
366725073
366725073
366725073
366725073
366725073
366725073
366723828
366723324
366723324
366722079
366721575
366719342
366719342
366718838
366718838
366718838
366718838
366718334
366718334
366714165
366714165
366714165
366714165
366714165
366714165
366714165
366714165
366714165
366714165
366714165
366714165
366714165
366714165
366714165
366714165
366714165
366714165
366714165
366712920
366712920
366712920
366712920
366712920
366707646
366705897
366705897
366705897
366705897
366705897
366705897
366705897
366705897
366705897
366705897
366705897
366705897
366705897
366705897
366705897
366705897
366705897
366705897
366705897
366705897
366705897
366705897
366705897
366705897
366705897
366705897
366705897
366705897
366705897
366705897
366705897
366705897
366705897
366705897
366705897
366705897
366705897
366705897
366705897
366705897
366705897
366705897
366705897
366705897
366705897
366705897
366705897
366705897
366705897
366705897
366705897
366705897
366705897
366705897
366705897
366705897
366705897
366705897
366705897
366705897
366705897
366705897
366705897
366705897
366705897
366705897
366705897
366705897
366705897
366704652
366704652
366704652
366704652
366704652
366704652
366704652
366704652
366704652
366704652
366704652
366704652
366704652
366704652
366704652
366704652
366704148
366704148
366704148
366704148
366703644
366700740
366677856
366627964
366556718
366483682
366391281
366287262
366171592
366027303
365880563
365713010
365535458
365345140
365125164
364908973
364688412
364463797
364251724
364052432
363851745
363664404
363500583
363335829
363187248
363033249
362865225
362722754
362572851
362451797
362335229
362236815
362154791
362071194
361995868
361930267
361865577
361809971
361756575
361712095
361669600
361624973
361586986
361551531
361525083
361509806
361491675
361481213
361472480
361454671
361446711
361442246
361428977
361421363
361413355
361409326
361405741
361402056
361396031
361385647
361374214
361359542
361341950
361326077
361320853
361320853
361320853
361317949
361315005
361318046
361309778
361295769
361274994
361263295
361254857
361237283
361211341
361196411
361177562
361158613
361135485
361088258
361033580
360979791
360925996
360875743
360839482
360793677
360727746
360682903
360646710
360616805
360596136
360583418
360559072
360533689
360512983
360511975
360498486
360480430
360471465
360468057
360455409
360437884
360423631
360412062
360403808
360389859
360382755
360382755
360382755
360382755
360382755
360382755
360382755
360382755
360382755
360382755
360382755
360382755
360382755
360382755
360382755
360382755
360382755
360382755
360382755
360382755
360382755
360382755
360382755
360382755
360382755
360382755
360382755
360382755
360382755
360382755
360382755
360384000
360384000
360384000
360384000
360384000
360384000
360384000
360384000
360384000
360384000
360384000
360384000
360384000
360384000
360384000
360384000
360384504
360384504
360384504
360384504
360385008
360387912
360410796
360460688
360531934
360604970
360697371
360801390
360917060
361061349
361208089
361375642
361553194
361743512
