6780524
6837103
6764151
6832560
6915972
6862243
6936274
6998421
6929223
7013547
7065866
7037205
7146522
7233705
7202156
7330378
7396194
7396820
7550112
7641978
7667209
7589197
7473906
7306429
7522838
7663413
7727798
7894025
7983483
7972012
8144590
8240462
8225541
8422700
8527330
8484823
8704826
8777152
8736313
8954040
9069534
9015900
9227273
9348974
9291459
9510535
9636224
9560378
9788313
9923829
9837396
10089890
10205138
10100193
10307434
10401039
10306873
10458066
10557941
10412499
10576388
10655808
10498214
10638062
10701286
10501552
10594128
10650124
10465487
10544255
10599789
10395237
10469898
10528050
10299084
10327616
10344977
10096225
10123600
10168693
9895870
9917821
9970030
9669126
9622576
9668488
9406913
9354387
9365983
9091444
9031612
9036169
8719942
8636895
8647245
8331581
8270846
8289955
8024426
7952015
7937137
7699736
7621330
7639333
7395933
7312975
7318212
7087650
6997614
7268589
7295491
7397485
7362116
7143709
7016830
7057795
6894801
6847675
6902207
6770816
6769615
6817617
6676279
6672293
6723090
6623180
6613442
6686451
6615843
6625221
6674999
6600871
6648182
6691813
6626983
6691285
6769056
6718611
6795729
6849179
6796458
6880839
6939764
6920045
7029934
7108033
7073529
7201892
7280283
7283821
7422975
7500313
7518158
7433876
7312858
7156232
7364611
7503323
7570873
7725212
7812930
7795379
7963558
8068353
8042009
8242447
8352747
8311208
8521571
8607395
8571959
8793838
8903988
8846118
9067496
9194363
9131712
9376975
9508085
9437566
9683526
9809149
9714861
9974086
10075827
9972276
10178376
10269453
10162750
10317252
10429946
10285491
10450885
10529897
10372550
10524478
10595157
10403676
10498944
10552029
10365668
10438343
10498267
10292242
10355815
10410772
10182342
10209382
10234803
9986691
10006333
10053359
9785499
9800082
9847632
9553979
9515762
9565534
9294903
9239887
9256952
8963729
8896702
8898072
8566725
8490707
8495297
8171307
8109090
8121351
7844158
7760407
7759286
7523661
7445159
7454719
7211459
7129677
7149445
6907936
6820775
7097106
7119987
7218848
7190705
6970870
6844011
6889670
6738286
6695673
6747815
6617388
6613350
6662259
6532926
6526875
6586649
6472553
6457220
6520249
6446245
6454811
6500992
6429141
6471867
6517804
6452057
6517411
6598613
6550969
6631822
6695219
6653910
6746656
6820240
6798634
6897242
6970664
6938272
7067371
7144702
7143632
7266508
7356825
7369072
7275006
7149161
6989178
7204210
7347745
7412844
7574399
7663321
7645790
7813610
7918206
7891792
8082483
8184653
8142453
8347939
8450108
8417059
8634243
8736453
8671315
8904990
9022485
8950139
9205405
9328036
9268520
9506633
9630478
9539743
9791455
9898108
9794478
9996695
10104023
10002207
10166006
10277300
10135014
10289774
10359501
10217417
10357822
10434113
10252345
10357213
10419679
10233593
10305034
10369462
10163688
10215926
10264982
10044020
10062802
10095718
9857918
9885456
9929867
9665930
9664494
9704252
9413034
9382749
9436097
9153780
9104032
9133745
8830046
8774467
8765797
8447506
8371153
8382810
8064198
7995674
8006467
7730510
7645113
7640236
7391540
7297805
7303597
7061006
6979794
6999937
6767052
6672733
6950871
6975675
7076965
7048563
6832244
6702205
6749008
6609603
6576678
6624220
6489922
6468891
6517955
6386360
6377621
6431617
6324356
6317479
6378841
6294541
6305494
6354536
6288813
6322185
6371002
6297699
6361860
6440795
6392214
6467497
6536157
6484088
6571550
6643166
6612680
6720132
6792888
6776889
6899607
6986439
6984731
7105328
7198004
7217352
7111133
6973765
6797290
7013101
7152558
7218989
7371720
7455620
7437166
7610951
7715679
7695929
7877364
7970252
7935408
8137830
8244712
8215551
8443808
8548124
8483823
8723565
8829836
8764447
9021609
9147026
9080216
9317637
9438888
9353427
9588232
9705018
9607588
9813241
9930339
9815284
9985779
10083798
9952919
10105147
10189836
10050209
10191787
10269359
10099289
10213702
10291003
10104963
10180610
10246066
10048557
10105506
10159385
9939994
9971085
10014170
9768968
9793494
9835025
9573232
9562955
9585265
9297410
9278915
9318280
9015635
8972252
8999422
8682943
8616069
8620927
8306171
8228470
8234711
7928438
7855364
7861881
7578660
7493273
7502992
7252046
7165081
7170962
6923701
6836613
6850551
6617978
6522502
6796766
6818713
6916138
6886458
6671497
6539753
6587051
6446154
6410729
6456310
6320531
6297331
6361178
6243828
6237205
6297368
6200738
6207564
6267198
6187582
6213506
6278148
6216035
6255029
6316101
6259321
6323036
6401139
6358369
6438369
6510585
6467482
6559604
6638972
6609085
6715621
6797261
6786816
6913647
7009269
7013501
7141023
7233831
7252344
7149983
7015436
6842534
7060102
7201240
7269352
7420523
7504975
7488666
7662471
7767319
7747433
7928707
8021515
7986606
8188067
8301358
8287822
8520318
8625484
8572286
8826417
8931912
8865732
9123439
9259398
9195233
9441638
9567569
9488643
9722651
9838824
9756278
9976259
10107661
10007519
10192953
10306296
10189517
10357221
10456170
10330823
10486708
10579764
10423989
10552709
10644251
10472488
10562431
10642092
10459736
10532285
10600123
10396857
10443913
10503092
10274084
10314746
10372371
10126860
10126319
10149109
9873083
9863646
9906985
9604305
9577027
9620278
9317592
9254517
9271032
8962617
8895560
8910551
8620420
8563454
8569971
8286735
8201340
8211039
7960078
7873300
7879341
7632128
7545067
7558985
7326405
7230956
7500865
7518725
7612118
7581817
7366465
7234380
7280538
7138642
7102218
7146719
7010160
6986155
7048929
6930627
6923079
6982169
6884764
6890798
6949368
