366712803
366712803
366712803
366712803
366712803
366712803
366712803
366712803
366712803
366712803
366712803
366712803
366712803
366712803
366712803
366712803
366712803
366712803
366712803
366712803
366712803
366712803
366712803
366712803
366712803
366712803
366712803
366712803
366712803
366712803
366712803
366712803
366712803
366712803
366712803
366712803
366712803
366712803
366712803
366712803
366712803
366712803
366712803
366712803
366712803
366712803
366712803
366712803
366712803
366712803
366712803
366712803
366712803
366712803
366712803
366712803
366712803
366712803
366712803
366712803
366712803
366712803
366712803
366712803
366712803
366717683
366718691
366718691
366718691
366718691
366718691
366718691
366718691
366720420
366720420
366720420
366723324
366723324
366723324
366723324
366723324
366724569
366724569
366725073
366725073
366725073
366725073
366725073
366725073
366725073
366725073
366725073
366725073
366725073
366725073
366725073
366725073
366725073
366725073
366725073
366725073
366725073
366725073
366725073
366725073
366725073
366725073
366725073
366725073
366725073
366725073
366725073
366725073
366725073
366725073
366725073
366725073
366725073
366725073
366725073
366725073
366725073
366725073
366725073
366725073
366725073
366725073
366725073
366725073
366725073
366725073
366725073
366725073
366725073
366725073
366725073
366725073
366725073
366725073
366725073
366725073
366725073
366725073
366725073
366725073
366725073
366725073
366725073
366725073
366725073
366725073
366725073
366725073
366725073
366725073
366725073
366725073
366725073
366725073
366725073
366725073
366725073
366725073
366725073
366725073
366725073
366725073
366725073
366725073
366725073
366725073
366725073
366725073
366725073
366725073
366725073
366725073
366725073
366725073
366725073
366725073
366725073
366725073
366725073
366725073
366725073
366725073
366725073
366725073
366725073
366725073
366725073
366725073
366725073
366725073
366725073
366725073
366725073
366725073
366725073
366725073
366725073
366725073
366725073
366725073
366725073
366725073
366725073
366725073
366725073
366725073
366725073
366725073
366725073
366725073
366725073
366725073
366725073
366725073
366725073
366725073
366725073
366725073
366725073
366725073
366725073
366725073
366725073
366725073
366725073
366725073
366725073
366725073
366725073
366725073
366725073
366725073
366725073
366725073
366725073
366725073
366725073
366725073
366725073
366725073
366725073
366725073
366725073
366725073
366725073
366725073
366725073
366725073
366725073
366725073
366725073
366725073
366725073
366725073
366725073
366725073
366725073
366725073
366725073
366725073
366725073
366725073
366725073
366725073
366725073
366725073
366725073
366725073
366725073
366725073
366725073
366725073
366725073
366725073
366725073
366725073
366725073
366725073
366725073
366725073
366725073
366725073
366725073
366725073
366725073
366725073
366725073
366725073
366725073
366725073
366725073
366725073
366725073
366725073
366725073
366725073
366725073
366725073
366725073
366725073
366725073
366725073
366725073
366725073
366725073
366725073
366725073
366725073
366725073
366725073
366725073
366725073
366725073
366725073
366725073
366725073
366725073
366725073
366725073
366725073
366725073
366725073
366725073
366725073
366725073
366725073
366725073
366725073
366725073
366725073
366725073
366725073
366725073
366725073
366725073
366725073
366725073
366725073
366725073
366725073
366725073
366725073
366725073
366725073
366725073
366725073
366725073
366725073
366725073
366725073
366725073
366725073
366725073
366725073
366725073
366725073
366725073
366725073
366725073
366725073
366725073
366725073
366725073
366725073
366725073
366725073
366725073
366725073
366725073
366725073
366725073
366725073
366725073
366725073
366725073
366725073
366725073
366725073
366725073
366725073
366725073
366725073
366725073
366725073
366725073
366725073
366725073
366725073
366725073
366725073
366725073
366725073
366725073
366725073
366725073
366725073
366725073
366725073
366725073
366725073
366725073
366725073
366725073
366725073
366725073
366725073
366725073
366725073
366725073
366725073
366725073
366725073
366725073
366725073
366725073
366725073
366725073
366725073
366725073
366725073
366725073
366725073
366725073
366725073
366725073
366725073
366725073
366725073
366725073
366725073
366725073
366725073
366725073
366725073
366725073
366725073
366725073
366725073
366725073
366725073
366725073
366725073
366725073
366725073
366725073
366725073
366725073
366725073
366725073
366725073
366725073
366725073
366725073
366725073
366725073
366725073
366725073
366725073
366725073
366725073
366725073
366725073
366725073
366725073
366725073
366725073
366725073
366725073
366725073
366725073
366725073
366725073
366725073
366725073
366725073
366725073
366725073
366725073
366725073
366725073
366725073
366725073
366725073
366725073
366725073
366725073
366725073
366725073
366725073
366725073
366725073
366725073
366725073
366725073
366725073
366725073
366725073
366725073
366725073
366725073
366725073
366725073
366725073
366725073
366725073
366725073
366725073
366725073
366725073
366725073
366725073
366725073
366725073
366725073
366725073
366725073
366725073
366725073
366725073
366725073
366725073
366725073
366725073
366725073
366725073
366725073
366725073
366725073
366725073
366725073
366725073
366725073
366725073
366725073
366725073
366725073
366725073
366725073
366725073
366725073
366725073
366725073
366725073
366725073
366725073
366725073
366725073
366725073
366725073
366725073
366725073
366724569
366724569
366724569
366724569
366722840
366718811
366718307
366716558
366713100
366713100
366713100
366713100
366713100
366707996
366706267
366704518
366704518
366704518
366704518
366704518
366704518
366704518
366704518
366704518
366704518
366704518
366704518
366704518
366704518
366704518
366704518
366704518
366704518
366704518
366704518
366704518
366704518
366704518
366704518
366704518
366704518
366704518
366704518
366704518
366704518
366704518
366704518
366704518
366704518
366704518
366704518
366704518
366704518
366704518
366704518
366704518
366704518
366704518
366704518
366704518
366704518
366704518
366704518
366704518
366704518
366704518
366704518
366704518
366704518
366704518
366704518
366704518
366704518
366704518
366704518
366704518
366704518
366704518
366704518
366704518
366704518
366704518
366704518
366704518
366704518
366704518
366704518
366704518
366704518
366704518
366704518
366704518
366704518
366704518
366704518
366704518
366704518
366704518
366704518
366704518
366704518
366704518
366704518
366704518
366704518
366704518
366704518
366704518
366704518
366704518
366704518
366704518
366704518
366704518
366704518
366704518
366704518
366704518
366704518
366704518
366704518
366704518
366704518
366704518
366704518
366704518
366704518
366704518
366704518
366704518
366704518
366704518
366704518
366704518
366704518
366704518
366704518
366704518
366704518
366704518
366704518
366704518
366704518
366704518
366704518
366704518
366704518
366704518
366704518
366704518
366704518
366704518
366704518
366704518
366704518
366704518
366704518
366704518
366704518
366705022
366705022
366705022
366705022
366706751
366710780
366711284
366713033
366716491
366716491
366716491
366716491
366716491
366721595
366723324
366725073
366725073
366725073
366725073
366725073
366725073
366725073
366725073
366725073
366725073
366725073
366725073
366725073
366725073
366725073
366725073
366725073
366725073
366725073
366725073
366725073
366725073
366725073
366725073
366725073
366725073
366725073
366725073
366725073
366725073
366725073
366725073
366725073
366725073
366725073
366725073
366725073
366725073
366725073
366725073
366725073
366725073
366725073
366725073
366725073
366725073
366725073
366725073
366725073
366725073
366725073
366725073
366725073
366725073
366725073
366725073
366725073
366725073
366725073
366725073
366725073
366725073
