808001105
808007234
808010594
808000961
807984158
807962465
807942902
807913561
807888456
807884201
807871220
807849691
807829504
807816354
807790981
807777271
807771706
807770461
807759016
807738240
807728679
807723114
807716010
807710445
807703071
807700866
807696456
807675054
807645723
807640410
807640410
807641655
807641655
807641655
807641655
807641655
807641655
807641655
807641655
807641655
807641655
807641655
807641655
807641655
807641655
807641655
807641655
807641655
807641655
807641655
807641655
807641655
807641655
807641655
807641655
807641655
807641655
807641655
807641655
807641655
807641655
807641655
807641655
807641655
807641655
807641655
807641655
807641655
807641655
807641655
807641655
807641655
807641655
807641655
807641655
807641655
807641655
807641655
807637407
807633159
807633159
807633159
807633159
807633159
807633159
807633159
807633159
807633159
807633159
807633159
807633159
807631914
807630669
807628464
807625104
807619791
807612417
807604068
807594975
807578646
807562949
807547252
807533206
807521110
807509758
807499294
807488830
807479737
807470428
807461119
807450655
807441166
807432832
807426703
807421390
807417940
807414490
807413245
807413245
807413245
807413245
807413245
807413245
807412000
807408640
807406435
807404230
807402985
807401740
807401740
807400495
807400495
807400495
807406624
807415357
807415357
807415357
807420850
807420850
807420850
807420850
807422095
807426700
807426700
807426700
807427945
807432640
807452318
807479819
807514270
807540412
807559522
807587725
807605152
807616657
807633088
807654274
807668602
807681556
807685006
807689416
807695869
807700564
807708172
807707853
807680930
807646985
807633580
807609628
807582896
807550626
807536033
807518635
807495116
807462667
807435271
807419992
807438299
807433188
807427873
807416280
807401244
807361741
807321613
807293035
807259212
807229127
807208873
807200614
807189328
807168273
807139309
807113869
807082992
807052315
807022597
806998524
806966601
806932617
806903765
806874022
806836912
806815222
806806603
806797042
806784991
806773207
806767078
806756701
806743468
806727631
806710063
806696149
806676952
806657194
806637097
806623857
806610684
806603874
806595111
806590701
806586291
806574312
806560398
806549592
806545344
806540460
806541276
806544937
806537686
806525920
806515294
806500432
806497494
806494133
806502773
806510714
806529087
806548375
806547968
806547686
806557025
806563319
806565524
806583793
806592190
806593507
806589259
806591215
806603258
806597626
806592253
806589304
806586136
806584777
806578648
806570965
806580862
806596788
806588940
806578563
806572110
806559987
806552127
806545674
806541069
806523231
806512530
806497728
806485872
806475171
806463462
806452908
806442354
806429757
806413092
806396748
806378052
806360244
806341548
806316956
806293151
806266019
806252678
806235502
806222491
806219041
806215591
806212141
806206576
806201011
806201011
806201011
806201011
806201011
806198806
806194201
806185258
806175949
806163028
806144230
806135305
806127340
806127340
806127340
806126095
806123890
806122645
806125648
806128651
806124403
806120155
806114026
806106922
806096383
806090443
806088238
806086993
806083543
806082298
806082298
806083543
806083543
806077945
806075740
806071135
806065555
806060206
806058001
806068201
806074337
806081301
806081787
806080733
806082517
806088376
806095480
806102368
806110432
806108683
806116942
806119873
806111140
806100699
806080639
806057710
806025038
806005318
805984395
805961838
805925127
805887885
805854923
805827443
805801412
805778548
805764919
805743802
805720137
805697702
805654329
805594971
805527436
805473111
805431310
805378099
805323355
805277677
805229747
805166276
805116460
805064031
805011718
804943484
804866587
804800279
804743050
804677100
804604659
804531509
804462660
804416961
804363629
804304968
804244390
804174913
804100597
804032624
803953786
803881076
803801964
803724252
803635811
803551691
803447656
803373701
803329079
803284448
803263031
803244013
803224451
803190018
803142815
803120171
803109308
803099480
803085186
803069276
803062804
803045952
803027410
803026335
803029295
803028133
803019055
803013056
803001297
802976418
802936011
802892853
802857610
802831614
802795474
802762227
802730136
802698258
802675101
802663673
802659687
802645614
802635383
802635070
802614381
802580161
802544759
802511523
802480424
802444873
802412167
802383910
802354734
802340550
802334510
802316219
802313714
802310120
802303968
802302348
802291809
802290234
802265879
802239418
802222227
802196561
802154064
802106619
802066787
802038937
801997126
801951863
801928612
801898438
801877401
801838383
801812748
801779074
801733999
801706521
801696726
801688593
801666618
801636751
801612254
801587759
801548298
801512975
801485929
801462019
801437929
801415467
801405468
801399408
801393546
801369038
801348067
801329346
801316103
801305440
801278912
