228350447
228331319
228318671
228315311
228315311
228306407
228306407
228298927
228270231
228270231
228267327
228258423
228258423
228241335
228218799
228211191
228204471
228204471
228200223
228190023
228175919
228147943
228120975
228111407
228100607
228090415
228086775
228161576
228329964
228527830
228869684
229279703
229747926
230245982
230805708
231396356
231976384
232542784
233115861
233673777
234284843
234906175
235548214
236214682
236915248
237637225
238383795
239120143
239865256
240611965
241392373
242184866
242978111
243778062
244566016
245357790
246165209
246977255
247790901
248602232
249406436
250208758
251007025
251791655
252570683
253319682
254070166
254807649
255539053
256262023
256985269
257702404
258415996
259134630
259850067
260563081
261283144
261996040
262701164
263409104
264103939
264785883
265463955
266122723
266752696
267330936
267897168
268422829
268878757
269253173
269533149
269662557
269667117
269663309
269670629
269661389
269675733
269689501
269713789
269742157
269774181
269791309
269804413
269816573
269824997
269824205
269819933
269823973
269824861
269823445
269832277
269862933
269863933
269863933
269895874
269898682
269916802
269924386
269921354
269919074
269930442
269927538
269924458
269928818
269929690
269927746
269920602
269905378
269888050
269872482
269881842
269883762
269875106
269862250
269860730
269849114
269844306
269860474
269846466
269833298
269829170
269813202
269816922
269827130
269815258
269808978
269792370
269779746
269776770
269790874
269818850
269845818
269855386
269866186
269876378
269885946
269911978
269911978
269921866
269956002
269971306
269971306
269971306
269971306
269971306
269971306
269971306
269971306
269971306
269971306
269971306
269971306
269971306
269971306
269971306
269971306
269971306
269971306
269971306
269971306
269971306
269971306
269971306
269971306
269971306
269971306
269971306
269971306
269971306
269971306
269971306
269971306
269971306
269971306
269971306
269971306
269971306
269971306
269971306
269971306
269971306
269976650
269976650
269979554
269983802
269983802
269983802
269985770
269987258
269988746
269991186
269991186
269991186
269991690
269991690
269992194
269993194
269999914
270009154
270019658
270029898
270036002
270039810
270046914
270056154
270060402
270069306
270072210
270072210
270072210
270075114
270076114
270076114
270080794
270087514
270097714
270101522
270104882
270107786
270109754
270109754
270109754
270109754
270109754
270110754
270117826
270123346
270128866
270133114
270133114
270136018
270141538
270143506
270147314
270159786
270178570
270193794
270211626
270227194
270236962
270247690
270259706
270272562
270282986
270294602
270306890
270319418
270333426
270349498
270362530
270378498
270391866
270404194
270423674
270436674
270453282
270470154
270483330
270483330
270483330
270483330
270483330
270483330
270483330
270483330
270483330
270483330
270483330
270483330
270483330
270483330
270483330
270483330
270483330
270483330
270483330
270483330
270483330
270483330
270483330
270483330
270483330
270483330
270483330
270483330
270483330
270483330
270483330
270483330
270483330
270483330
270483330
270483330
270483330
270483330
270483330
270483330
270483330
270483330
270483330
270483330
270483330
270483330
270483330
270483330
270483330
270483330
270483330
270483330
270483330
270483330
270483330
270483330
270483330
270483330
270483330
270483330
270483330
270483330
270483330
270483330
270483330
270483330
270483330
270483330
270483330
270483330
270483330
270483330
270483330
270483330
270483330
270483330
270483330
270483330
270483330
270483330
270483330
270483330
270483330
270483330
270483330
270483330
270465578
270421010
270309978
270167690
269983458
269778049
269584081
269347535
269099193
268835280
268514551
268202196
267775950
267308771
266760038
266181566
265540265
264827946
264031992
263130535
262116848
261050051
259934704
258834946
257741198
256653629
255585389
254523002
253431985
252321362
251217463
250120116
249019204
247918508
246787613
245640197
244504648
243383455
242254947
241147823
240097171
239034744
238107563
237236264
236396190
235532808
234545508
233508303
232532939
231490689
230346920
229219062
228069793
226911989
225603287
224204529
222759670
221286939
219815481
218279000
216717687
215170459
213586541
211994069
210340235
208714731
207165185
205596706
204130308
202683528
201283082
199814743
198278228
196773238
195316372
193800078
192330027
190914146
189575826
188344022
187137959
185928484
184692803
183511269
182366111
181134492
179877595
178663180
177558433
176368085
175168344
173927115
172691213
171555670
170394278
169103003
167855019
166631309
165410898
164191241
162975931
161707123
160374777
159105256
157876869
156713347
155633946
154494689
153315837
152129951
150971036
149886509
148678353
147274886
145834718
144384993
142941400
141602599
140277824
139021904
137839812
136674693
135504509
134307813
133097928
131828548
130477613
129028062
127611105
126145296
124688176
123312055
122000451
120696889
119396624
118037702
116734259
115503406
114265269
113052326
111790385
110688111
109570986
108612621
107719627
106841822
106027528
105297989
104692266
104195149
103747206
103350977
102898383
102436232
102022769
101590277
101193039
100842811
100477817
100031899
99501912
98934754
98371940
97868273
97387167
96882266
96369277
95872391
95349473
94747539
94154448
93419819
92656656
91867176
91089080
90420022
89788685
89080143
88438311
87871855
87293650
86744859
86193371
85795076
85517406
85308677
85140902
85089112
85153371
85279178
85357183
85447675
85583905
85818605
86046468
86213312
86657255
87103423
87607010
88122084
88789009
89623103
90537430
91437255
92403659
93372874
94343628
95309877
96218525
97075768
97962808
98914176
99835843
100684792
101614651
102618430
103585234
104436588
105373691
106298375
107286909
108316461
109280534
110281666
111437434
112591833
113736664
114893745
116066501
117260502
118524630
119855976
121124993
122353380
123516902
124596303
125735560
126914412
128100298
129259213
130343740
131551896
132955363
134395531
135845256
137288849
138627650
139952425
141208345
142390437
143555556
144725740
145922436
147132321
148401701
149752636
151202187
152619144
154102705
155604393
157091546
158545438
160033232
161538906
163091796
164631785
166110980
167613030
169146702
170720998
172249518
173833822
175340920
176812386
178331492
179858105
181383598
182890778
184401582
185916322
187427898
188980250
190536149
192037181
193537913
194997538
196438783
197914400
199464217
201091551
202759621
204423131
206057693
207686215
209326665
210960847
212586241
214216283
215868869
217524387
219186197
220820659
222450213
224091691
225748049
227416591
229100497
230784579
232494804
234200867
235898927
237608219
239315216
240991644
242645232
244285738
245808986
247281208
248716714
250185937
251679363
253135605
254554739
255952380
257335082
258459618
259479848
260423041
261308413
262109827
262812248
263402911
263959952
264509842
265010678
265455805
265827876
266151032
266499852
266822287
267106600
267366467
267662676
267964436
268217554
268465165
268718558
268971803
269246860
269499555
269705905
269877375
270037635
270173142
