479291261
479148977
479321339
479311497
479172526
479318639
479289069
479159662
479351800
479360712
479220895
479419839
479395236
479255314
479456842
479428732
479270231
479445481
479411835
479259644
479403469
479376129
479249130
479392023
479360147
479253250
479437002
479431369
479331238
479545516
479525052
479413326
479586271
479535251
479370224
479515990
479484588
479369797
479520027
479493371
479375741
479511290
479467872
479381393
479550371
479488411
479394232
479551285
479495868
479379123
479523248
479490430
479383948
479531916
479489749
479405336
479558280
479520137
479440346
479605410
479583777
479485642
479618256
479533908
479423359
479551132
479473308
479374099
479510322
479460128
479357821
479478325
479420351
479350926
479488638
479436300
479310878
479409039
479326622
479209032
479320817
479274308
479183874
479324338
479283654
479208483
479356837
479296576
479206965
479335569
479272865
479158185
479239378
479174642
479045835
479133074
479038527
478919901
479036069
478990447
478908032
479041590
479007611
478931550
479038846
478991647
478910438
479014017
478967293
478867356
478959235
478898005
478817327
478975050
478938711
478846180
478964698
478880130
478799458
478908952
478844589
478749394
478836268
478782603
478671539
478765129
478721284
478628734
478743700
478723893
478682054
478865922
478838637
478759637
478898922
478841446
478757936
478880970
478845868
478751418
478880981
478850858
478764882
478925098
478944715
478867429
479000756
478992898
478934400
479083349
479077300
479017854
479157636
479152191
479065129
479198330
479226556
479113981
479250017
479289886
479202963
479377001
479397301
479353814
479522842
479529474
479497688
479666029
479685165
479617841
479758069
479805661
479736752
479911569
479998987
479905563
480042069
480103516
480008225
480152099
480187645
480101071
480250154
480275261
480169367
480284091
480343018
480226811
480345817
480401022
480246337
480361899
480413386
480277583
480384539
480375217
480230153
480306917
480295486
480180991
480317943
480338205
480197917
480315615
480353285
480203433
480294693
480306219
480145720
480237944
480277363
480086731
480172554
480194218
480037996
480130309
480139460
480025798
480184324
480217776
480085327
480218297
480247254
480097462
480222085
480276684
480155696
480289453
480356680
480197309
480318259
480368582
480244792
480355711
480366951
480229664
480364213
480387811
480247369
480357667
480413157
480282000
480425903
480499563
480357748
480499237
480576430
480411622
480574317
480641660
480494374
480610924
480595666
480432178
480557278
480559975
480403196
480517560
480527230
480356468
480469895
480468857
480307277
480451337
480493625
480276227
480429566
480454673
480248106
480390395
480405196
480236925
480386484
480378529
480208839
480355685
480335500
480141099
480275620
480260369
480037936
480160888
480134925
479930996
480082261
480077364
479879703
480035190
480033242
479830912
479984164
479997741
479811168
479990398
479989763
479833077
480016420
480013247
479821996
479994724
479996984
479830318
480003592
479975476
479825692
480041771
480094382
479970304
480174467
480193878
480071072
480267835
480277137
480143119
480343153
480348586
480201777
480381300
480400706
480273845
480464764
480456688
480356176
480558574
480580019
480479870
480681934
480697427
480564717
480743961
480739878
480606657
480811756
480799180
480673747
480856639
480826819
480699529
480860579
480817704
480711563
480886414
480870681
480719013
480865797
480841826
480704467
480894787
480878535
480727093
480929259
480911536
480761294
480958800
480960602
480814859
480993124
480964367
480793316
480937555
480905768
480742487
480884565
480859889
480704170
480883826
480879794
480734435
480929137
480936506
480789078
480984164
480992879
480829297
480985538
480971528
480846471
481021364
481003252
480872444
481025508
480964278
480817374
480968036
480926833
480759131
480908046
480907891
480760227
480931692
480937976
480782677
480921604
480879246
480776982
480939961
480889283
480779930
480945595
480913349
480799635
480934637
480898985
480736977
480848996
480814473
480673861
480811825
480772910
480629722
480765895
480717508
480600670
480716991
480640644
480510612
480641198
480597283
480461273
480594250
480590588
480458509
480563717
480518327
480407326
480528566
480473823
480357948
480471364
480410527
480271128
480359980
480290312
480138472
480215535
480139795
480008921
480108213
480046197
479922546
480004473
479959376
479850845
479916416
479834744
479727093
479815944
479740191
479587361
479661661
479602550
479449196
479517303
479460136
479315786
479378367
479293565
479173560
479243678
479193050
479082927
479168363
479112687
479003762
479124968
479109038
478996211
479095300
479036691
478909633
478987240
478912540
478785392
478844934
478778308
478657081
478731669
478714314
478577600
478655923
478652664
478555789
478691521
478705396
478604507
478702182
478668489
478565518
478649454
