27512949
27554204
27602071
27681154
27686309
27732117
27723324
27736055
27759709
27831681
27873547
27925566
27974799
27958036
27968907
27981474
28030178
28040609
28054994
28053431
28021265
28077140
28138447
28189914
28238788
28264463
28279381
28272961
28266391
28333587
28364492
28381257
28374255
28322480
28293957
28307020
28332148
28318589
28340342
28346530
28379591
28422752
28451421
28493047
28503935
28480607
28538129
28540679
28602305
28645347
28693367
28694120
28687722
28661552
28629445
28592873
28596290
28577406
28589984
28575855
28556358
28525889
28468694
28498509
28502609
28556662
28589427
28592045
28584403
28598580
28537338
28542069
28584981
28585095
28584173
28607328
28631644
28628171
28628344
28648796
28633725
28595246
28563495
28546481
28509405
28473598
28472415
28460374
28407106
28423145
28442482
28498858
28545780
28557125
28582022
28595349
28564139
28532189
28516933
28469418
28443140
28401561
28376412
28340906
28311864
28263822
28196950
28100943
28112721
28083149
28099588
28122694
28146949
28139902
28161301
28150952
28176366
28140138
28119589
28102931
28091869
28069177
28045183
28006759
27960695
27921963
27907175
27840161
27781050
27793925
27736298
27705029
27698319
27697474
27636415
27611073
27609234
27619009
27638388
27604688
27588385
27574997
27549266
27566392
27593006
27590808
27608054
27584878
27537325
27490598
27431752
27433128
27441401
27397336
27350977
27387646
27389734
27390690
27397464
27373777
27380127
27357602
27376440
27422762
27407234
27465508
27494109
27434361
27411388
27390436
27370099
27368385
27404614
27417435
27422767
27415025
27437075
27470153
27504328
27544259
27627254
27615801
27648913
27640924
27645391
27645021
27704814
27738264
27772551
27810024
27789053
27785772
27793467
27837299
27844253
27855493
27851473
27817570
27872269
27932979
27984046
28032719
28058597
28073718
28083027
28076837
28149480
28173293
28193846
28191891
28139792
28114018
28124950
28152078
28139535
28162533
28170197
28205034
28249623
28280628
28324386
28337454
28314798
28373268
28377050
28440540
28485234
28535523
28538500
28534567
28511242
28481475
28446670
28450903
28432447
28445640
28431923
28413218
28389321
28326873
28363811
28367350
28422235
28451572
28456530
28459950
28477174
28420772
28432325
28484768
28500687
28499765
28522920
28547236
28543763
28543733
28563777
28548091
28508788
28476422
28459000
28421924
28386318
28385135
28369503
28325711
28341366
28364063
28419287
28463146
28476423
28501291
28516097
28486126
28455195
28440998
28394086
28368459
28326379
28300721
28264390
28235707
28188040
28121980
28026541
