739539994
739799488
740050579
740304625
740557222
740815222
741070462
741342148
741609748
741867730
742139041
742435780
742749697
743072821
743389609
743698147
743997571
744271768
744557401
744851374
745137433
745408756
745668550
745936513
746212957
746518111
746823892
747151132
747461503
747770068
748065649
748344838
748615231
748907857
749196130
749490688
749781589
750069739
750353875
750635134
750915553
751204489
751491202
751797100
752099887
752408914
752709430
752994037
753265963
753511219
753757540
754022554
754302643
754593910
754879240
755158567
755421661
755678251
755929423
756191242
756441847
756695812
756938914
757182787
757424737
757661578
757908385
758173084
758449000
758731006
759010525
759293788
759574018
759802801
760045660
760303045
760557076
760807096
761054740
761314849
761583751
761876887
762157696
762405160
762647629
762899032
763145251
763355605
763554505
763758610
763964095
764147899
764329156
764519395
764718652
764930068
765149323
765367876
765601261
765819187
766036417
766250206
766458247
766650559
766844314
767055550
767275024
767489692
767708185
767925640
768134719
768347488
768569011
768751870
768924613
769112635
769281568
769442686
769588141
769727953
769868959
770027044
770181484
770361043
770533861
770712628
770887915
771070645
771257569
771453193
771652885
771853663
772058080
772263205
772469218
772684576
772902883
773120809
773331103
773515075
773691694
773869807
774048352
774230956
774406792
774598714
774790549
774991033
775185412
775391698
775595605
775803589
776006080
776201371
776393731
776588395
776783074
776978002
777176515
777375844
777576853
777758860
777939907
778122355
778305691
778483891
778665643
778848229
779034634
779203741
779373100
779534467
779697151
779857630
780028306
780202636
780389644
780577942
780755761
780906016
781051120
781195795
781346350
781499227
781648969
781816978
781983742
782115688
782239861
782373802
782507743
782648212
782787778
782922898
783046285
783151114
783257557
783364744
783492586
783630493
783782884
783920899
784063159
784223899
784396576
784569274
784724959
784865884
784989598
785113768
785247514
785372701
785516629
785673103
785841403
785988511
786121954
786222682
786314545
786430555
786554026
786680656
786817288
786952150
787081507
787211299
787333678
787449409
787570948
787691065
787824121
787944256
788069812
788183605
788306233
788382631
788479159
788521636
788567434
788594077
788644504
788696074
788779972
788862226
788957221
789028321
789119431
789192988
789247159
789314895
789373136
789462074
789557579
789643958
789714888
789804288
789891503
789990515
790095623
790187743
790292851
790396804
790505110
790610128
790718434
790818169
790923304
791026144
791133160
791236816
791343016
791444791
791547886
791636518
791728510
791821762
791920579
792027316
792141229
792256063
792376228
792492235
792606892
792708685
792809026
792905386
793004308
793109446
793222999
793320235
793420831
793518067
793618663
793715899
793816495
793913731
794013082
794112166
794212120
794309959
794412223
794513257
794617651
794718685
794821834
794921950
795024376
795121684
795220822
795315640
795413818
795512014
795614458
795727468
795832408
795925393
796019638
796120945
796231396
796337716
796440703
796554451
796668703
796777081
796889869
796998271
797111545
797215510
797320879
797435941
797545843
797651320
797753053
797851426
797950138
798045847
798143671
798246586
798352861
798453646
798556726
798656446
798759526
798857470
798958774
799046044
799140937
799241440
799352509
799466257
799581481
799691392
799797412
799870462
799943707
800018107
800093323
800168539
800241784
800312809
800381914
800451796
800521678
800591560
800661442
800723932
800786422
800848912
800911402
800999092
801088027
801173836
801259645
801342961
801428941
801505219
801584692
801658375
801732058
801793444
801854830
801911806
801972247
802034803
802100290
802166809
802236331
802305853
802375375
802444897
802514419
802583941
802653463
802719361
802785259
802851157
802917055
802982953
803048851
803114749
803180647
803246473
803312299
803378125
803443951
803509777
803575603
803641429
803707255
803778940
803851780
803924620
803996983
804069523
804140821
804213007
804285193
804347467
804409741
804469351
804528961
804588571
804655429
804724951
804803173
804884062
804952891
805025080
805088776
805151407
805214395
805274023
805329163
805376311
805419349
805454386
805479630
805513806
805545582
805561038
805573550
805617818
805652600
805675616
805688522
805709018
805751789
805784345
805798193
805744023
805675257
805631709
805614873
805611411
805598349
805586655
805596042
805602786
805603470
805615074
805617009
805622109
805623849
805626924
805622547
805658835
805677198
805756107
805821936
805893057
805939434
805987548
806006289
806017713
806008056
806003013
805981494
805981878
806004276
806013193
806039009
806038850
806034770
806021531
806031067
806015029
806002430
805952153
805895177
