16422608
15573626
14731631
13907273
13230388
12734584
12257206
11809573
11362118
10937418
10573035
10615294
10970912
11338160
11693679
12068735
12442618
12816306
13145793
13434342
13712196
13947924
14256175
14590052
14920942
15243476
15558177
15878052
16211767
16492037
16743386
16975457
17184929
17467454
17765509
18130865
18500097
18874109
19255772
19649831
20038075
20444842
20847245
21267949
21703893
22169758
22631572
23089996
23409053
23544493
23674288
23790262
23917518
24029648
24162454
24291313
24416646
24558505
24687497
24811592
24939314
25077573
25280940
25555014
25856983
26203198
26476886
26721019
26986499
27240117
27475033
27699713
27927342
28201829
28502759
28841154
29179430
29437927
29715231
29923129
30122801
30333785
30559909
30820907
31084880
31360307
31636190
31885707
32130580
32350484
32574416
32775392
32977416
33174277
33346578
33493101
33624874
33750458
33848009
33948084
34032612
34088621
34147445
34163429
34179645
34162732
34088547
33978651
33814722
33647175
33471172
33283824
33083897
32928333
32795173
32669329
32560268
32452423
32352086
32270131
32196902
32127930
32046003
31973223
31889907
31805423
31727769
31590480
31472435
31333073
31187362
31082640
30952125
30841309
30727232
30620863
30522154
30420337
30326596
30254212
30193763
30125053
30059831
29999422
29947902
29902819
29882748
29885350
29901546
29958374
30046469
30150750
30287090
30430444
30583197
30744332
30896654
31037123
31179953
31319410
31432985
31551864
31674166
31781470
31901545
32014481
32124481
32235482
32358656
32461624
32550259
32648332
32718375
32776741
32831877
32860284
32905714
32931771
32958829
32974817
32975303
32984710
32986202
32969506
32944397
32922562
32886668
32837240
32771503
32696248
32599661
32488758
32346804
32185478
32016649
31836314
31653122
31469161
31271868
31092419
30915960
30735965
30545527
30343693
30147194
29937814
29711611
29482537
29221057
28850714
28559797
28277200
28002726
27745613
27499834
27254662
27014395
26804108
26592282
26402937
26226037
26076663
25933177
25819585
25691946
25611484
25572573
25568992
25589384
25632764
25714142
25820862
25955679
26114150
26299707
26524746
26773919
27042032
27341047
27651760
27992303
28323340
28675629
29026570
29388234
29747401
30100970
30402886
30748690
31193466
31644824
32097702
32576931
33169727
33680745
34174035
34663906
35143472
35604648
36072321
36539793
36990002
37445981
37878596
38299908
38697254
39084008
39452939
39834605
40170980
40477422
40755219
41008811
41242962
41453558
41641812
41814782
41974617
42114897
42235716
42359749
42467750
42559408
42648522
42715367
42787783
42852327
42907431
42952663
43008100
43076638
43205021
43290236
43290236
43290236
43290236
43290236
43290236
43290236
43290236
43290236
43290236
43290236
43290236
43290236
43290236
43290236
43290236
43290236
43290236
43290236
43290236
43290236
43290236
43290236
43290236
43290236
43290236
43290236
43290236
43290236
43290236
43290236
43290236
43290236
43290236
43290236
43290236
43290236
43290236
43290236
43290236
43290236
43290236
43290236
43290236
43290236
43290236
43290236
43290236
43290236
43290236
43290236
43290236
43290236
43290236
43290236
43290236
43290236
43290236
43290236
43290236
43290236
43290236
43290236
43290236
43290236
43290236
43290236
43290236
43290236
43290236
43290236
42621349
41894984
41137783
40386445
39632154
38869245
38101619
37334802
36559289
35776181
35002831
34219534
33443857
32665631
31873307
31074494
30289037
29495337
28695326
27893764
27080631
26267301
25458494
24643004
23816321
23001200
22174480
21337016
20510136
19671540
18829528
17997475
17158933
16317883
15474669
14628826
13801140
12982279
12473769
11995395
11536176
11085943
10647578
10219190
10470419
10795775
11152777
11513642
11879107
12256529
12637284
12929652
13244247
13521764
13773805
14081735
14405261
14762842
15100147
15419928
15727768
16081319
16398026
16658821
16889985
17109437
17360054
17630859
17999203
18355652
18728896
19111298
19495795
19891099
20294599
20696275
21112523
21550569
22000382
22467798
22921621
23381438
23530125
23661456
23785812
23905322
24035602
24164188
24293490
24419988
24556754
24681561
24810746
24943322
25074207
25303772
25554434
25858282
26192530
26471852
26723063
26958730
27209797
27452431
27697362
27896144
28143319
28435478
28770294
29112995
29393761
29692272
29905226
30105022
30318481
30550426
30794223
31052144
31325914
31606044
31862809
32107802
32331275
32556081
32768871
32968346
33172220
33349013
33496600
33638217
33768041
33887866
33995651
34086841
34153486
34205806
34233680
34235066
34228528
34171477
34053669
33908482
33738388
33561829
33379949
33175073
33001906
32868533
32729905
32617122
32500059
32405962
32316374
32238484
32186042
32096021
32011616
31942821
31851051
31755946
31652852
31534191
31401685
31254995
31139089
31011962
30898103
30781398
30677199
30573848
30479988
30381215
30308087
30245966
30175587
30097132
30022749
29965371
29926164
29909259
29907072
29927345
29968025
30052820
30159040
30281774
30419437
30570149
30728725
30888142
31028300
31168754
31306899
31426529
31544325
31656131
31769068
31882738
31990151
32103893
32222990
32332912
32446950
32552127
32631306
32708133
32771983
32826118
32864751
32906703
32937671
32970784
32983069
32993313
32991445
32997199
32992327
32961487
32935831
32905482
32863682
32808049
32729830
32634343
32532690
32387255
32235209
32064789
31888935
31707423
31521367
31334046
31152973
30976301
30796190
30607267
30420260
30222204
30010541
29792739
29561291
29320999
28963201
28658921
28385401
28113983
27863588
27616053
27383737
27135012
26913215
26690300
26498427
26323765
26183118
26027063
25912889
25791015
25689076
25625294
25602548
25626454
25671016
25742885
25839157
25964995
26117406
26297692
26507496
26758115
27019700
27319130
27624546
27961441
28296509
28640378
28985119
29349332
29718039
30071680
30396511
30630382
31077441
31526142
31981394
32437083
33017334
33544067
34028280
34517447
34985591
35446171
35900988
