306335742
306044818
305717348
305326656
304873632
304365798
303815039
303203445
302540616
301798783
301036578
300214791
299340036
298448855
297546456
296616666
295650131
294637164
293618825
292587328
291568416
290514667
289458248
288429395
287436541
286436311
285484629
284542904
283648561
282775187
281927675
281107107
280327509
279584794
278887946
278189167
277466423
276730470
275979425
275208721
274447761
273669740
272929015
272189472
271474535
270764838
270077118
269413545
268771149
268154359
267560068
266994583
266435004
265873468
265334450
264811882
264294139
263786286
263283147
262785020
262308196
261835950
261396583
260975571
260560454
260174601
259795563
259445865
259130098
258841409
258589063
258363886
258165792
257997355
257864035
257750306
257669946
257603007
257573614
257572335
257608879
257662410
257749944
257823624
257889555
257960414
258002870
258036676
258064162
258086602
258113512
258124985
258132843
258144956
258146201
258146201
258146201
258146201
258146201
258146201
258146201
258146201
258146201
258146201
258146201
258146201
258146201
258146201
258146201
258146201
258146201
258146201
258151721
258184923
258246337
258334560
258453820
258602393
258781894
258988919
259215772
259471451
259757574
260068002
260409361
260778864
261181848
261622324
262088847
262577916
263084060
263611841
264163361
264740872
265331941
265948189
266580859
267235943
267922027
268624655
269337863
270087395
270853691
271633180
272457668
273344164
274281003
275247849
276251115
277300950
278403155
279549177
280724645
281944712
283207184
284502120
285834739
287211079
288629867
290091540
291592253
293123460
294684550
296269785
297880128
299513244
301170238
302853083
304563751
306295260
308054141
309834715
311614244
313383440
315147971
316904390
318657229
320390613
322100342
323770082
325424351
327047574
328617428
330127585
331586650
332978489
334320435
335593355
336809148
337969740
339082797
340121824
341096090
342001605
342877171
343747932
344599420
345442754
346271265
347067932
347856161
348604500
349345772
350061954
350769181
351455676
352120494
352764135
353391443
353994743
354579992
355168846
355754056
356321589
356871922
357423346
357964586
358476360
358980631
359450106
359892131
360311352
360701484
361064191
361404589
361708585
361975124
362189748
362365987
362492648
362559687
362568221
362505258
362360882
362151989
361856554
361500644
361075685
360576510
360028068
359422107
358742609
358004528
357224583
356442071
355635509
354788632
353906933
352996267
352069092
351125743
350146768
349150246
348132900
347103511
346058019
344980905
343878357
342752616
341609313
340435465
339225029
337991846
336715087
335398265
334040558
332656938
331237047
329785738
328289822
326754515
325175478
323556347
321897556
320227052
318545051
316861642
315169340
313482294
311799111
310121920
308448131
306770912
305101656
303459707
301843237
300241889
298673900
297144115
295627244
294136637
292665504
291217475
289791369
288393841
287008302
285624116
284240074
282897142
281570687
280268122
278971536
277701312
276437280
275219794
274030531
272845504
271681059
270545767
269432302
268347947
267262903
266165380
265066658
263962620
262855359
261727214
260578759
259420328
258250310
257057260
255842040
254631252
253417222
252204305
250972125
249734657
248507768
247309849
246126908
244963863
243812455
242704545
241635557
240608046
239607009
238646620
237703672
236780065
235869263
234991649
234130007
233306332
232507941
231733928
230974402
230259790
229557075
228884005
228221983
227589507
226967583
226375349
225783240
225198112
224622390
224060443
223528400
223012981
222503649
222027861
221555017
221096687
220628200
220190407
219766801
219345288
218932423
218538329
218143202
217740992
217334356
216946218
216564322
216185416
215803213
215451910
215136336
214843015
214587073
214355731
214148388
213979904
213837863
213747011
213666400
213613341
213584688
213584703
213627028
213728903
213879085
214096052
214365342
214701617
215091394
215530349
216038791
216590896
217190068
217840024
218563761
219343706
220126218
220932780
221779657
222661356
223572526
224499701
225444779
226423754
227421521
228438867
229468256
230495940
231528053
232560634
233593850
234609256
235620512
236645342
237660406
238688392
239725557
240767493
241817298
242880548
243946772
245039535
246146722
247272300
248415596
249571875
250708800
251831497
252917560
253990337
255027395
256027248
256989592
257918662
258824725
259690130
260504117
261268078
261993713
262648559
263235912
263778996
264264486
264695618
265063817
265380375
265634286
265847805
266029912
266170363
266249104
266272488
266234036
266160407
266032154
265871276
265617585
265301362
264946190
264527271
264041194
263505191
262901345
262269545
261609852
260913834
260210458
259526106
258894567
258308426
257761296
257262064
256801556
256402204
256013872
255667660
255356858
255087497
254849885
254625596
254387832
254191249
253992597
253829908
253644884
253468650
253268592
253080729
252884677
252716903
252555596
252405486
252235746
252090191
251927278
251758549
251599758
251469219
251298609
251172151
251034888
250927810
250824825
250754680
250676087
250641022
250628081
250636765
250674216
250716892
250771446
250847711
250909191
251013337
251133529
251298846
251450364
251620037
251814108
252033647
252262509
252520608
252814960
253158661
253518452
253904122
254307803
254723461
255131215
255521358
255908908
256279579
256624975
256946955
257266317
257548174
257806930
258075587
258322510
258541260
258736350
258914152
259064016
259188758
259284343
259345325
259386855
259400496
259400240
259373009
259325857
259261287
259184746
259094674
258981357
258864831
258747612
258635777
258523183
258405219
258289356
258183643
258084845
257993014
257902523
257815845
257759613
257733899
257735715
257762955
257821691
257937472
258090183
258273762
258497880
258764509
259074382
259402589
259749222
260134307
260537460
260965580
261419039
261894874
262397386
262930965
263490269
264087615
264707140
265357128
266040458
266755305
267500024
268271180
269075031
269902993
270755502
271614127
272483159
273360515
274241287
275125301
276009618
276903880
277810474
278725720
279632504
280546191
281471772
282390401
283317041
284244229
285169403
286095826
287033982
287993871
288962844
289953181
290961759
291979733
292997538
294038663
295082492
296137978
297210183
298276842
299301219
300284828
301226149
302099833
302890176
303616325
304258057
304846895
305344438
305759083
306113259
306402942
306627257
306794560
306866447
306879226
306807605
306673381
306439929
306156364
305804513
305393522
304909783
304380871
303805799
303185890
302497375
301762483
300987185
300158541
299268774
298384724
297455556
296519602
295546858
294542150
293513371
292491295
291444975
290386676
289326533
288273977
287248591
286255805
285289515
284376518
283484023
282626199
281781177
281012856
280236860
279497051
278772378
278046154
277291691
276535056
275748981
274959764
274167392
273369974
272602961
271851843
271113027
270412803
269730646
269090653
268451940
267823992
267208982
266600350
265985054
265407663
264841759
264304875
263771576
263264197
262779785
262304834
261848487
261407841
260978909
260557074
260146567
259739892
259354396
259001405
258670374
258385381
258127652
257908529
257719093
257564384
257443820
257358798
257291484
257243509
257220116
257223398
257248778
257292405
257363120
257431271
257496556
257565717
257612528
257645423
257679963
257704618
257716401
257722299
257727907
257737915
257737915
257737915
257737915
257737915
257737915
257737915
257737915
257737915
257737915
257737915
257737915
257737915
257737915
257737915
257737915
257737915
257737915
257737915
257755003
257799114
257864190
257958934
258080541
258236225
258421793
258624747
258853118
259118354
259406746
259724756
260070318
260446749
260860578
261305619
261777673
262264427
262775715
263312228
263862090
264436876
265040271
265671934
266319010
266992025
267693755
268416290
269157045
