56957923
56770874
56570941
56402700
56218487
55921320
55513749
55033943
54415422
53883249
53551152
53384983
53416956
53537458
53651768
53846438
54139843
54575171
55093318
55667126
56056264
56297746
56403632
56403829
56411812
56461449
56523717
56625813
56758208
56919521
57116643
57322905
57515909
57728088
57931902
58103870
58256177
58393996
58511945
58609459
58685341
58744178
58781364
58777164
58738019
58676913
58593854
58498900
58401336
58269376
58118035
57960201
57782137
57592880
57399820
57213531
57022874
56834334
56663395
56486160
56316920
56109298
55784184
55361152
54828923
54219382
53769645
53484876
53415087
53495716
53599768
53736207
53980677
54344268
54793589
55379440
55894248
56211850
56417676
56462022
56447039
56454627
56495550
56574104
56670915
56813523
56994399
57197241
57408144
57602248
57804073
57991348
58154115
58307315
58434420
58538099
58623809
58687934
58735979
58768307
58754523
58710462
58639037
58559131
58465299
58341838
58203332
58048320
57865068
57672467
57490329
57307780
57117970
56930716
56751929
56546260
56373282
56225151
55960944
55595637
55121233
54543309
53985281
53590563
53390444
53370582
53495270
53607790
53755953
54046931
54448983
54954809
55549966
55984850
56269320
56383253
56391391
56385716
56414422
56478147
56572982
56701234
56851749
57034600
57257274
57445326
57661972
57862370
58048262
58217559
58357653
58487008
58590818
58664278
58729134
58770267
58776059
58751426
58693840
58616451
58524988
58427440
58301439
58154105
58004483
57836159
57643159
57457522
57270183
