15497665
15507781
15514105
15522980
15550277
15616653
15679239
15749523
15823307
15897300
15972885
16048136
16122784
16203979
16286224
16367682
16449443
16529249
16606782
16682497
16758391
16835737
16915604
16996619
17075305
17152851
17229784
17306268
17382381
17459307
17536819
17616768
17697309
17777531
17856505
17934226
18019879
18134636
18251918
18334475
18419433
18503037
18586694
18670740
18754830
18839388
18925518
19014050
19101602
19187446
19270401
19352217
19433444
19512915
19591074
19670301
19749475
19831191
19938479
20068400
20198472
20302542
20384143
20464729
20546918
20627830
20707166
20785557
20862430
20939619
21018791
21099125
21178693
21255966
21333293
21410824
21489146
21567991
21646244
21724556
21805686
21886534
21968928
22049058
22127067
22205985
22287153
22370705
22453418
22537139
22624229
22710846
22796291
22882061
22963943
23029675
23078954
23105814
23142396
23207939
23291879
23365723
23439800
23523561
23608297
23692387
23774164
23857072
23942736
24034758
24122433
24204917
24284278
24367399
24449316
24525393
24605043
24703102
24821070
24942795
25052235
25144169
25227112
25310843
25397213
25483888
25572604
25661326
25750304
25834837
25927120
26010691
26098816
26241450
26411116
26574428
26727903
26821116
26911140
27008314
27099828
27205326
27295292
27387933
27477048
27563887
27650292
27737625
27825123
27913233
28000579
28088058
28175122
28258000
28340439
28423546
28507814
28594011
28683853
28772577
28859582
28949459
29039600
29129920
29219655
29310418
29402174
29495313
29585827
29676186
29765212
29855616
29945616
30029459
30084427
30137808
30225548
30310591
30393318
30474818
30553801
30634069
30717230
30802220
30885002
30967188
31048272
31133690
31220637
31308221
31394713
31480999
31566245
31650760
31732928
31788427
31819248
31849954
31909254
31993350
32075220
32165458
32286201
32381002
32469253
32555824
32641407
32724655
32806776
32889172
32968153
33047155
33124811
33203230
33280073
33360531
33442572
33518381
33591577
33664143
33738931
33815546
33889771
33961729
34031008
34098749
34164163
34226660
34290077
34356075
34421442
34488421
34555895
34624309
34694406
34765134
34834779
34903317
34971906
35042227
35109910
35172197
35233239
35294835
35354823
35414919
35474336
35537735
35605210
35672829
35734516
35798824
35869349
35936279
35982776
36009458
36030846
36064856
36114115
36172762
36230318
36287412
36344733
36398142
36449998
36496242
36544532
36585520
36634794
36679169
36670310
36637922
36612102
36633795
36742239
36848896
36927908
36997451
37073611
37182123
37274518
37337803
37378033
37422327
37467567
37508771
37545398
37581515
37615601
37648803
37682031
37717061
37751217
37786595
37819681
37850248
37883192
37916833
37947906
37979009
38010508
38044322
38078502
38111590
38142433
38170806
38195487
38221471
38249516
38280033
38308223
38334259
38361221
38380995
38403753
38437977
38469578
38507337
38574180
38647251
38706602
38746709
38762538
38791587
38825600
38856825
38892814
38933133
38967333
39003104
39042210
39081639
39122105
39164214
39206618
39250385
39291025
39333685
39364312
39367146
39400866
39445696
39494121
39543058
39588139
39632931
39678970
39731190
39786453
39845255
39902601
39963575
40043508
40138604
40206441
40269339
40334518
40396228
40455116
40514213
40576452
40639693
40703252
40771925
40840981
40911155
40978903
41046280
41110582
41177096
41243327
41311666
41386883
41467026
41544429
41614665
41683377
41750100
41818565
41888985
41960689
42031425
42098621
42165599
42231269
42295863
42360804
42426426
42491576
42558666
42626676
42695686
42771868
42850073
42926503
43003593
43082049
43162045
43244238
43326949
43410670
43492259
43571221
43653658
43734788
43817428
43899723
43979894
44051657
44124610
44159524
44171278
44186463
44222057
44270452
44295265
44297315
44310657
44347899
44410063
44469150
44526772
44587971
44653234
44718429
44782771
44845326
44908271
44971265
45037443
45107898
45179239
45254918
45324745
45392565
45461185
45530540
45600489
45671910
45741245
45809069
45877792
45944178
46012813
46078613
46138882
46192617
46246674
46296560
46342946
46389543
46432888
46468501
46505762
46534834
46531785
46530185
46534730
46554765
46609117
46645628
46686160
46760391
46829833
46891717
46950876
46953323
46973732
46986405
46994494
46992950
46994334
46989183
46982351
46973812
46966560
46956765
46941608
46919373
46893424
46864167
46838097
46811731
46783056
46750697
46712715
46671498
46629836
46583345
46517732
46437598
46382668
46336964
46285308
46239959
46215247
46231278
46234566
46229353
46191097
46121241
46049165
45968934
45889175
45804686
45721124
45633210
45544702
45450855
45348742
45245614
45144222
45042871
44940330
44836401
44731616
44625397
44517396
44411117
44304233
44189860
44076973
43962086
43847344
43731078
43612784
43490488
43365453
43238805
43104035
42966894
42833108
42695662
42555349
42411199
42263171
42113459
41960746
41809474
41657724
41518475
41393060
41272334
41118999
40964622
40814035
40656779
40498516
40336722
40174879
40012175
39851319
39698782
39549819
39395950
39247996
39097035
38944481
38789599
38633243
38473994
38313930
38150840
37989978
37829020
37665977
37499833
37326157
37146178
36959038
36771442
36586026
36399221
36209928
36016365
35816034
35613778
35411479
35205007
35003060
34802348
34601794
34404412
34211794
34020225
33833667
33647501
33468404
33287847
33103834
32917255
32732407
32546572
32348199
32144726
31943294
31733299
31529340
31310350
31055706
30801701
30550162
30306606
30117375
29908480
29703029
29499794
29303867
29101986
28902237
28700395
28501684
28319947
28175857
28038505
27893681
27715518
27524107
27331113
27143648
26954094
26763991
26576234
26387272
26197709
26010170
25817864
25624387
25434112
25240161
25045279
24846039
24631925
24378342
24133827
23895729
23690235
23512037
23334084
23161524
22989967
22822033
22653075
22484729
22316133
22148561
21980421
21808889
21640347
21476783
21310358
21147795
20985616
20824301
20665274
20504450
20346424
20195886
20041547
19889450
19736424
19584821
19433650
19283999
19138422
18994164
18849083
18706838
18564927
18436706
18318355
18199441
18064753
17924067
17782030
17640970
17502601
17348710
17180401
17005090
16861283
16719339
16577973
16442493
16308756
16173955
16038518
15901977
15765429
15623073
15479121
15340757
15202440
15065446
14929565
14796135
14664682
14535646
14406710
14284506
14162225
14040129
13917053
13792438
13666596
13546714
13427161
13309775
13191385
13074532
12957770
12843684
12732924
12625494
12517966
12413749
12308926
12203659
12099527
11995344
11890553
11785641
11680743
11577070
11473642
11370933
11269558
11172875
11078505
10987717
10899670
10821397
10744527
10666543
10587953
10511599
10438908
10364619
10289939
10215964
10141240
10065766
9992260
9921446
9853953
9789192
9724741
9665237
9604773
9526798
9408569
9283945
9169600
9091698
9027914
8983870
8969344
8959521
8932315
8870955
8809531
8750150
8691450
8634767
8576282
8516798
8456854
8400709
8346190
