267356270
267356270
267356270
267356270
267356270
267356270
267356270
267356270
267356270
267356270
267356270
267356270
267356270
267356270
267356270
267356270
267356270
267356270
267356270
267356270
267356270
267356270
267356270
267356270
267356270
267356270
267356270
267356270
267356270
267356270
267356270
267356270
267356270
267356270
267356270
267356270
267356270
267365510
267376710
267402550
267443479
267491104
267540489
267593086
267610174
267610174
267649910
267720859
267743011
267803595
267906805
268008162
268092011
268190665
268294429
268344182
268422339
268546225
268661561
268768121
268899283
269008132
269088676
269169820
269236172
269325012
269413276
269488756
269577645
269689285
269775823
269829527
269915527
269987703
270038887
270061967
270147591
270200664
270251896
270306429
270339277
270381333
270416557
270460810
270471898
270478226
270483330
270483330
270483330
270483330
270483330
270483330
270483330
270483330
270483330
270483330
270483330
270483330
270483330
270483330
270483330
270483330
270483330
270483330
270483330
270483330
270483330
270483330
270483330
270483330
270483330
270483330
270483330
270483330
270483330
270483330
270483330
270483330
270483330
270483330
270483330
270483330
270483330
270483330
270483330
270483330
270483330
270483330
270483330
270483330
270483330
270483330
270483330
270483330
270483330
270483330
270483330
270483330
270483330
270483330
270483330
270483330
270483330
270483330
270483330
270483330
270483330
270483330
270483330
270483330
270483330
270483330
270483330
270483330
270483330
270483330
270483330
270483330
270483330
270483330
270483330
270483330
270483330
270483330
270483330
270483330
270483330
270483330
270483330
270483330
270483330
270483330
270483330
270483330
270483330
270483330
270483330
270483330
270483330
270483330
270483330
270483330
270483330
270483330
270483330
270483330
270483330
270483330
270483330
270483330
270483330
270483330
270483330
270483330
270483330
270483330
270483330
270483330
270483330
270483330
270483330
270483330
270483330
270483330
270483330
270483330
270483330
270483330
270483330
270483330
270483330
270483330
270483330
270483330
270483330
270483330
270483330
270483330
270483330
270483330
270483330
270483330
270483330
270483330
270483330
270483330
270483330
270483330
270483330
270483330
270483330
270483330
270483330
270483330
270483330
270483330
270483330
270483330
270483330
270483330
270483330
270483330
270483330
270483330
270483330
270483330
270481842
270453794
270374125
270232239
270002538
269750107
269343327
269117381
268946233
268777175
268659906
268554876
268429997
268319839
268157484
267962548
267763856
267574921
267330642
267097638
266873433
266596614
266377557
266165498
265981930
265773606
265562799
265346271
265101263
264869763
264613722
264292243
263949289
263551825
263199737
262851942
262566377
262390394
262238383
262068658
261891200
261740608
261556927
261312819
261052408
260822553
260618828
260426455
260130780
259744377
259330254
258743049
258127124
257684585
257292191
256922450
256748339
256555082
256339385
256165894
256013831
255871136
255705971
255556781
255422970
255315032
255215329
255138150
255054367
254871047
254645259
254455327
254278349
254154063
254017073
253907410
253798236
253707955
253578617
253439397
253250338
252929653
252612232
252478528
252417792
252370248
252342272
252282743
252222400
252145664
252062014
252062014
252062014
252062014
252062014
252062014
252062014
252062014
252062014
252062014
252062014
252062014
252062014
252062014
252062014
252062014
252062014
252062014
252062014
252062014
252062014
252062014
252062014
252062014
252062014
252062014
252062014
252062014
252062014
252062014
252062014
252062014
252062014
252062014
252062014
252062014
252062014
252062014
252062014
252063502
252091550
252171219
252313105
252542806
252795237
253202017
253427963
253599111
253768169
253885438
253990468
254115347
254225505
254387860
254582796
254781488
254970423
255214702
255447706
255671911
255948730
256167787
256379846
256563414
256771738
256982545
257199073
257444081
257663173
257900905
258193303
258496739
258851848
259145657
259422998
259621115
259692646
259725866
259777021
259822620
259829967
259875043
259981940
260097865
260183761
260209065
260189573
260231279
260317637
260376977
260590978
260739473
260691638
260544113
260423981
260240709
260021737
259814500
259574587
259289918
258929613
258556775
258174151
257810079
257415780
257027883
256615847
256165492
255799182
255488645
255138453
254663801
254095047
253524316
252924918
252401121
251881394
251427955
250979296
250605117
250362332
250119886
249679454
249170428
248626746
248071827
247567252
247095918
246662165
246273479
245832334
245432793
245050315
244557074
244050565
243570334
243122516
242699783
242256869
241811602
241353876
240919296
240488272
240028398
239545921
239078912
238582783
238064717
237565272
237091531
236545829
235963370
235382186
234852251
234376728
233943296
233521085
233299358
233147426
232997979
232851825
232674169
232426649
232156766
231891029
231632072
231384966
231144610
230910521
230679761
230458038
230243026
230029371
229828675
229633353
229453922
229274857
229111814
228950619
228794449
228642762
228508677
228386755
228279656
228173103
228086871
228010808
227952558
227905857
227894553
227869900
227857135
227842162
227820945
227806049
227794041
227783841
227785745
227794486
227823567
227863085
227905440
227963719
228034173
228121621
228226073
228344864
228463434
228595293
228738538
228877143
229014354
229158840
229302799
229481220
229693085
229947054
230247099
230601882
230975086
231442516
231932890
232472809
232962682
233320065
233732294
234155228
234568632
235005364
235508364
236046367
236578181
237076064
237578301
238065901
238555116
239089254
239638884
240175209
240715333
241366963
242060003
242767724
243476785
244109756
244719764
245302541
245890420
246453658
247017128
247576995
248151131
248720893
249312119
249895014
250459118
250990795
251501284
251973620
252414765
252814306
253196784
253690025
254196534
254676765
255124583
255547316
255990230
256435497
256893223
257327803
257758827
258218701
258701178
259168187
259664316
260182382
260681827
261155568
261701270
262283729
262864913
263394848
263870371
264303803
264726014
264947741
265099673
265249120
265395274
265572930
265820450
266090333
266356070
266615027
266862133
267102489
267336578
267567338
267789061
268004073
268217728
268418424
268613746
268793177
268972242
269135285
269296480
269452650
269604337
269738422
269860344
269967443
270073996
270160228
270236291
270294541
270341242
270352546
270377199
270389964
270404937
270426154
270441050
270453058
270463258
270473762
270483330
270483330
270483330
270483330
270483330
270483330
270483330
270483330
270483330
270483330
270483330
270483330
270483330
270483330
270483330
270483330
270483330
270483330
270483330
270483330
270483330
270483330
270483330
270483330
270483330
270483330
270483330
270483330
270483330
270483330
270483330
270483330
270483330
270483330
270483330
270483330
270483330
270483330
270483330
270483330
270483330
270483330
270483330
270483330
270483330
270483330
270483330
270483330
270483330
270483330
270483330
270483330
270483330
270483330
