44180131
44095998
44056886
44044022
44051142
44042267
44067341
44053406
44037911
44047212
44098492
44050623
44023564
43969108
43926324
43875993
43833190
43795148
43760943
43732609
43693416
43679908
43670146
43663812
43650223
43636522
43614647
43585629
43551572
43539761
43501550
43455703
43427547
43380857
43319520
43264857
43174251
43093296
43018761
42911247
42769039
42641084
42480988
42335360
42177833
42095700
41926596
41764219
41592779
41520084
41520084
41512236
41496948
41480868
41618852
41723308
41814340
41879620
41955524
42031945
42072990
42092446
42146470
42200038
42262458
42319517
42378688
42436943
42498942
42553973
42609655
42664210
42707579
42777342
42937846
43112326
43284638
43465216
43514577
43580683
43668496
43786744
43885347
44001915
44140350
44284954
44444269
44589299
44738576
44880940
45046032
45193665
45338253
45500776
45628191
45789332
45915935
46013981
46141809
46260626
46360782
46458205
46509565
46565326
46480068
46487139
46449480
46413279
46234233
45958854
45687828
45415469
45137011
44850721
44551429
44255702
43949330
43630552
43331188
43056611
42784181
42492568
42204142
41958400
41705616
41458576
41237945
41021342
40811563
40655224
40545314
40329532
40131670
39900446
39854694
39854694
39854694
39998798
40126030
40233702
40312582
40425223
40515503
40604320
40690245
40782669
40887629
40912029
40974101
41045200
41082554
41151227
41173848
41180281
41209734
41304684
41428042
41553090
41722647
41917516
42137706
42375392
42596072
42846684
43087499
43352876
43610733
43885043
44150534
44421928
44698487
44978921
45261579
45547295
45821438
45983705
46163187
46327591
46527936
46721510
46923123
47109464
47261630
47478018
47713402
47904001
48111117
48280438
48410179
48472645
48649818
48791291
48861364
48746259
48574023
48400858
48214782
48021453
47816918
47624543
47409022
47210976
46985978
46757641
46535632
46322435
46205802
46102801
45975518
45848580
45852595
45852302
45978549
46083416
46150891
46215605
46270014
46314142
46325494
46326886
46331406
46336926
46336422
46336422
46336422
46341526
46345774
46355662
46363142
46374230
46382654
46365246
46339974
46337321
46431677
46505291
46544086
46552993
46634049
46694809
46757278
46824535
46825520
46787469
46759535
46696832
46680080
46683289
46712725
46668160
46668727
46829878
46990735
47162971
47336136
47522212
47715541
47920076
48112955
48328476
48526522
48751520
48980857
49204834
49429711
49625952
49792145
49966921
50175505
50249193
50369945
50396537
50383169
50359913
50334585
50304196
50265195
50226938
50177197
50124135
50054277
49986155
49924499
49923499
49923499
