32417377
32329014
32291979
32198582
32048867
32035610
31979930
31817785
31765247
31701881
31552974
31521585
31461617
31303309
31242446
31153142
31005430
30957549
30856068
30726112
30695574
30613977
30470094
30495349
30402896
30268784
30306501
30288040
30151731
30171882
30119669
29971987
29947126
29897649
29748654
29759133
29735218
29588229
29623823
29642239
29523092
29575767
29591793
29486063
29520782
29517376
29380959
29432249
29474014
29376142
29429883
29487646
29356585
29390762
29410485
29283336
29324765
29378035
29277748
29341493
29366746
29275450
29297590
29365160
29235254
29271589
29349415
29268715
29234155
29311175
29226993
29211105
29266418
29226762
29229535
29284558
29220117
29255406
29304699
29228460
29254529
29329906
29267213
29268380
29345195
29284459
29221897
29312113
29261977
29271372
29380589
29405262
29495605
29640490
29654169
29724193
29892977
29876580
29931574
30101985
30146128
30197936
30350840
30397754
30467159
30622618
30631879
30650349
30779485
30805919
30853673
31013743
31062501
31145419
31352741
31401276
31485289
31618157
31629377
31676358
31788560
31843688
31909704
32036738
32039954
32108144
32225253
32307050
32362808
32462250
32521977
32608843
32693233
32763635
32840195
32936388
32986451
33050985
33141633
33181032
33233154
33261376
33352562
33398623
33415242
33493016
33533333
33560818
33596067
33626788
33623612
33576185
33569059
33539125
33487975
33453636
33428039
33349300
33288432
33187770
33111287
33057389
32973992
32895224
32864518
32799871
32730987
32690119
32607028
32493590
32455365
32369294
32259084
32169307
32085195
31940751
31902931
31830926
31764551
31748958
31667066
31527855
31535620
31490293
31339516
31291443
31238122
31100855
31073495
31023256
30876852
30821714
30743915
30607843
30565275
30475023
30356971
30330898
30260246
30129266
30151637
30053200
29927299
29958872
29936936
29804378
29819346
29766958
29625651
29590230
29538850
29400002
29401857
29374147
29242585
29281527
29303452
29193960
29250947
29266455
29181224
29211307
29215550
29101836
29148527
29199526
29116109
29166706
29223174
29100704
29137105
29155437
29038108
29075605
29126824
29047280
29094609
29104787
29020097
29030733
29089393
28969774
29001485
29091737
29022340
28978980
29054165
28982263
28962380
29028458
28999041
29008167
29056443
29002782
29039071
29097517
29037689
29070346
29152452
29095422
29094093
29167534
29122825
29073295
29170828
29126650
29147221
29266846
29295243
29390687
29535061
29561771
29628087
29783584
29768943
29809628
29963859
29991405
30036251
30159251
30196436
30254832
30383123
30384950
30386706
