56638571
56674714
56693156
56763434
56784598
56815936
56850284
56833685
56834665
56845853
56833130
56797691
56728120
56691677
56654502
56617100
56628848
56615322
56605756
56645079
56649026
56690836
56710674
56769810
56806608
56874207
56919893
56939504
56948080
56890720
56829437
56777294
56727222
56726894
56733762
56692851
56680814
56709611
56717513
56777068
56843535
56873302
56868882
56914580
56911017
56932723
56889288
56793993
56759636
56709796
56669788
56650603
56625281
56591320
56581459
56536794
56515887
56553514
56577240
56599087
56636300
56653810
56676603
56713656
56712562
56689973
56676562
56658830
56645064
56632594
56577816
56608253
56620777
56632004
56643415
56667988
56743181
56761614
56778128
56810700
56787684
56805183
56818548
56822025
56807009
56750900
56685079
56651396
56630630
56614512
56591164
56596490
56577713
56614726
56652231
56694097
56810285
56881205
56954697
56998713
56977133
56966602
56974362
56963209
56908171
56904670
56893351
56883811
56869746
56881315
56905490
56982919
56989187
57044201
57139593
57146150
57160916
57152258
57153794
57138060
57109285
57087178
57044447
56985777
56922717
56879202
56856309
56880244
56898873
56903054
56921691
56965767
57004783
57036930
57065678
57028072
57009452
56993952
56942351
56898489
56852914
56858102
56832549
56746168
56740458
56759383
56796382
56855841
56875517
56899554
56884329
56912871
56978546
57005044
57034780
57013736
57010016
56974228
56932104
56883282
56800583
56743467
56707305
56648477
56638840
56617491
56623547
56645455
56649118
