28775823
28164136
27516579
26892176
26260396
25620038
24984312
24347509
23721909
23113878
22490740
21857281
21225422
20560068
19906183
19227591
19446046
19639846
19843026
20017071
20146480
20225100
20179397
20126656
20036928
19900117
19760725
19600062
19420965
19203731
18985214
18733790
18490204
18279294
18126274
17963891
17803002
17680465
17484865
17237885
16932683
16679397
16455106
16239277
15986873
15710335
15483549
15298005
15157162
15045352
14954702
14894440
14821172
14695521
14603345
14535070
14424385
14360229
14306545
14192282
14095417
13915517
13631957
13505062
13268131
12969814
12678705
12389287
12104896
11809565
11487395
11183547
10883404
10581364
10306171
10045367
9808618
9591675
9406201
9213203
9032262
8868975
8734468
8691466
8651541
8631260
8649632
8697504
8776256
8857906
8940517
9012325
9126903
9240373
9337510
9369740
9374591
9374907
9321679
9246625
9217490
9223375
9131948
8998835
8914805
8792839
8713554
8735789
8749198
8782733
8813478
8816562
8767214
8653829
8578698
8520230
8419464
8411123
8349369
8259558
8238770
8256575
8379144
8590148
8647498
8759310
8986143
9162530
9354371
9534576
9720620
9916288
10111467
10296830
10483435
10773583
11065737
11357436
11689446
12054544
12451674
12805959
13093541
13419307
13767444
14059884
14340895
14600374
14833542
15021081
15183686
15345013
15601850
15765452
15952349
16049458
16154931
16247504
16321200
16413151
16524016
16589022
16653724
16751521
16759081
16710077
16692332
16608637
16457578
16288148
16110966
15922373
15762212
15647037
15515743
15401754
15308423
15231918
15076794
14933365
14871046
14750024
14611353
14517170
14434067
14380254
14378453
14353735
14437451
14390844
14398745
14461813
14521780
14556040
14611043
14673087
14619595
14520491
14403716
14230098
13946501
13650394
13416777
13187614
12969565
12717881
12534134
12354516
12177058
11969094
11775283
11558463
11379862
11198822
11070640
10860989
10715344
10585859
10480859
10433123
10364571
10284811
10213632
10145922
10036472
10015495
9983256
9917666
9916339
9900393
9872988
9853589
9829274
9788738
9755451
9783790
9828130
9896757
9962379
10032757
10098669
10105181
10186389
10277024
10342925
10410490
10519660
10578918
10602463
10567744
10692660
10735477
10748946
10852658
10996719
11144539
11297458
11472364
11652697
11913469
12177246
12448116
12691519
12847410
13087281
13249154
13421236
13646882
13873653
14079148
14282870
14526458
14854125
15166578
15380315
15588065
15763632
16008003
16175647
16397660
16564036
16745202
16930019
17162969
17421318
17706268
17974769
18235149
18536257
18785246
19017302
19253978
19458156
19670658
19849246
20022214
20131369
20155727
20093116
20070161
19965320
19847137
19701687
19546144
19333404
19138551
18916063
18650571
18452102
18254699
18093344
17904954
17774489
17656105
17448267
17206225
16895636
16660107
16421896
16233228
15964076
15674582
15436111
15251500
15139364
14986784
14893712
14824402
14769958
14637843
14538854
14458720
14394680
14338361
14254464
14119324
13992639
13792760
13496700
13404296
13148327
12839753
12546291
12255781
11955418
11646887
11334391
11024989
10727365
10419046
10160590
9938575
9708809
9506876
9311595
9130698
8936608
8778181
8680659
8676460
8606553
8587477
8604585
8689340
8772515
8863305
8941363
9029423
9143189
9218378
9310437
9329815
9322219
9306560
9239930
9178526
9116241
9101799
8999284
8906038
8864325
8739618
8694460
8727614
8746331
8766754
8836797
8835351
8774902
8650262
8578822
8496420
8435723
8403892
8341309
8259907
8240654
8254419
8435246
8639000
8681298
8842530
9068724
9250557
9463586
9633091
9844960
10054960
10277497
10481837
10679064
10941516
11202028
11511156
11878496
12243088
12610279
12968694
13289239
13611038
13957972
14228392
14491418
14727117
14917705
15069485
15229681
15466908
15625530
15793849
15951234
16074248
16204509
16188691
16091910
16935274
17775370
18633183
19503630
20374005
21234447
22006134
22879638
23709093
24448424
25166013
25870854
26531617
27243577
