201528218
201413922
201306450
201216810
201143538
201078362
201008962
200939442
200863370
200771338
200669634
200559986
200446866
200323506
200193010
200049594
199911818
199763258
199621098
199480610
199335410
199174954
199009762
198841730
198689314
198530506
198378642
198318810
198327204
198376281
198612475
198909508
199248950
199624351
200032885
200505981
201078965
201705016
202383663
203141349
203907844
204658690
205450122
206266623
207077134
207892919
208746557
209617421
210565565
211575545
212669351
213780509
214891660
216005392
217140144
218229770
219377907
220586927
221814650
223054081
224331139
225605218
226867781
228106077
229284155
230425542
231575814
232723296
233880151
235048621
236170809
237171161
238171214
239055258
239910924
240693591
241472792
242207184
242878581
243518880
244137140
244736927
245359692
245975026
246550796
247049913
247532278
247929991
248208805
248366379
248437608
248353346
248140820
247870200
247541918
247150164
246744241
246435706
246264304
246053778
245828393
245577563
245263256
244844596
244466675
244109858
243753888
243392593
243050167
242700849
242362246
242049595
241719835
241343303
240953021
240564832
240177110
239798118
239421916
239050386
238690068
238338090
237980687
237628087
237255010
236857629
236477546
236063638
235661522
235245290
234825981
234400601
233958041
233513221
233043006
232586080
232144142
231701085
231288976
230897981
230511431
230151616
229826594
229525333
229241463
228948338
228678017
228441843
228213324
228034179
227893633
227815526
227774885
227734752
227758552
227900856
228047848
228204224
228360925
228510829
228664605
228815453
228977797
229155501
229343333
229526125
229697485
229868093
230037597
230213893
230394933
230584165
230775245
230953885
231139301
231336069
231528877
231697165
231861869
232031093
232210517
232387925
232564021
232734981
232905837
233073485
233239653
233401733
233571781
233748965
233931341
234122109
234334461
234562934
234809613
235063242
235321385
235577877
235827739
236072322
236324003
236575549
236828715
237079690
237336942
237602510
237866496
238147807
238429852
238741014
239058819
239387056
239724349
240072203
240428799
240777831
241109111
241449538
241830861
242208080
242613606
243018036
243432968
243868586
244325068
244780591
245213862
245636720
246067064
246511441
246948903
247385946
247829254
248238807
248635696
249034890
249438529
249838251
250242057
250646548
251027271
251434543
251895715
252376693
252855786
253337380
253814004
254297902
254785488
255262774
255748648
256257091
256769539
257297352
257841413
258370760
258918924
259459264
259977680
260487757
260988268
261482410
261970207
262479118
262986972
263430329
263892472
264315813
264735128
265145183
265526934
265869907
266186194
266491946
266790505
267075171
267322567
267566809
267772369
267948934
268073575
268172450
268263229
268301576
268216247
268133862
268045801
267963948
267870972
267778884
267684163
267584507
267490478
267396055
267291322
267196374
267088081
266971877
266842126
266753491
266666772
266577125
266489456
266407608
266331521
266262542
266195875
266130516
266069542
266031200
265983318
265926296
265873070
265822628
265770454
265717036
265663799
265611202
265580370
265570170
265570170
265570170
265570170
265570170
265570170
265570170
265570170
265570170
265570170
265570170
265570170
265570170
265570170
265570170
265570170
265570170
265570170
265570170
265570170
265570170
265570170
265570170
265570170
265570170
265570170
265570170
265570170
265570170
265570170
265570170
265570170
265570170
265570170
265570170
265570170
265570170
265570170
265570170
265570170
265570170
265570170
265570170
265570170
265569170
265564762
265559026
265532370
265483762
265442186
265410842
265355434
265268640
265174184
265086115
264965243
264800338
264614704
264446133
264253093
263956732
263653604
263326124
263015884
262696076
262392956
262068444
261729580
261386284
261033860
260668673
260263051
259834378
259364810
258858306
258357783
257807929
257243089
256664161
256076392
255459611
254832559
254201279
253449592
252588806
251681708
250772248
249801840
248823425
247889414
247072051
246244486
245268108
244373480
243559219
242679650
241842328
240977573
240109500
239190645
238252172
237249287
236197174
235126983
233976591
232889502
231888509
230863870
229782345
228623460
227397609
226182061
225085663
223979252
222970132
222029866
220988377
219970675
218921372
217902693
216906989
215947294
214976556
214008487
213042542
212043808
211033574
210086986
209118608
208108837
207058222
205992094
204970972
203994808
203006393
201956226
200934374
199891734
198873964
197853801
196817474
195761380
194677665
193631704
192615491
191603995
190575889
189582938
188707546
187914968
187136785
186408871
185711559
185057957
184476092
183911063
183239074
182585673
181923240
181208534
180496414
179839840
179279126
178707565
178086537
177560039
176962389
176271557
175520190
174642796
173842733
173001074
172175217
171319002
170609447
169790950
169015625
168174907
167268701
166344942
165394986
164523175
163655265
162614894
161536104
160492243
159516480
158559682
157500052
156610752
155765602
154897842
153988905
153115017
152210915
151311787
150446334
149604918
148749566
147941678
147149462
146384390
145690702
145136610
144727270
144421512
144177824
143930712
143699915
143495675
143326118
143163842
143178236
143346433
143583391
143804470
144103295
144436631
144751931
144919932
145112842
145468028
145750699
146000542
146345550
146688253
147057012
147485392
147977120
148464360
149013931
149739531
150594018
151611291
152502786
153278118
154125738
155035960
155989583
157071895
158167369
159148329
160163515
161065802
161887990
162818026
163708350
164599454
165460707
166341901
167228794
168130366
169065853
169954559
170858670
171796027
172660399
173483641
174337828
175270099
176209107
177094445
177870460
178718347
179654586
180601805
181567829
182523327
183466274
184432129
185424495
186455378
187447115
188413720
189401944
190412770
191397873
192272265
193062875
193835034
194562948
195260260
195913862
196495727
197060756
197732745
198386146
199048579
199763285
200475405
201131979
201692693
202264254
202885282
203411780
204009430
204700262
205451629
206329023
207129086
207970745
208796602
209653817
210367780
211192013
211993994
212883320
213831102
214786205
215791569
216750174
217712540
218840980
220040642
221249408
222410805
223536174
224788844
225974505
227122783
228318023
229537200
230730896
231938118
233161758
234366075
235562427
236793731
237999147
239235043
240459083
241648819
242727887
243705851
244618449
245507777
246407201
247311910
248224115
249126133
250035159
250893986
251718917
252523272
253342591
254138939
254902803
255645951
256413971
257158424
257881386
258590004
259249311
259866257
260448937
261026786
261559455
262078670
262624624
263177594
263598136
263908263
264146115
264436657
264770611
265063834
265364888
265658785
265889043
266098764
266301871
266474944
266657864
266844921
267023041
267215778
267434951
267630719
267793111
267922935
268045327
268128351
268257764
268405805
268531919
268666732
268842700
269008484
269126828
269253948
269389732
269589881
269730409
269844337
269918970
269995586
270057858
270135074
