137983468
137914762
137864774
137865234
137801136
137748121
137759502
137707029
137653560
137652992
137592538
137520743
137496314
137425722
137334287
137302558
137221824
137126361
137103269
137030716
136950427
136940367
136873866
136818831
136805364
136721283
136643146
136637507
136559706
136474016
136456144
136385300
136257447
136220483
136140326
135994725
135968250
135891570
135792568
135784658
135701551
135593847
135588899
135517153
135448141
135447681
135385214
135308696
135310753
135224427
135135144
135167234
135117735
135013728
135040857
134992659
134911968
134934848
134878829
134785939
134795873
134722826
134630229
134648624
134578902
134488417
134498043
134431652
134345562
134345045
134272785
134191594
134193234
134126195
134040761
134041111
133975058
133897949
133892985
133808076
133722188
133714720
133646058
133549706
133570325
133494525
133407345
133424741
133357595
133262168
133291651
133212482
133132599
133185033
133127056
133038414
133091370
133029227
132958616
133034299
132970084
132901096
132991574
132925174
132861218
132954411
132896913
132815398
132883235
132808467
132743306
132822174
132751638
132685938
132781375
132717665
132667988
132778021
132722960
132686804
132812579
132751312
132718328
132843551
132791715
132773294
132923791
132896208
132907116
133070744
133041726
133065209
133221078
133170818
133188355
133338212
133290689
133301532
133423406
133378551
133412112
133546452
133478760
133494552
133637936
133586129
133608431
133782679
133731044
133750175
133930057
133900321
133935375
134092547
134052118
134086750
134253192
134207328
134244327
134395232
134341021
134398190
134527425
134478780
134527511
134665423
134598947
134625585
134773905
134719382
134756854
134904450
134845813
134889610
135035258
134976324
135032508
135191972
135133778
135191930
135341568
135283543
135336849
135481055
135433420
135489580
135622622
135566272
135622835
135760611
135701589
135750347
135879577
135819489
135878079
136001974
135951599
136003366
136139532
136072074
136121902
136251559
136200845
136261519
136396665
136340573
136399303
136523955
136468210
136536283
136671732
136630932
136706379
136848152
136795403
136839410
136962202
136916077
136978521
137123006
137083616
137141814
137273763
137221828
137280435
137418737
137386429
137456055
137598624
137559827
137626003
137744386
137684341
137738687
137838941
137766181
137815812
137901269
137829515
137881664
137960539
137881837
137933594
137993278
137921085
137981577
138038828
137978422
138051519
138106535
138036967
138094295
138149953
138083114
138141181
138191701
138124553
138198137
138260146
138187619
138257551
138306093
138246485
138335337
138396363
138347249
138403713
138445339
138376665
138425757
138474232
138405449
138457014
138491761
138400300
138455724
138461022
138400457
138447798
138485393
138427524
138463155
138486016
138431658
138460297
138471023
138393318
138429828
138442050
138378063
138426808
138443671
138364900
138404444
138416014
138345632
138394284
138407369
138338453
138387850
138403950
138341299
138397254
138407730
138345343
138405744
138423039
138361350
138428131
138454450
138406875
138465963
138482858
138432999
138482511
138508483
138455961
138496192
138502664
138452900
138490454
138510893
138456079
138472383
138462287
138405435
138406908
138393604
138312397
138305588
138325796
138261947
138232354
138236310
138146213
138102610
138101910
138041908
138034214
138050375
137967189
137931429
137932339
137845902
137803366
137800900
137722954
137688366
137689081
137615415
137578088
137589724
137525347
137487886
137487573
137415890
137360188
137336014
137255377
137179671
137148197
137059255
136979021
136956184
136874898
136809582
136799777
136722772
136682102
136668890
136574305
136521306
136515414
136426813
136369969
136351844
136269771
136168956
136131739
136040077
135922734
135896006
135807821
135732536
135723873
135629966
135545300
135539599
135457053
135410138
135408925
135335658
135279273
135280577
135183451
135115937
135146782
135086779
135005102
135030986
134972284
134914426
134936553
134869734
134799846
134810035
134726188
134657000
134675650
134595128
134526817
134536190
134458999
134394654
134392892
134309832
134249794
134250189
134172350
134107314
134105935
134029082
133971270
133964577
133868868
133803493
133794780
133715614
133640812
133658758
133572454
133507352
133517835
133439460
133366607
133385145
133294747
133237674
133277115
133208634
133143462
133182789
133111078
133064337
133123895
133049176
133004246
133079964
133001660
132961285
133044278
132972172
132915198
132974827
132886846
132847459
132915527
132833486
132793287
132874620
132800110
132775658
132870291
132804726
132794251
132904338
132832567
132827447
132936662
132874026
132882002
133016406
132977594
133012995
133160894
133121076
133162007
133302647
133241587
133267857
133402741
133344418
133365765
133473274
133417619
133461684
133581831
133503339
133541299
133670670
133608063
133657707
133818130
133755695
133799960
133966417
133926177
133985021
134128980
134078047
134130004
134283453
134227544
134277548
134415924
134351209
134420423
134537373
134478224
134538008
134663391
