267823598
267873559
267905671
267934559
267947811
267961147
267997571
268024744
268049674
268058023
268053719
268058612
268063097
268059817
268063742
268076982
268103652
268129245
268159492
268184256
268194704
268207702
268212147
268226189
268239194
268256331
268257283
268257318
268270182
268289642
268299114
268296314
268281337
268274684
268260183
268263974
268271141
268284469
268299190
268317559
268333735
268360277
268386662
268400423
268395063
268416412
268434410
268439223
268425743
268429440
268446153
268463466
268480459
268493288
268501536
268517862
268528515
268545996
268569506
268575746
268591850
268612683
268644532
268673825
268702898
268734155
268755151
268774156
268825662
268866244
268912302
268951950
268986686
268997231
269006919
269027711
269045919
269062408
269074461
269072069
269060980
269052044
269037700
269026548
269020143
269020770
269020527
269026460
269037425
269051614
269066980
269082128
269084625
269085616
269085579
269101639
269096108
269092396
269076292
269060739
269050614
269047689
269025356
269003198
268991168
268952835
268936787
268920914
268905269
268898425
268882900
268864582
268840701
268809693
268783149
268769117
268744885
268727349
268714245
268700141
268689053
268662125
268632315
268614785
268581452
268549804
268527348
268501444
268480227
268464198
268441430
268422942
268424510
268432755
268448259
268448259
268448259
268442763
268448811
268464270
268472118
268481046
268490814
268499918
268516043
268531083
268547131
268563196
268571965
268571414
268572246
268551473
268541129
268532081
268523233
268511257
268509013
268507250
268500571
268504447
268519096
268534168
268541541
268556097
268556089
268555946
268556231
268555826
268554246
268554799
268544446
268534337
268529040
268536399
268514502
268492952
268493006
268506477
268518864
268517515
268516670
268517510
268516321
268502092
268482279
268452242
268425266
268411954
268396370
268366186
268350418
268336890
268321602
268305474
268295298
268287090
268281752
268264659
268249059
268230042
268216258
268197370
268173018
268154258
268126946
268099026
268083186
268081722
268100179
268112831
268121263
268135255
268129519
268140572
268147121
268155689
268170729
268186497
268193673
268208436
268216500
268212612
268212765
268199241
268207822
268205598
268194942
268186745
268174882
268165615
268159804
268166545
268181102
268192607
268218620
268218795
268218764
268219505
268219566
268219491
268221744
268229560
268244448
268254927
268253154
268259850
268246597
268240119
268238374
268233414
268244313
268258058
268271463
268282739
268283138
268264976
268247890
268214502
268176715
268149522
268135898
268105442
268083945
268055105
268018681
267991508
267972074
267957677
267946522
267933781
267920368
267913880
267900851
267871486
267829776
267788135
267741823
267708290
267698393
267684563
267700891
267697193
267693236
267684947
267695971
267698180
267687079
267674298
267660950
267649101
267649006
267648286
267648231
267644448
267637424
267623811
267609495
267592706
267575977
267559788
267543512
267535048
267533049
267533597
267537149
267532282
267532291
267516207
267500843
267484375
267466542
267454902
267460883
267464370
267483754
267493249
267483051
267492395
267506475
267501410
267483089
267469084
267456139
267435058
267422270
267408603
267374190
267349208
267322167
267296303
267280455
267294262
267303334
267309854
267319566
267318917
267308328
267292263
267290700
267291204
267291556
267308444
267303796
267296620
267288295
267267322
267240589
267219224
267189095
267165883
267167274
267166130
267179691
267155050
267162805
267177173
267201474
267228890
267248282
267257018
267272610
267280211
267280736
267284496
267291809
267293793
267293097
267285600
267285512
267285497
267285629
267285669
267286974
267288019
267289595
267305411
267308880
267309000
267308944
267310525
267310582
267298902
267305314
267320470
267344968
267372790
267411462
267449293
267483129
267499256
267512339
267509562
267506818
267527282
267538375
267547192
267540088
267519704
267508532
267497672
267478299
267466320
267464272
267476838
267500463
267529222
267553986
267564434
267577432
267581877
267589199
267599764
267616901
267617853
267617888
267630752
267650212
267659684
267656884
267641907
267635254
267620753
267624544
267631711
267645039
267659760
267678129
267694305
267720847
267747232
267760993
267755633
267776982
267794980
267799793
267786313
267790010
267806723
267824036
267841029
267853858
267862106
267878432
267889085
267906566
267930076
267936316
267952420
267973253
268005102
268034395
268063468
268094725
268115721
268134726
268186232
268226814
268272872
268312520
268347256
268357801
268367489
268388281
268406489
268422978
268435031
268432639
268421550
268412614
268398270
268387118
268380713
268381340
268381097
268387030
268397995
268412184
268427550
268442698
268445195
268446186
268446149
268462209
268456678
268452966
268436862
268421309
268411184
268408259
268385926
268363768
268351738
268321965
268314477
268312524
268312479
268319915
268320078
268317840
268309892
268294964
268283180
268283908
268275636
268273073
268276082
268277707
268282723
268270243
268256441
268254716
268237028
268221473
268215137
268204401
268199117
268199073
268192430
268189927
268207300
268231574
268263158
268279118
268295198
268305815
268327316
268358855
268382768
268407041
268432902
268457910
268489323
268518467
268536483
268554036
268562805
268562254
268563086
268542313
268538689
268532081
268523233
268511257
268509013
268507250
268500571
268504447
268519096
268534168
268541541
268556097
268556089
268555946
268556231
268555826
268554246
268554799
268544446
268534337
268529040
268536399
268514502
268492952
268493006
268506477
268518864
268517515
268516670
268517510
268516321
268502092
268482279
268452242
268425266
268411954
268396370
268366186
268350418
268336890
268321602
268305474
268295298
268287090
268281752
268264659
268249059
268230042
268216258
268197370
268173018
268154258
268126946
268099026
268083186
268081722
268100179
268112831
268121263
268135255
268129519
268140572
268147121
268155689
268170729
268186497
268193673
268208436
268216500
268212612
268212765
268199241
268207822
268205598
268194942
268186745
268174882
268165615
268159804
268166545
268181102
268192607
268218620
268218795
268218764
268219505
268219566
268219491
268221744
268229560
268244448
268254927
268253154
268259850
268246597
268240119
268238374
268233414
268244313
268258058
268271463
268282739
268283138
268264976
268247890
268214502
268176715
268149522
268135898
268105442
268083945
268055105
268018681
267991508
267972074
267957677
267946522
267933781
267920368
267913880
267900851
267871486
267829776
267788135
267741823
267708290
267698393
267684563
267700891
267697193
267693236
267684947
267695971
267698180
267687079
267674298
267660950
267649101
267649006
267648286
267648231
267644448
267637424
267623811
267609495
267592706
267575977
267559788
267543512
267535048
267533049
267533597
267537149
267532282
267532291
267516207
267500843
267484375
267466542
267454902
267460883
267464370
267483754
267493249
267483051
267492395
267506475
267501410
267483089
267469084
267456139
267435058
267422270
267408603
267374190
267349208
267322167
267296303
