56962928
56860397
56888926
56515159
56417863
56324864
55916137
55780460
55804236
55460124
55423117
55451577
55118367
55045425
54949975
54535173
54419404
54400752
54051078
53962371
53973887
53632051
53544731
53492433
53228723
53096430
53042488
52846279
52718598
52693482
52600339
52450918
52451104
52434521
52307411
52367917
52299865
52060188
52049900
51898942
51537351
51461041
51414311
51235271
51164964
51231026
51103709
51022676
50916629
50749659
50816508
50744548
50616167
50718597
50576272
50424539
50582151
50442796
50241862
50461641
50330827
50132370
50336820
50220622
50110645
50355508
50211700
50175449
50569570
50478184
50350751
50644303
50471284
50311036
50590835
50402242
50348167
50636842
50468196
50300476
50549933
50306789
50153331
50444842
50293060
50247557
50615605
50541996
50373331
50647184
50505603
50321696
50595739
50421604
50262134
50566449
50495886
50375560
50695479
50621947
50524862
50794610
50727085
50532154
50717060
50650900
50448811
50623664
50697317
50606589
50850772
51047137
51145468
51328098
51335628
51452846
51642571
51626052
51782529
52000020
52033867
52024873
52184896
52287867
52436886
52637044
52761646
52896497
53116582
53318165
53438826
53609775
53821231
53910812
54072952
54180466
54268039
54476108
54613470
54678670
54941761
55093301
55161562
55425079
55550078
55627933
55906909
56041950
56153442
56457261
56588212
56668419
56932541
57049510
57078924
57294575
57427320
57459970
57645763
57829947
57896695
58113158
58269820
58326525
58575820
58785148
58728738
58919954
59079774
58944835
59130000
59242313
59056804
59257846
59452338
59285423
59468648
59595951
59498999
59649378
59742914
59654841
59804962
59767008
59631588
59801853
59745869
59491351
59629058
59541454
59430727
59548082
59486267
59381920
59393226
59136212
59066351
59080953
58783298
58687948
58671531
58331946
58288652
58260424
57958668
57898743
57888441
57560045
57484129
57367033
56909168
56723739
56690392
56328078
56239785
56258905
55895626
55788859
55691764
55285972
55134415
55155055
54819150
54790040
54813104
54496403
54417207
54320236
53915562
53802870
53784678
53437916
53362526
53389018
53060902
52977102
52911644
52655307
52526734
52482136
52285927
52162687
52133355
52035796
51905459
51892269
51858345
51746880
51808706
51716885
51503584
51501111
51332121
50980586
50925244
50868466
50676846
50625752
50675041
50538349
50462276
50339552
50183457
50253854
50182193
50052363
50149350
50005525
49850768
49998200
49857352
49669282
49873683
49731343
49535467
49734559
49626016
49516644
49746568
49611975
49580621
49964651
49879324
49760627
50060348
49875719
49718496
49994449
49806895
49753661
50049497
49881110
49727790
49974848
49724548
49574947
49856942
49705034
49655732
50025836
49944887
49763342
50045201
49890024
49691030
49969450
49788115
49628312
49947044
49868372
49739230
50085558
50013588
49921703
50213486
50137056
49940649
50138848
50061259
49872241
50045285
50095799
50006551
50248574
50439043
50522771
50700284
50706471
50808656
50999052
50991124
51138721
51369732
51405339
51396253
51557357
51672748
51827255
52025836
52149862
52293956
52514386
52715065
52841176
53016157
53240516
53328276
53483864
53588370
53678813
53875402
54009839
54067554
54333417
54469476
54527389
54787782
54914656
54987617
55265834
55409443
55509670
55813741
55933317
56006135
56283577
56405434
56424132
56643332
56788852
56811917
56992133
57177857
57227307
57444245
57609834
57646650
57899500
58115688
58049264
58256509
58414120
58247872
58436169
58544978
58352917
58550611
58756179
58604189
58777114
58888177
58809894
58969096
59049312
58985056
59135469
59098350
58970219
59139523
59073327
58832262
58965377
58889965
