22205376
21344962
20491456
19632157
18761774
17897865
17039329
16175792
15310359
14441642
13585586
12726572
11902050
11128975
10466139
9808234
9866257
9971738
10086438
10147114
10357102
10509568
10670739
10771005
10847985
10914235
10998747
11074871
11179436
11234320
11405938
11492035
11494082
11550195
11572026
11589483
11605201
11491905
11422238
11402597
11430052
11499989
11554142
11589442
11656313
11748659
11841568
11970690
12125232
12348392
12526453
12675690
12837158
12994230
13130505
13218614
13282552
13389147
13518378
13589195
13710917
13784829
13833981
13852177
13858893
13884299
13929902
14009841
14096154
14222836
14338737
14430942
14494120
14471474
14393788
14203994
14064252
13872858
13606708
13365788
13168888
12931750
12711282
12519089
12391397
12286590
12182267
12093243
11987795
11856105
11770819
11687040
11673651
11659261
11596132
11572737
11616886
11647929
11721929
11766177
11754798
11699204
11592834
11547566
11455714
11395703
11340699
11250767
11102445
10910274
10668841
10437543
10279548
10111050
9964423
9818137
9718061
9636911
9509194
9403591
9305659
9184314
9086240
9020158
8970769
8952488
8958625
9060456
9190893
9409326
9648081
9875390
10247668
10696498
11205416
11704542
12156291
12584149
13021880
13553671
14112117
14646665
15170006
15675968
16222914
16760592
17306863
17802726
18291100
18736692
19138572
19588245
20037535
20444620
20859966
21297205
21666426
21882933
21835977
21747495
21666260
21589822
21549826
21579623
21575569
21596173
21658908
21738698
21895889
22104488
22284999
22493248
22777060
22954271
23139047
23325819
23608733
23974203
24407633
24811132
25176146
25447254
25676652
25926027
26135499
26346616
26549887
26688948
26699584
26735205
26809321
26843707
26899407
26938086
26801841
26596815
26368030
26132571
25822760
25545772
25264270
24937214
24591959
24309099
23940096
23365645
22780488
22147381
21528618
20911916
20341658
19798073
19190585
18580591
18020190
17516304
17042415
16681391
16472679
16529692
16679802
16793383
16929817
17085637
17277470
17487441
17666480
17728776
17737402
17698456
17627801
17579001
17510648
17342686
17291907
17144581
16969795
16733383
16450485
16133101
15851493
15534996
15365404
15251154
15104100
14921567
14800542
14669151
14534843
14411567
14175538
13855619
13569288
13285042
12905590
12612280
12351971
12139459
11950647
11797973
11622451
11421740
11228329
11087657
10867106
10749240
10769582
10785999
10825824
10886582
10928505
10986043
11050168
11125920
11220536
11282346
11335510
11366972
11330077
11221733
11134545
10991400
10861273
10694295
10491169
10252550
9991091
9785205
9673511
9669413
9726477
9770576
9882827
9982328
10103846
10158937
10336502
10526221
10680986
10775898
10821366
10880219
11011536
11074832
11159498
11260681
11436037
11445073
11454891
11485628
11513305
11555851
11526333
11427856
11413837
11411928
11462561
11514679
11555985
11630509
11726279
11828739
11921609
12057133
12251215
12475189
12620405
12781796
12933650
13095354
13194189
13249669
13321350
13470375
13556506
13641650
13748373
13801883
13848805
13863639
13881761
13904834
13973967
14065542
14178295
14301129
14392360
14481413
14511596
14459514
14316862
14115779
13983456
13754620
13511404
13267431
13078215
12856446
12641964
12461754
12346947
12257284
12172538
12046759
11944356
11827750
11745670
11662652
11664604
11628955
11574430
11568473
11608645
11671570
11732757
11741041
11719733
11631877
11546735
11504071
11411768
11347536
11268178
11171789
11012778
10775185
10532922
10352462
10178863
10017303
9873609
9750198
9678007
9593032
9450216
9354260
9238546
9114788
9035395
8969874
8943011
8909776
9009107
9089037
9245184
9465821
9667676
9990379
10392404
10868899
11394785
11840557
12305732
12726507
13216060
13721599
14295942
14792574
15325745
15849102
16411580
16941884
17477348
17986848
18478066
18915227
19343687
19776240
20202438
20606120
21030837
21439941
21768565
21914201
21782058
22571289
23331077
24086640
24900424
25737033
26531323
27374254
28174990
28980145
29810243
30667395
31525367
32389400
33256722
