298508604
297965715
297426416
296892205
296365614
295844407
295332496
294825607
294324110
293832619
293350154
292872771
292396864
291929192
291466596
291019366
290571995
290139739
289731258
289345483
288975125
288628467
288291689
287978357
287690921
287436171
287213207
287015719
286833920
286683121
286551704
286446684
286394471
286384543
286439447
286514878
286607826
286713447
286837369
286975334
287136414
287321987
287521988
287732914
287960182
288198183
288459025
288757247
289061876
289383529
289714840
290036507
290337609
290629859
290903343
291176054
291411590
291643287
291848527
292037817
292210942
292371021
292509924
292648126
292772108
292859904
292910659
292972230
293070481
293188584
293336528
293480023
293656345
293846099
294077333
294307048
294581359
294873536
295176443
295501655
295856715
296262819
296704854
297161881
297649463
298152232
298681042
299226560
299790847
300338638
300909017
301479746
302069630
302694084
303336305
304037919
304697369
305303944
305889131
306457451
307008782
307532087
308022725
308488263
308930510
309346572
309749116
310140436
310492936
310841189
311162154
311447147
311787302
312219156
312687608
313204459
313806394
314453164
315145382
315873785
316633257
317436414
318288477
319177212
320112318
321064658
322053951
323062709
324103665
325116606
326105429
327044693
327937996
328800218
329647276
330446744
331228887
331972226
332678473
333366737
334038505
334666078
335302374
335885914
336450659
337021634
337606362
338193609
338771088
339325707
339863268
340370468
340866471
341320593
341748883
342117485
342455410
342757731
343030795
343285086
343505788
343707422
343858827
343961233
344053572
344097332
344101976
344084318
344005321
343860925
343691115
343493175
343249824
342949631
342617955
342261973
341873108
341411091
340883318
340311356
339696661
339045173
338377823
337675510
336935157
336162517
335355705
334505284
333626402
332742581
331830618
330885046
329903373
328842651
327769287
326672215
325600106
324529805
323449708
322367732
321280677
320190134
319090751
317990448
316902660
315819221
314757286
313692723
312645053
311586775
310556964
309538619
308535911
307577260
306649807
305808391
305031794
304341354
303722881
303167914
302696276
302306941
301984300
301723497
301549181
301457772
301388701
301331158
301304304
301257452
301179066
301024175
300828049
300546794
300193534
299744413
299238284
298690782
298100645
297436987
296724815
295956499
295148271
294313747
293455606
292579931
291736284
290917026
290156874
289417497
288710507
288035827
287420132
286839414
286301030
285777180
285294462
284838750
284411651
284022644
283665744
283342155
283037976
282749105
282477296
282233520
282015812
281816213
281644707
281496788
281369814
281266543
281173399
281102255
281051944
281030363
281021168
281042134
281082055
281128377
281183608
281247457
281324109
281416366
281527020
281648981
281782927
281929512
282086742
282256022
282415848
282571635
282725397
282870360
283000591
283108459
283212551
283313558
283386711
283445113
283499440
283521051
283560659
283581293
283598858
283601762
283601762
283601762
283624587
283664814
283736463
283816063
283927732
284065786
284251939
284465513
284710075
284984899
285275118
285597305
285934970
286317776
286741961
287170829
287638980
288141225
288660380
289230868
289857729
290504922
291178769
291889792
292652581
293431487
294234840
295055961
295925955
296839503
297781823
298743176
299731442
300712124
301701873
302696976
303692580
304696880
305727084
306754008
307765007
308780221
309801317
310829037
311883583
312935291
314005580
315036459
316060086
317081536
318099536
319120310
320153484
321205409
322275461
323331005
324384707
325427139
326479619
327511521
328556274
329595716
330665355
331740276
332803848
333851742
334862468
335826188
336741799
337611130
338443928
339217894
339940859
340611615
341245226
341826139
342357930
342846616
343290471
343672177
344039165
344429694
344864315
345316030
345801702
346348540
346946861
347578424
348229958
348896768
349618190
350362772
351131088
351939316
352773840
353631981
354507656
355351303
356170561
356930713
357670090
358377080
359051760
359667455
360248173
360786557
361310407
361793125
362248837
362675936
363064943
363421843
363745432
364049611
364338482
364610291
364854067
365071775
365271374
365442880
365590799
365717773
365821044
365914188
365985332
366035643
366063353
366080262
366080262
366080262
366080262
366080262
366080262
366080262
366080262
366080262
366080262
366080262
366080262
366080262
366080262
366080262
366080262
366080262
366080262
366080262
366080262
366080262
366080262
366080262
366080262
366080262
366080262
366080262
366080262
366080262
366080262
366080262
366080262
366080262
366080262
366080262
366080262
366080262
366080262
366080262
366080262
366080262
366080262
366080262
366080262
366080262
366080262
366080262
366080262
366080262
366080262
366080262
366080262
366080262
366080262
366080262
366080262
366080262
366080262
366080262
366080262
366080766
366080766
366080766
366080766
366080766
366080766
366080766
366080766
366080766
366080766
366082782
366085539
366089778
366094521
366099768
366108750
366119391
366141047
366167830
366209060
366255734
366314381
366378357
366444638
366502007
366549465
366579716
366610715
366622334
366623279
366599401
366557432
366498560
366403346
366287677
366156256
366004112
365838433
365664080
365473728
365260979
365046469
364793874
364513904
364218167
363917274
363596837
363259365
362920180
362569782
362212612
361836997
361445477
361034689
360616387
360189601
359742837
359284370
358829843
358357394
357874802
357385571
356904154
356430718
355957014
355497491
355039078
354588697
354143543
353705345
353268258
352833202
352404757
351989918
351582738
351181335
350782900
350364654
349929575
349499386
349037336
348538223
348040251
347547066
347043335
346520956
345982264
345426285
344847512
344244483
343632311
342988344
342342481
341713872
341110286
340535300
339983761
339468287
338969626
338516548
338081144
337657312
337251546
336869115
336504644
336168825
335850767
335565898
335263847
334922144
334523081
334068902
333540010
332945828
332300986
331619314
330897427
330099611
329224657
328284688
327288476
326234076
325117452
323961189
322769181
321585545
320440510
319327874
318234421
317209938
316205774
315258506
314333695
313446328
312586643
311766362
310996865
310259030
309547678
308900242
308283578
307685499
307095998
306517391
305928995
305347270
304768031
304202466
303637072
303076322
302517284
301961188
301407671
300858585
300308633
299763725
299220358
298680246
298138710
297597299
297065176
296541272
296019023
295501097
294987626
294488051
294000120
293526738
293065969
292614957
292173687
291728179
291278834
290828416
290399963
289996142
289622238
289279795
288961122
288674184
288415215
288173932
287948035
287746240
287568660
287415180
287290293
287210027
287158195
287153597
287207749
287280146
287387907
287507815
287644443
287797091
287962770
288137123
288327475
288540224
288754734
289007329
289287299
289583036
289883929
290204366
290541838
290857885
291157564
291440800
291715152
291961652
292182639
292386696
292585388
292781506
292968545
293096791
293216149
293312928
293394178
293433140
293455437
293501784
293551471
293639683
293744638
293873487
294022508
294225430
294451770
294702931
294964931
295269561
295586908
295933030
296312746
296737841
297168030
297630080
298129193
298627165
299120350
299624081
300146460
300685152
301241131
301819904
302422933
303035105
303679072
304324935
304953544
305557130
306132116
306683655
307199129
307697790
308150868
308586272
309010104
309415870
309798301
310162772
310498591
310816649
311101518
311403569
311745272
312144335
312598514
313125677
313715394
314341492
314992044
315681395
316418154
317221930
318083473
318977380
319923416
320924148
321946216
322995771
324028410
325020344
325982861
326948580
327841898
328720054
329558260
330357327
331148150
331911378
332646923
333348001
334030880
