808532257
808532257
808532257
808532257
808532257
808532257
808532257
808532257
808532257
808532257
808532257
808532257
808532257
808532257
808532257
808532257
808532257
808532257
808532257
808532257
808532257
808532257
808532257
808532257
808532257
808532257
808532257
808532257
808532257
808532257
808532257
808532257
808532257
808532257
808532257
808532257
808532257
808532257
808532257
808532257
808532257
808532257
808532257
808532257
808532257
808532257
808532257
808532257
808532257
808532257
808532257
808532257
808532257
808532257
808532257
808532257
808532257
808532257
808532257
808532257
808532257
808532257
808532257
808532257
808532257
808532257
808532257
808532257
808532257
808532257
808532257
808532257
808532257
808532257
808532257
808532257
808532257
808532257
808532257
808532257
808532257
808532257
808532257
808532257
808532257
808532257
808532257
808532257
808532257
808532257
808532257
808532257
808532257
808532257
808532257
808532257
808532257
808532257
808532257
808532257
808532257
808532257
808532257
808532257
808532257
808532257
808532257
808532257
808532257
808532257
808532257
808532257
808532257
808532257
808532257
808532257
808532257
808532257
808532257
808532257
808532257
808532257
808532257
808532257
808532257
808532257
808532257
808532257
808532257
808532257
808532257
808532257
808532257
808532257
808532257
808532257
808532257
808532257
808532257
808532257
808532257
808532257
808532257
808532257
808532257
808532257
808532257
808532257
808532257
808532257
808532257
808532257
808532257
808532257
808532257
808532257
808532257
808532257
808532257
808532257
808532257
808532257
808532257
808532257
808532257
808532257
808532257
808532257
808532257
808532257
808532257
808532257
808532257
808532257
808532257
808532257
808532257
808532257
808532257
808532257
808532257
808532257
808532257
808532257
808532257
808532257
808532257
808532257
808532257
808532257
808532257
808532257
808532257
808532257
808532257
808532257
808532257
808532257
808532257
808536505
808551698
808572843
808588540
808605578
808609826
808621599
808629447
808629447
808634760
808642134
808652673
808664295
808668705
808681122
808688970
808690215
808691460
808693665
808704610
808705855
808708060
808708060
808708060
808708060
808708060
808708060
808708060
808708060
808708060
808708060
808708060
808708060
808708060
808708060
808708060
808708060
808708060
808708060
808708060
808708060
808708060
808708060
808708060
808708060
808708060
808708060
808708060
808708060
808708060
808708060
808708060
808708060
808708060
808708060
808708060
808708060
808708060
808708060
808708060
808708060
808708060
808708060
808708060
808708060
808708060
808708060
808708060
808708060
808708060
808708060
808708060
808708060
808708060
808708060
808708060
808708060
808708060
808708060
808708060
808708060
808708060
808708060
808708060
808708060
808708060
808708060
808708060
808708060
808708060
808708060
808708060
808708060
808708060
808708060
808708060
808708060
808708060
808708060
808708060
808708060
808708060
808708060
808708060
808708060
808708060
808708060
808708060
808708060
808708060
808708060
808708060
808708060
808708060
808708060
808708060
808708060
808708060
808708060
808708060
808708060
808708060
808708060
808708060
808708060
808708060
808708060
808708060
808708060
808708060
808708060
808708060
808708060
808708060
808708060
808708060
808708060
808708060
808708060
808708060
808708060
808708060
808708060
808708060
808706815
808706815
808704610
808703365
808690534
808674916
808660750
808647472
808636414
808627399
808618384
808610524
808603714
808596904
808591339
808586929
808582519
808578109
808572454
808566514
808554301
808543600
808531654
808522729
808510354
808496896
808483723
808472593
808459330
808451275
808441105
808432090
808419715
808404940
808386202
808368424
808351402
808336510
808325347
808313932
808302337
808285447
808263316
808240477
808222258
808205887
808193869
808188214
808184479
808184479
808184479
808184479
808179874
808176139
808171159
808166464
808159369
808149109
808135489
808119664
808107076
808098931
808094236
808084171
808074106
808061641
808047133
808032625
808015081
808006651
808001671
807984781
807964960
807953830
807951340
807947890
807932389
807927694
807926449
807926449
807926449
807926449
807925204
807925204
807921754
807919549
807919549
807919549
807915814
807905554
807905554
807905554
807895384
807895384
807895384
807895384
807895384
807895384
807895384
807895384
807895384
807895384
807895384
807895384
807895384
807895384
807895384
807895384
807895384
807895384
807895384
807895384
807895384
807895384
807895384
807895384
807895384
807895384
807895384
807895384
807895384
807895384
807895384
807895384
807895384
807895384
807895384
807895384
807895384
807895384
807895384
807895384
807895384
807895384
807895384
807895384
807895384
807895384
807895384
807895384
807895384
807895384
807895384
807895384
807895384
807895384
