327244356
327282986
327315102
327353364
327383674
327414899
327451849
327484061
327515599
327557598
327587091
327624589
327664434
327700448
327736322
327779677
327809774
327850144
327892588
327923432
327954652
327997553
328032166
328060033
328101842
328127675
328162429
328195426
328227731
328266734
328308712
328335794
328347604
328379498
328398695
328404009
328443023
328462880
328476147
328517876
328536134
328554608
328603379
328623333
328639365
328698719
328709813
328733413
328806119
328820353
328843759
328912382
328935602
328956185
329015796
329028500
329042086
329085470
329103373
329125115
329164952
329187073
329211315
329246620
329266746
329278205
329313814
329332030
329353589
329377138
329387440
329397337
329416428
329423919
329434700
329434697
329451079
329468057
329434451
329429860
329427253
329361784
329350148
329346893
329272542
329272028
329271457
329179278
329175641
329172940
329129956
329120682
329126776
329071403
329075549
329077025
329058768
329063493
329072711
329072502
329073723
329087732
329071798
329077525
329086397
329094857
329097499
329107855
329105686
329112271
329111383
329119049
329119459
329122598
329138050
329137623
329124451
329116407
329117880
329103373
329101026
329101136
329096002
329095096
329096675
329093243
329079096
329071714
329071268
329049515
329040113
329040292
329037324
329023302
329025098
329020611
329019004
329018066
329021612
329017522
329022545
329041030
329047024
329036754
329068124
329064871
329066953
329099356
329095596
329095982
329103533
329096261
329093246
329098052
329089406
329080713
329068991
329080204
329080851
329062884
329062036
329065349
329055194
329056453
329061496
329054937
329056249
329060306
329049756
329056083
329052895
329053888
329056439
329062567
329054723
329071101
329067515
329070211
329079166
329081036
329088276
329098916
329100771
329106667
329115565
329117648
329117980
329122771
329123893
329107830
329097458
329086270
329069281
329059423
329048257
329035568
329019411
329006083
328996515
328985993
328973549
328965009
328951915
328946179
328938378
328921436
328900272
328884016
328866247
328844450
328830285
328810866
328794954
328783592
328765001
328752592
328744131
328725794
328709224
328692022
328670576
328655986
328644544
328620696
328608292
328596485
328576602
328556360
328553069
328535649
328518864
328509904
328489729
328470929
328478709
328462560
328446593
328464490
328436295
328402525
328445437
328422570
328392259
328451019
328422000
328394186
328460657
328439239
328404071
328443090
328415068
328382152
328433886
328396049
328374797
328388156
328355001
328326863
328328701
328288573
328257466
328257176
328220186
328189746
328163579
328127957
328093612
328076077
328035504
328010335
327978865
327936249
327914488
327877859
327846367
327827624
327796335
327764088
327738614
327718350
327682211
327647093
327629324
327604803
327576497
327556113
327522258
327485083
327478297
327448475
327412907
327393748
327365044
327327446
327310254
327286076
327253011
327249174
327219413
327180893
327182754
327169081
327155946
327159260
327145517
327119633
327124671
327112300
327093028
327104825
327086082
327063887
327068662
327047977
327024912
327021700
326993480
326953013
326943662
326894935
326848853
326815149
326774676
326730379
326695767
326654214
326611139
326576018
326532718
326490928
326447373
326401328
326351297
326311565
326257061
326212248
326162012
326113309
326071315
326016078
325962440
325923313
325869216
325823117
325773632
325731703
325682574
325631081
325597646
325569568
325558001
325533821
325512449
325506661
325473436
325461528
325450360
325418036
325400732
325384657
325345034
325329966
325311462
325261614
325257417
325244181
325187155
325179890
325168236
325115155
325102114
325087875
325042786
325040825
325031440
324996213
324985142
324968741
324943335
324931860
324912163
324883724
324876942
324867842
324839464
324830331
324816729
324788151
324781844
324775307
324755999
324755470
324750064
324733755
324720097
324705358
324711127
324729080
324751537
324764614
324785904
324806590
324813549
324830202
324843419
324858207
324870733
324895954
324904167
324941463
324968285
324976172
325009863
325029639
325038785
325067215
325086135
325088754
325127661
325144759
325162098
325190228
325208663
325226810
325255542
325275723
325297707
325329727
325354539
325381346
325421584
325438238
325461695
325491646
325521593
325563206
325592012
325630025
325654916
325687812
325725391
325745201
325765470
325794075
325830181
325867170
325900543
325929082
325964058
325995199
326018461
326058514
326093563
326121014
326146799
326180802
326190822
326224673
326258170
326247524
326253958
326276118
326249195
326264223
326286057
326257571
326272949
326286942
326270219
326286829
326301839
326289990
326308668
326329481
326340287
326347094
326376261
326396059
326434689
326466513
326503305
326533114
326564888
326599275
326631487
326663025
326702461
326732909
326771362
326807399
326843413
326879287
326917959
326947181
326986676
327025312
327056156
327087376
327126469
327160563
327187635
327224468
327249261
327283670
327312859
327345557
327385275
327423828
327451333
327462448
327491977
327510214
327517763
327548382
327567207
327580903
327612319
327628916
327647867
327687543
327705660
327719855
327768264
327778603
327801774
327863827
327878061
327901467
327959145
327982365
328002948
328051191
328063010
328075236
328108124
328126303
328148045
328179853
328202729
328226971
328257560
328277686
328289622
328322435
328340947
328363286
328384594
328394896
328404793
328422466
328429745
328440526
328450735
328467117
328484095
328460204
328455613
328453006
328398200
328386564
328383309
328316290
328315776
328315028
328232921
328226978
328235680
328200352
328191078
328197172
328152384
328156530
328158006
328149514
328154239
328163457
328163248
328164469
328178478
328163992
328169719
328177916
328184801
328188558
328198914
328193250
328200558
328198947
328204775
328205185
328208324
328219528
328219101
328204764
328196200
328196508
328180836
328176669
328177239
328172105
328171179
328172298
328168866
328155531
328149264
328149933
328130567
328121165
328121784
328120606
328107289
328109085
328103719
328102112
328101174
328099884
328095794
328100817
328113250
328119244
328108974
328136858
328133605
328135687
328163410
328159158
328159544
328161086
328153019
328150799
328153988
328145342
328136649
328123103
328134316
328134963
328118756
328118200
328121090
328111305
328112240
328116734
328113178
328114490
328117998
328108876
328115203
328112015
328114976
328117903
328124031
328116187
328132565
328128979
328131675
328140630
328142500
328149740
328159555
328160957
328166581
328175239
328177667
328177999
328183062
328184184
328168413
328158786
328147870
328131153
328120760
328108054
328098012
328076902
328063574
328052977
328042179
328029258
328019965
328006412
328000217
327992416
327975474
327954310
327938054
327920285
327898488
327884323
327864904
327848992
327837105
327817679
327804334
327795444
327777107
327760966
327744519
327723073
327708483
327696288
327672899
327660495
327646015
327626132
327606166
327601931
327584723
327568150
327556360
327536185
327517385
327510060
327493911
327477752
327482146
327454591
327421013
327449014
327425935
327396219
327443750
327415082
327388005
327441596
327422365
327388442
327415557
327387535
327354619
327391520
327353683
327332431
327331777
327298622
327270484
327268074
327227946
327196839
327193986
327158161
327127281
327098001
327062379
327028709
327010421
326969125
326943956
326910106
326867490
326845729
326813348
326780691
326761948
326729574
326697327
326671853
326648456
326611857
326576739
326555935
326531874
326503568
326481882
326448027
326410852
326401219
326371837
326336269
326312217
326283513
326246668
326224583
326200405
326167340
326158610
326128849
326090329
326087789
326074608
326062718
326061004
326048476
326022592
326022110
326009016
325988112
325994389
325976441
325954246
325953177
325932945
325910172
