47505529
47267074
47011166
46757440
46522007
46282278
46085921
45857904
45694008
45490515
45307054
45069941
44853830
44595336
44277889
43951339
43638127
43314304
43007903
42700408
42371535
42054741
41728032
41379982
41040784
40698730
40380860
40021012
39711863
39399770
39102755
38837175
38551220
38304510
38040301
37774897
37514177
37332739
37202800
37044423
36886340
36687827
36498926
36349919
36240400
36173347
36173347
36173347
36173347
36173347
36299090
36483566
36741067
36993192
37310106
37640974
37953742
38203684
38467725
38761849
39018028
39286445
39378592
39430004
39388698
39302893
39246120
39148249
39053930
38951829
38874534
38779180
38692850
38686166
38701778
38722930
38762500
38796248
38834090
38891870
38935710
38995078
39050699
39090563
39105183
39103125
39122748
39063109
39006414
38897247
38757927
38638069
38515261
38416628
38356415
38306875
38268900
38238291
38194988
38205209
38284877
38399920
38423603
38343706
38268276
38195344
38099591
38099591
38099591
38099591
38099591
38089199
38008132
37933265
37876257
37887590
37918229
37972101
38011047
38100969
38222628
38497101
38797789
39178731
39566152
39954051
40346331
40768627
41155469
41551545
41786031
41996431
42073982
42098024
42058728
41983355
41868856
41753230
41617512
41511592
41388091
41317006
41310515
41346487
41387718
41419028
41498741
41558215
41630773
41702278
41747244
41783219
41787986
41770947
41687918
41581249
41448681
41293756
41070884
40834029
40552401
40278833
40067990
39788278
39474791
39206956
38862219
38529230
38241070
37952307
37665701
37511680
37336208
37208059
37049925
36845782
36730736
36625879
36574789
36565101
36494108
36373709
36218155
36092657
35974326
35879627
35787296
35681640
35557682
35559168
35634917
35782995
35985914
36278396
36623918
36996030
37293052
37591468
37843903
38039372
38181125
38235819
38254793
38236340
38227921
38199824
38241913
38299509
38357352
38465615
38522558
38618934
38701183
38816534
38905038
39008908
39100667
39237491
39333608
39423869
39480347
39520955
39590940
39632520
39677652
39729004
39800518
39825062
39865778
39923773
39953629
39964871
39971927
40088468
40265779
40452068
40612945
40700132
40709820
40780813
40901212
41056766
41182264
41300091
41387862
41480193
41583881
41703479
41837607
41934482
42018224
42081128
42071408
42033471
41978709
42001181
42015968
42056599
42156172
42266237
42392264
42345398
42297479
42211374
42138725
41983324
41840039
41712437
41614030
41572070
41570571
41554892
41552518
41568970
41563614
41615097
41611355
41654248
41697449
41762501
41858537
41943700
42044470
42108694
42216168
