47748890
47723912
47766311
47853406
48022716
48165487
48266317
48355114
48428665
48458196
48439160
48391859
48326960
48228633
48110261
47952041
47808693
47675361
47537685
47393461
47253081
47111796
46989891
46865611
46743811
46641171
46555171
46450423
46374387
46296803
46257508
46170390
46067769
45978292
45876114
45768767
45635635
45530996
45409362
45308521
45212122
45101879
45007050
44923341
44842984
44788198
44757352
44744704
44733952
44665629
44590171
44533281
44472805
44394753
44296701
44210023
44162522
44210793
44281018
44447644
44674710
44913865
45157347
45376934
45602670
45839408
46087439
46327938
46577704
46855011
47089011
47299538
47448162
47564694
47679306
47764918
47863058
47947950
48032790
48127058
48225031
48296584
48364128
48427304
48460872
48486104
48513516
48373699
48157341
47881267
47568035
47284296
46992654
46744115
46521635
46361586
46173100
46015648
45869082
45722867
45584662
45421195
45279788
45094697
44853699
44568962
44257931
43915344
43644730
43404192
43158454
42907871
42708575
42574929
42540626
42553974
42518747
42494968
42479770
42468012
42466283
42451682
42457610
42470122
42501770
42537906
42580634
42638874
42688498
42744658
42641152
42417375
42126151
41777787
41395224
40977148
40535164
40087209
39643417
39190913
38770068
38387696
38049203
37748090
37442889
37180999
37059726
37021810
37064009
37142357
37201923
37278507
37295336
37279266
37228150
37170010
37121658
37041264
36942963
36841381
36733629
36581817
36447605
36318500
36164274
35973731
35774637
35533572
35278792
34986014
34698320
34406979
34064724
33632664
33138562
32646120
32124334
31638877
31165219
30740693
30317777
29964484
29695335
29482446
29355949
29340304
29340304
29340304
29340304
29499378
29755923
29995089
30256066
30596581
30966489
31373537
31789480
32184935
32590126
32942288
33258320
33526507
33794276
34076914
34373358
34730340
35091934
35427160
35765035
36107762
36365985
36534854
36623247
36688699
36748103
36750277
36764007
36784326
36853205
36932821
37043952
37192187
37345310
37554998
37815739
38106510
38434262
38765719
39107730
39453998
39762587
40079659
40350896
40656791
40892826
41153752
41332143
41518179
41640817
41769723
41834690
41806577
41737786
41585519
41328094
41049374
40783702
40520036
40262290
40100987
40069756
40179183
40257503
40316626
40366665
40432879
40516359
40610635
40745630
40882234
41025532
41148780
41253871
41323301
41323301
41323301
41323301
41323301
41323301
41385573
41554400
41811904
42090749
42382610
42707874
42900078
43032254
43096553
43106445
43106582
43126544
43173141
43232778
43287570
43350858
