220418050
220418050
220418050
220418050
220418050
220418050
220418050
220418050
220418050
220418050
220418050
220418050
220418050
220418050
220418050
220418050
220418050
220418050
220418050
220418050
220418050
220418050
220418050
220418050
220418050
220418050
220423978
220524811
220693199
220900953
221276439
221718394
222224841
222774078
223369748
224017316
224703594
225359925
226015537
226708176
227445124
228158288
228928923
229736966
230562134
231404643
232270237
233119770
233994694
234888748
235884998
236897507
237890181
238888073
239895540
240846217
241836960
242874425
243906523
244933576
245972573
246983416
247964932
248910296
249809548
250693875
251596969
252494348
253416354
254357118
255282627
256157623
257078580
257979315
258857604
259721612
260622849
261486849
262340487
263189876
264041791
264858874
265676984
266482800
267245267
267943813
268604741
269183850
269657610
270049954
270342402
270471162
270481826
270481826
270481826
270481826
270481826
270481826
270481826
270481826
270481826
270481826
270481826
270481826
270481826
270481826
270481826
270481826
270481826
270481826
270481826
270481826
270481826
270481826
270481826
270481826
270481826
270481826
270481826
270481826
270481826
270481826
270481826
270481826
270478018
270465546
270446762
270431538
270413706
270398138
270388370
270377642
270365626
270352770
270342346
270330730
270318442
270305914
270291906
270275834
270262802
270246834
270233466
270221138
270201658
270188658
270172050
270155178
270142002
270142002
270142002
270142002
270142002
270142002
270142002
270142002
270142002
270142002
270142002
270142506
270142506
270142506
270142506
270142506
270142506
270142506
270142506
270142506
270142506
270142506
270142506
270142506
270142506
270142506
270142506
270142506
270142506
270142506
270142506
270142506
270142506
270142506
270142506
270142506
270142506
270142506
270142506
270142506
270142506
270142506
270142506
270142506
270142506
270142506
270142506
270142506
270142506
270142506
270142506
270142506
270142506
270142506
270142506
270142506
270142506
270142506
270142506
270142506
270142506
270142506
270142506
270142506
270142506
270142506
270142506
270142506
270142506
270142506
270142506
270142506
270143506
270143506
270143506
270143506
270143506
270143506
270143506
270143506
270143506
270143506
270143506
270143506
270143506
270143506
270143506
270143506
270143506
270143506
270143506
270143506
270143506
270143506
270143506
270143506
270143506
270143506
270143506
270143506
270143506
270143506
270143506
270143506
270143506
270147314
270159786
270178570
270193794
270211626
270227194
270236962
270247690
270257738
270246786
270225773
270196955
270157050
270117412
270050030
269992956
269921834
269848175
269761126
269667713
269580838
269475961
269370096
269270296
269179416
269080059
268971042
268860373
268751338
268645292
268546137
268451339
268360993
268277456
268191319
268096574
267999424
267901214
267807773
267716990
267636932
267544000
267458166
267339179
267195425
267037702
266921620
266809111
266700412
266602800
266523338
266444308
266375615
266311786
266250901
266192933
266152415
266105389
266049099
265997801
265946451
265895706
265841888
265784123
265727394
265694858
265682954
265679594
265679594
265679594
265679594
265679594
265679594
265679594
265679594
265679594
265679594
265679594
265679594
265679594
265679594
265679594
265679594
265679594
265679594
265679594
265679594
265679594
265679594
265679594
265679594
265679594
265679594
265679594
265679594
265679594
265679594
265679594
265679594
265679594
265679594
265679594
265679594
265679594
265679594
265679594
265679594
265679594
265679594
265679594
265679594
265644594
265562266
265433522
265281626
265119809
264941801
264731247
264489625
264235848
263930039
263617684
263202238
262741387
262214422
261648598
261011545
260306842
259538736
258694063
257737080
256760451
255750806
254745346
253747705
252747791
251748378
250762911
249788929
248803933
247820534
246838202
245851785
244874808
243863148
242806235
241743782
240680846
239583642
238493628
237469046
236422668
235514414
234634534
233780387
232892495
231854871
230743721
229673683
228516143
227266339
226064032
224840233
223623306
222397489
221172812
219936001
218697482
217448755
216177874
214977105
213749179
212489073
211269422
210084057
208891420
207717069
206602378
205532495
204445725
203438858
202433604
201357577
200340947
199352092
198325004
197313568
196289907
195243802
194228660
193207437
192158306
191088421
190083893
189097375
188057860
187050197
186069323
185060896
184042038
183058003
182075807
181111749
180146282
179168945
178167141
177194980
176209575
175251725
174331427
173452073
172580695
171717496
170845261
170009980
169263688
168587733
167860869
167151284
166417898
165674488
164875458
163953766
162957634
161968781
160989175
159985019
159091100
158250123
157406689
156581542
155744630
154903914
153992834
153049438
151970633
150901933
149768734
148694010
147572026
146517929
145472972
144463101
143375496
142287396
141150663
140069539
139020906
137929538
136909870
135907108
135062123
134221030
133435861
132734558
132033144
131410577
130894310
130485994
130156521
129874978
129630283
129356048
129081887
128878707
128696075
128547458
128408621
128255796
128084760
127892206
127686558
127525129
127415333
127387066
127358228
127340291
127377891
127388227
127321385
127267418
127076228
126874977
126681316
126540240
126528540
126606433
126642030
126785343
127004293
127164332
127347025
127521554
127715652
127935648
128187658
128454837
128829088
129246390
129643770
130015548
130436140
130877454
131352351
131850344
132390426
132905482
133426886
133992238
134485994
134964024
135512990
136018882
136510152
137029356
137594150
138242918
138992010
139741314
140474534
141279312
142137217
142938607
143661452
144411111
145169016
145902279
146657313
147422926
148131904
148861405
149619113
150413110
151230187
152096484
152975060
153881586
154776106
155649503
156507548
157374246
158236445
159108176
159943457
160689749
161365704
162092568
162802153
163535539
164278949
165077979
165999671
166995803
167984656
168964262
169968418
170862337
171703314
172546748
173371895
174208807
175049523
175960603
176903999
177982804
179051504
180184703
181259427
182381411
183470508
184597793
185736408
186975909
188225826
189540567
190832245
192122500
193467645
194793122
196108239
197368670
198670614
199982748
201249875
202588342
203915612
205199985
206452974
207739430
208997602
210251942
211531637
212803439
214006533
215188578
216324630
217461257
218630515
219825384
221052463
222296694
223516490
224711092
225880426
227061344
228242634
229407979
230594012
231803313
233026131
234242247
235427434
236574599
237712584
238872577
240014869
241155356
242268738
243394390
244527004
245651647
246780182
247906646
249008477
250091488
251156269
252121528
253055165
253951486
254893468
255851969
256774060
257642251
258452977
259199755
259908089
260554180
261155060
261747201
262343118
262934008
263505631
264061184
264609586
265103254
265534437
265882748
266199936
266538684
266836855
267106600
267366467
267662676
267964436
268217554
268465165
268718558
268971803
269246860
269499555
269705905
269877375
270037635
270173142
