164238557
164228696
163954333
163966077
163965741
163693139
163703331
163709255
163436923
163426983
163429103
163146765
163115650
163106809
162805713
162762909
162742645
162433342
162415250
162420791
162120349
162132092
162141192
161848315
161859132
161853400
161510490
161533350
161536633
161149599
161151159
161164549
160702009
160683024
160687325
160161056
160158910
160164730
159659460
159702721
159697080
159176972
159257618
159261227
158766368
158888105
158900361
158414915
158542811
158527202
158067090
158236576
158243709
157804445
158007397
158024674
157647368
157897533
157910974
157557075
157840754
157847995
157538777
157848017
157854273
157579982
157877694
157887591
157639640
157946561
157954917
157727270
158030825
158041982
157822656
158147324
158161768
157961527
158307435
158303188
158088132
158460535
158470582
158244258
158657004
158658541
158431660
158848885
158857281
158616139
159022689
159013718
158767017
159153695
159163983
158898441
159220200
159225990
158972648
159269175
159276663
159026088
159316296
159321925
159045200
159332343
159341431
159014183
159273118
159268307
158916860
159179530
159184413
158797517
159078296
159089246
158674606
158961918
158976079
158577119
158875382
158885419
158503759
158796197
158806495
158422339
158729694
158761084
158378837
158696906
158727703
158321083
158637343
158639988
158191950
158512719
158521468
158074983
158383825
158395558
157984397
158340324
158333500
157918894
158321483
158328068
157921656
158388622
158388376
157975285
158494143
158518741
158122717
158643124
158659196
158269954
158803119
158813860
158430156
158959985
158966165
158609707
159102575
159127984
158771905
159235543
159238643
158877311
159313868
159313240
158952717
159349884
159348448
159004208
159362539
159358707
159037597
159362436
159361428
159066724
159350571
159350079
159079666
159340545
159341569
159101602
159338425
159337109
159138608
159369479
159369811
159213756
159427599
159425916
159292260
159506025
159513445
159384205
159611271
159605431
159497427
159725395
159726163
159649550
159880832
159881204
159832715
160081362
160089593
160069667
160321139
160325200
160310564
160573467
160567046
160535557
160783162
160784339
160774043
161071962
161076906
161061496
161379405
161375825
161373590
161740696
161753659
161758735
162167968
162177200
162180519
162605020
162592071
162567895
162967191
162941530
162922546
163298282
163278176
163278071
163660107
163635090
163634560
164025648
164008675
164020427
164447311
164440354
164455546
164898043
164877716
164856969
165294354
165278389
165255584
165672477
165659460
165643169
166054492
166038937
166030537
166423559
166419133
166438109
166846899
166854310
166834991
167225195
167210058
167158018
167552901
167539844
167459686
167839781
167804811
167692902
168037104
168029682
167882705
168254393
168250867
168088169
168442368
168445075
168255855
168599101
168579240
168346111
168676910
168672478
168408564
168722433
168706812
168412005
168700453
168690897
168405710
168666226
168653298
168356858
168588469
168579293
168288283
168475627
168464082
168151847
168293458
168279856
167949644
168087547
168088838
167724120
167843313
167842571
167451118
167557585
167556498
167153734
167221951
167231811
166839862
166897322
166895376
166515572
166525210
166539280
166228805
166237651
166228090
165953857
165977858
165980828
165705508
165710175
165688981
165413014
165419336
165428675
165189400
165196446
165180787
164921202
164911243
164888906
164615015
164600746
164590885
164332587
164342602
164342266
164085597
164094544
164100468
163844069
163833876
163835996
163569463
163538603
163529762
163244395
163201846
163181582
162887732
162869895
162875436
162590223
162602221
162611321
162332973
162344045
162338313
162008616
162031731
162035014
161659485
161661300
161674690
161222803
161204073
161208374
160691510
160686231
160692051
160195514
160231482
160225841
159713762
159783179
159786788
159298842
159404571
159416827
158937106
159058674
159043065
158587846
158747444
158754577
158318898
158508746
158526023
158151390
158385955
158399396
158047226
158314972
158322213
158014724
158310539
158316795
158043749
158329428
158339325
158092619
158388035
158396391
158169497
158461823
158472980
158254407
158566310
158580754
158381266
158713161
158708914
158496531
158853829
158863876
158639757
159037050
159038587
158812951
159214947
159223343
158982454
159374031
159365060
159118104
159489677
159499965
159234168
159540582
159546372
159292775
159573429
159580917
159330087
159604230
159609859
159332879
159603902
159612990
159285995
159528850
159524039
159174321
159420943
159425826
159041603
159306262
159317212
158906157
159177404
159191565
158797918
159080248
159090285
158715150
158991655
159001953
158625090
158916640
158948030
158574168
158876508
158907305
158510730
158811537
158814182
158378177
158683717
158692466
158259994
158554307
158566040
158169984
158512698
158505874
158106821
158497905
158504490
158113883
158570196
158569950
158172732
158682185
158706783
158326488
158838162
158854234
158480637
159005773
159016514
158648539
159171455
159177635
158836822
159323965
159349374
159009168
159467913
