70932133
70932133
70932133
70932133
70932133
70932133
70932133
70932133
70932133
70932133
70932133
70932133
70932133
70956213
71179150
71394678
71588422
71761598
71932518
72084014
72236950
72390094
72545534
72699614
72853910
73009286
73165670
73320886
73476670
73631950
73788070
73942134
74094918
74250742
74416438
74623372
74827813
75051143
75260736
75434960
75616184
75870642
76087426
76277899
76530094
76707867
76896064
77084461
77242165
77394669
77545829
77699205
77856149
78013341
78169805
78326813
78487989
78646845
78804661
78957725
79114845
79273293
79430893
79582189
79741709
79930269
80161130
80161130
80161130
80161130
80161130
80161130
80129938
80082464
80040467
80016916
79958607
79846577
79692602
79578771
79460716
79326635
79264844
79143372
79077315
79015638
78894272
78804910
78706393
78581900
78502164
78358562
78211568
78096764
77940117
77788367
77703513
77525289
77400187
77293649
77180190
77077024
76997809
76854102
76713026
76573896
76438756
76328032
76235402
76083723
75987806
75908512
75806511
75679196
75616213
75515758
75379368
75245718
75131335
75070878
74979951
74833436
74708941
74590824
74566512
74566512
74566512
74566512
74566512
74566512
74566512
74566512
74566512
74566512
74566512
74566512
74566512
74566512
74511496
74403384
74218879
74052531
73864451
73661088
73519913
73380832
73159019
73003150
72925636
72839437
72799239
72680259
72609298
72472268
72383230
72271287
72155767
72102536
72004078
71844477
71764815
71683321
71640166
71628623
71564622
71532807
71522835
71425090
71432257
71406130
71258940
71168186
71068666
70913190
70877776
70834919
70739908
70692423
70537108
70395583
70332934
70150020
70017240
69908255
69804462
69646727
69532000
69457026
69460762
69445752
69359744
69299881
69253388
69353227
69471344
69495656
69495656
69495656
69495656
69495656
69495656
69495656
69495656
69492752
69484192
69484192
69484192
69484192
69484192
69539208
69644880
69821537
69981165
70157653
70379320
70560489
70720999
70887150
71066762
71213444
71379056
71530181
71721142
71871480
71822229
71985962
72081920
72225913
72359994
72429309
72621315
72762030
72873337
73038087
73105834
73202357
73375630
73265832
73409794
73551667
73631289
73882113
74072598
74228898
74431831
74577322
74691233
74911094
75093719
75359758
75593913
75808241
76087072
76299146
76510132
76741240
76961958
77177140
77388504
77518418
77647811
77794276
77945066
78138074
78162730
78162730
78162730
78162730
78162730
78154522
78118512
78082272
78024934
77949511
77864910
77794272
77713237
77611936
77497931
77357733
77193243
77014208
76840049
76663225
76460708
76288241
76113429
75872124
75771670
75609397
75475624
75391503
75227983
75033336
74807894
74860665
74675219
74529028
74410191
74302326
74260421
74091823
73994034
73905239
73800084
73756703
73721244
73619292
73773181
73700471
73634311
73628958
73573493
73559345
73566896
73559743
73553636
73592478
73563615
73514370
73472814
73442732
73442732
73442732
73442732
73442732
73442732
73442732
73442732
73442732
73442732
73442732
73442732
73293715
73207788
73142438
73085340
73033690
72978444
72925350
72879708
72860644
72844154
72847298
72857027
72882670
72910982
72852638
72849107
72847936
72820144
72892606
72994012
73039021
73143391
73279758
73333663
73458970
73641846
73729702
73845474
73937119
73970732
74060163
74222759
74389842
74462251
74574842
74691248
74759432
74834964
74891592
75004064
75095083
75157899
75189383
75191272
75242331
75234878
75302468
75352762
75381528
75388862
75387105
75363655
75361476
75361728
75351922
75291711
75201035
75007158
75048714
75078796
75078796
75078796
75078796
75078796
75078796
75078796
75078796
75078796
75078796
75078796
