174597437
174596685
174614792
174624562
174642220
174651760
174666404
174684530
174703486
174710204
174719490
174742834
174770558
174796187
174830892
174853278
174890150
174919023
174955786
174985173
175017233
175048102
175086927
175106542
175144829
175162857
175182315
175206812
175215832
175233026
175227736
175234448
175235833
175242764
175257168
175242577
175232151
175219284
175222222
175223839
175230802
175244563
175261572
175270131
175282441
175283745
175290265
175289559
175302578
175311369
175310774
175302339
175307642
175318956
175322021
175319113
175311803
175308783
175295620
175280233
175262344
175248827
175245281
175235856
175233045
175228069
175225567
175226758
175228207
175239968
175239679
175252524
175261527
175270936
175278999
175289245
175301448
175317376
175318382
175323326
175339850
175352006
175356665
175356806
175353806
175349116
175353247
175353715
175357313
175354097
175368386
175381573
175392082
175400078
175419936
175439540
175451001
175472118
175480648
175508334
175533395
175562999
175579130
175605978
175632419
175657761
175682968
175685062
175690353
175706352
175718255
175726138
175737974
175726182
175732673
175725729
175726856
175728910
175739226
175744151
175743659
175745455
175749270
175761052
175762456
175769634
175768795
175774324
175772834
175770042
175776063
175768456
175763792
175758629
175755201
175745349
175732283
175715371
175714470
175695226
175692430
175681061
175674504
175658507
175649260
175654005
175653548
175653115
175659242
175660259
175660670
175668922
175675562
175676215
175656915
175648523
175621659
175587378
175565629
175543743
175522957
175495169
175483168
175457853
175435100
175412426
175397207
175371827
175339076
175324889
175303243
175300777
175286858
175281273
175285428
175279199
175267159
175260466
175259879
175258385
175247048
175237953
175219830
175220171
175199768
175184664
175164861
175146673
175127587
175095305
175066990
175037637
175003306
174985253
174957729
174921781
174884598
174868617
174843879
174841007
174840180
174829113
174830423
174818266
174808293
174789005
174767912
174761683
174753723
174727943
174702360
174687376
174667796
174652712
174618413
174592409
174556762
174533961
174494100
174459329
174428966
174400521
174372399
174345855
174318761
174301658
174293244
174277991
174278835
174255475
174257264
174242609
174212248
174180129
174144226
174125773
174099765
174073144
174032838
174015983
173991671
173962253
173921707
173890275
173851069
173815369
173778811
173747309
173708416
173675164
173645108
173619457
173589696
173563134
173536243
173513163
173497781
173472548
173472232
173456437
173449689
173435226
173428961
173405399
173374173
173373905
173362654
173355668
173338652
173342415
173329651
173328561
173331385
173330127
173325255
173330289
173337109
173335368
173333216
173332730
173341551
173350757
173356386
173363375
173360049
173370155
173365483
173367974
173372274
173369058
173378568
173389677
173385468
173381287
173371144
173373537
173372605
173378032
173366674
173364812
173369405
173364858
173361758
173358906
173370840
173376624
173381870
173388369
173394187
173405538
173413733
173427531
173427624
173440992
173435359
173429647
173425354
173412776
173410535
173413679
173407878
173404984
173389904
173379823
173374240
173367339
173358958
173342813
173338863
173336071
173337014
173341089
173347759
173360772
173367134
173369022
173373013
173396368
173413373
173420220
173420527
173416165
173414689
173421389
173435125
173437147
173447542
173472716
173491386
173519231
173533928
173553892
173572450
173596726
173607284
173620170
173647294
173679178
173708967
173747832
173774838
173813075
173839041
173870449
173893601
173918824
173943261
173976109
173990044
174022651
174034999
174048222
174066484
174069269
174080783
174069793
174071720
174064890
174068797
174085478
174071807
174061278
174048096
174050931
174052940
174060568
174074509
174092438
174102125
174114603
174120155
174127803
174129905
174143359
174158213
174155938
174161447
174171630
174189184
174198849
174202541
174202386
174206521
174200513
174192281
174181707
174175345
174178954
174176429
174180773
174182424
174185158
174190561
174194285
174209257
174212475
174229532
174243527
174256732
174269787
174285990
174302249
174316353
174312988
174315433
174328993
174338458
174340426
174337603
174331915
174324261
174325428
174322503
174323173
174316274
174327635
174337894
174345475
174349788
174367423
174386179
174395816
174417813
174423119
174446482
174457815
174475659
174478062
174491182
174505671
174519953
174530679
174521526
174517337
174524371
174529938
174532669
174539830
174522241
174521361
174506321
174498677
174491579
174492499
174488028
174479499
174473258
174469816
174474341
174469133
174469054
174459843
174457000
174446739
174435176
174431966
174418782
174413814
174410795
174410391
174404720
174395430
174383610
174383357
174366841
174363845
174353475
174344942
174342473
174346754
174364492
174377028
174390123
174409778
174421650
174435589
174451849
174468884
174478817
174468152
174468395
174450651
174425005
174412328
174401589
174387870
174370269
174366775
174352340
174333724
174322930
