364174630
364102965
364053708
364003139
363954723
363907769
363863739
363817469
363778182
363742333
363709457
363682416
363656927
363632840
363612508
363596459
363590330
363571929
363564071
363558047
363553217
363543788
363538514
363527449
363515610
363502610
363486808
363475429
363467815
363456990
363443618
363431169
363425755
363425755
363425755
363425755
363428659
363431099
363431099
363431099
363432344
363432848
363432848
363432848
363436433
363435188
363425134
363415514
363407837
363386813
363334287
363291013
363248333
363214273
363190256
363174522
363171618
363171618
363171618
363171618
363171618
363171618
363171618
363171618
363171618
363171618
363171618
363171618
363171618
363171618
363171618
363171618
363171618
363171618
363171618
363171618
363171618
363171618
363171618
363171618
363171618
363171618
363171618
363171618
363171618
363171618
363171618
363171618
363171618
363171618
363171618
363171618
363171618
363171618
363171618
363171618
363171618
363171618
363171618
363171618
363171618
363171618
363171618
363171618
363171618
363171618
363171618
363171618
363171618
363171618
363171618
363171618
363171618
363171618
363171618
363171618
363171618
363171618
363171618
363171618
363171618
363171618
363171618
363171618
363171618
363171618
363171618
363171618
363171618
363182716
363197577
363213472
363239407
363266207
363305337
363351888
363394777
363446249
363519617
363611905
363703829
363815443
363971017
364130979
364296748
364436743
364564651
364686257
364827331
364938203
365029137
365118023
365197571
365264882
365337466
365397662
365468382
365541345
365628803
365708646
365780311
365829568
365880137
365928553
365975507
366019537
366065807
366105094
366140943
366173819
366200860
366226853
366250940
366271272
366287321
366293450
366311851
366319709
366325733
366330563
366339992
366345266
366356331
366368170
366381170
366396972
366408351
366415965
366426790
366440162
366452611
366458025
366458025
366458025
366458025
366458025
366458025
366458025
366458025
366458025
366458025
366458025
366458025
366458025
366459270
366469324
366480673
366488350
366509374
366561900
366605174
366647854
366681914
366705931
366721665
366724569
366724569
366724569
366724569
366724569
366724569
366724569
366724569
366724569
366724569
366724569
366724569
366724569
366724569
366724569
366724569
366724569
366724569
366724569
366724569
366724569
366724569
366724569
366724569
366724569
366724569
366724569
366724569
366724569
366724569
366724569
366724569
366724569
366724569
366724569
366724569
366724569
366724569
366724569
366724569
366724569
366724569
366724569
366724569
366724569
366724569
366724569
366724569
366724569
366724569
366724569
366724569
366724569
366724569
366724569
366724569
366724569
366724569
366724569
366724569
366724569
366724569
366724569
366724569
366724569
366724569
366724569
366724569
366724569
366724569
366724569
366724569
366724569
366724569
366724569
366724569
366724569
366724569
366724569
366724569
366724569
366724569
366724569
366724569
366724569
366724569
366724569
366724569
366724569
366724569
366724569
366724569
366724569
366725073
366725073
366725073
366725073
366725073
366725073
366725073
366725073
366725073
366725073
366725073
366725073
366725073
366725073
366725073
366725073
366725073
366725073
366725073
366725073
366725073
366725073
366725073
366725073
366725073
366725073
366725073
366725073
366725073
366725073
366725073
366725073
366725073
366725073
366725073
366725073
366725073
366725073
366725073
366725073
366725073
366725073
366725073
366725073
366725073
366725073
366725073
366725073
366725073
366725073
366725073
366725073
366725073
366725073
366725073
366725073
366725073
366725073
366725073
366725073
366725073
366725073
366725073
366725073
366725073
366725073
366725073
366725073
366725073
366725073
366725073
366725073
366725073
366725073
366725073
366725073
366725073
366725073
366725073
366725073
366725073
366725073
366725073
366725073
366725073
366725073
366725073
366725073
366725073
366725073
366725073
366725073
366725073
366725073
366725073
366725073
366725073
366725073
366725073
366725073
366725073
366725073
366725073
366725073
366725073
366725073
366725073
366725073
366725073
366725073
366725073
366725073
366725073
366725073
366725073
366725073
366725073
366725073
366725073
366725073
366725073
366725073
366725073
366725073
366725073
366725073
366725073
366725073
366725073
366725073
366725073
366725073
366725073
366725073
366725073
366725073
366725073
366725073
366725073
366725073
366725073
366725073
366725073
366725073
366725073
366725073
366725073
366725073
366725073
366725073
366725073
366725073
366725073
366725073
366725073
366725073
366725073
366725073
366725073
366725073
366725073
366725073
366725073
366725073
366725073
366725073
366725073
366725073
366725073
366725073
366725073
366725073
366725073
366725073
366725073
366725073
366725073
366725073
366725073
366725073
366725073
366725073
366725073
366725073
366725073
366725073
366725073
366725073
366725073
366725073
366725073
366725073
366725073
366725073
366725073
366724569
366724569
366720400
366720400
366720400
366720400
366720400
366720400
366720400
366720400
366720400
366720400
366720400
366720400
366720400
366720400
366720400
366720400
366720400
366720400
366720400
366719155
366719155
366719155
366719155
366719155
366713881
366712132
366712132
366712132
366712132
366712132
366712132
366712132
366712132
366712132
366712132
366712132
366712132
366712132
366712132
366712132
366712132
366712132
366712132
366712132
366712132
366712132
366712132
366712132
366712132
366712132
366712132
366712132
366712132
366712132
366712132
366712132
366712132
366712132
366712132
366712132
366712132
366712132
366712132
366712132
366712132
366712132
366712132
366712132
366712132
366712132
366712132
366712132
366712132
366712132
366712132
366712132
366712132
366712132
366712132
366712132
366712132
366712132
366712132
366712132
366712132
366712132
366712132
366712132
366712132
366712132
366712132
366712132
366712132
366712132
366712132
366712132
366712132
366712132
366712132
366712132
366712132
366712132
366712132
366712132
366712132
366712132
366712132
366710887
366710887
366710887
366710887
366710887
366710887
366710887
366710887
366710887
366705730
366687429
366658919
366627839
366595067
366551952
366507238
366446396
366395715
366319825
366232148
366125322
365984816
365845521
365699050
365544533
365405055
365283380
365160385
365042773
364947260
364861269
364777132
364688588
364582011
364491764
364402039
364328956
364245669
364164767
364082743
363998642
363923316
363856470
363791276
363733437
363680041
363635057
363592562
363547935
363509948
363474493
363448045
363432768
363414637
363404175
363395442
363377633
363369673
363365208
363351939
363344325
363336317
363332288
363328703
363325018
363318993
363308609
363297176
363282504
363264912
363249039
363243815
363243815
363243815
363243815
363243815
363249089
363250838
363250838
363250838
363250838
363250838
363250838
363249593
363247103
363247103
363245858
363239219
363205193
363164437
363127494
363092384
363061614
363044816
363028643
363028643
363028643
363028643
363028643
363028643
363028643
363028643
363028643
363028643
363028643
363028643
363028643
363028643
363028643
363028643
363028643
363028643
363028643
363028643
363028643
363028643
363028643
363028643
363028643
363028643
363028643
363028643
363028643
363028643
363028643
363028643
363028643
363028643
363028643
363028643
363028643
363028643
363028643
363028643
363028643
363028643
363028643
363028643
363028643
363028643
363028643
363028643
363028643
363028643
363028643
363028643
363028643
363028643
363028643
363028643
363028643
363028643
363028643
363028643
363028643
363028643
363028643
363028643
363028643
363029888
363029888
363029888
363029888
363029888
363029888
363029888
363029888
363029888
363035045
363053346
363081856
363112936
363145708
363188823
363233537
363294379
363345060
363420950
363508627
363615453
