210395534
210185054
209971286
209764174
209560830
209351310
209132974
208917518
208698238
208475414
208246349
208026971
207817577
207604098
207389299
207176584
206959081
206733492
206495213
206251437
205996424
205715931
205434845
205161118
204882785
204595395
204334974
204179801
204040932
203963836
204064709
204225874
204435145
204673239
204969478
205352976
205806853
206274792
206819159
207419300
208036565
208629618
209305118
210022662
210740080
211458808
212219410
213013882
213851745
214692137
215609346
216534941
217415183
218301658
219187341
220001062
220859998
221774704
222679311
223579014
224462669
225319946
226130037
226904701
227600102
228246654
228885834
229501569
230123796
230766565
231378120
231931273
232532443
233113513
233690204
234258419
234853634
235402678
235924327
236443069
236962568
237449548
237915818
238369339
238752324
239098073
239461491
239780265
240003886
240138828
240183861
240075076
239811592
239509729
239132564
238715707
238269911
237836520
237476464
237113927
236757539
236391119
235937403
235435497
234937954
234446531
233985597
233540681
233129173
232728378
232351021
231959848
231542290
231083914
230626254
230170433
229713979
229288013
228857232
228423219
227965816
227489656
227011698
226546859
226075544
225600256
225148268
224702749
224274655
223844661
223420534
223009152
222596578
222184044
221767988
221357400
220953526
220550852
220149534
219768859
219385584
219023737
218680034
218347182
218056426
217788716
217551981
217364229
217218109
217113775
217056056
217062003
217087761
217140556
217271330
217531575
217805108
218111286
218399880
218692014
218988683
219293979
219612955
219931491
220235741
220528319
220814517
221093657
221368196
221640436
221926443
222223686
222522406
222819914
223118909
223412489
223690415
223958355
224232126
224517034
224810259
225113667
225421692
225737727
226062458
226383325
226700397
227011793
227324032
227636133
227947765
228263209
228581274
228901408
229225353
229551303
229875100
230203418
230526501
230856532
231189224
231517015
231839962
232154898
232459718
232774907
233104164
233435006
233768421
234117033
234481558
234854291
235228925
235633378
236019207
236362109
236667287
236972218
237288185
237614000
237964673
238322709
238686236
239088561
239515834
239961630
240423093
240883229
241343310
241817410
242303654
242810634
243314028
243811571
244302994
244780053
245251777
245710010
246160906
246612975
247082885
247592947
248156288
248731060
249309334
249896329
250463276
251050638
251645172
252262076
252904761
253557215
254207710
254864609
255526777
256177189
256820516
257456642
258080188
258689619
259259713
259784301
260299225
260830782
261386475
261910258
262463951
262992769
263533570
264063101
264554871
265020431
265476610
265890881
266281937
266653476
266993371
267305747
267592630
267851617
268044894
268211542
268356167
268440690
268384821
268314920
268251851
268182258
268107465
268030496
267936406
267839739
267729051
267611054
267454019
267278758
267082930
266880944
266653559
266497997
266362350
266259381
266164873
266084574
266001791
265934057
265872307
265807885
265747275
265704033
265660474
265604300
265556290
265502940
265452650
265399576
265335614
265274827
265234622
265217942
265211614
265211614
265211614
265211614
265183806
265169702
265169702
265169702
265169702
265169702
265169702
265169702
265169702
265169702
265169702
265169702
265169702
265169702
265169702
265169702
265169702
265169702
265169702
265169702
265169702
265169702
265169702
265169702
265169702
265169702
265169702
265169702
265169702
265169702
265169702
265169702
265169702
265169702
265169702
265169702
265169702
265169702
265169702
265166734
265146670
265105310
265021862
264919134
264815486
264714454
264576614
264388216
264170637
263914687
263627503
263245748
262826923
262381616
261881716
261248921
260551847
259760627
258907367
257946221
257016107
256087895
255160811
254231947
253305440
252393743
251491411
250590335
249646993
248661511
247669849
246638348
245610282
244520806
243382328
242212224
241048958
239825400
238550680
237266121
235962918
234706980
233461931
232234393
231017908
229760186
228473226
227197106
225898009
224551616
223212802
221869337
220515606
219148958
217765898
216385485
215000772
213586312
212144379
210734708
209351190
207986810
206670633
205368622
204010099
202598945
201194586
199909256
198641759
197432134
196278887
195014604
193750509
192472110
191184743
189907227
188625595
187351929
186093445
184786229
183457593
182163449
180964453
179729544
178467177
177149967
175793791
174470603
173168413
171920187
170620701
169342826
168053490
166817437
165588280
164363699
163116384
161876957
160670938
159488674
158306905
157136014
156017830
154955881
153994942
153007483
152083665
151147832
150224417
149301427
148297853
147179758
146052170
144902396
143737814
142572818
141478051
140430014
139360462
138285627
137267010
136244814
135111458
133924931
132619168
131377968
130086871
128788036
127405370
126111068
124786642
123509974
122191614
120882494
119511004
118183741
116925494
115643943
114355737
113075732
111941332
110833494
109793150
108725155
107768392
106896465
106116566
105411557
104810832
104192336
103570449
102942755
102338665
101767476
101237730
100759673
100286611
99860220
99492886
99197323
98937965
98758525
98611537
98527827
98467324
98408265
98418434
98486735
98569396
98674643
98708618
98759090
98828823
98925685
99007468
99138665
99261703
99417520
99631399
99854589
100110494
100372239
100652309
100970529
101307606
101654537
102163625
102762750
103433234
104057728
104673017
105304528
105944246
106608811
107355410
108096070
108772631
109467519
110115177
110695410
111383729
112100093
112810919
113565082
114381855
115270496
116223249
117221554
118235759
119294717
120374818
121339713
122277154
123212935
124268150
125338236
126373235
127353136
128307921
129318798
130372316
131457427
132506102
133568510
134668150
135808192
136957786
138072741
139186316
140320205
141462616
142566720
143624421
144585360
145569011
146492829
147428662
148352077
149275067
150278641
151396736
152524324
153674098
154838680
156003676
157098443
158146480
159216032
160290867
161309484
162331680
163465036
164651563
165957326
167198526
168489623
169788458
171174092
172488458
173854244
175214360
176635448
178048216
179520738
180985841
182432486
183931616
185475772
187042961
188559116
190085779
191571430
193139325
194728883
196297884
197869003
199427272
200989143
202537753
204087852
205642630
207190768
208713640
210210139
211685626
213160718
214624470
216050517
217433289
218792409
220095239
221400642
222695952
224006030
225319977
226624838
227920457
229216512
230505253
231813352
233085449
234315718
235514566
236772367
238009451
239243446
240458819
241661690
242847215
243997844
245159423
246320794
247462603
248600029
249734478
250750538
251711343
252607565
253541850
254486769
255373421
256263099
257112619
257912821
258679489
259382766
260035674
260680424
261321172
261958886
262571039
263199222
263775668
264279970
264729135
265098058
265411587
265754888
266077640
266355645
266650533
266988206
267331472
267599795
267885885
268174074
268496363
268817612
269120325
269344682
269548907
269736285
269903034
