75114296
75114296
75114296
75114296
75114296
75114296
75114296
75114296
75114296
75114296
75114296
75200818
75293802
75371070
75433909
75493100
75540442
75588225
75632308
75670743
75872838
76148196
76167673
76219044
76273343
76310114
76408275
76639507
76772432
76818660
76880195
76926264
76912519
76992188
77009834
77005644
77075338
77163895
77195473
77150077
77163600
77196584
77230880
77293197
77324778
77404848
77415208
77410562
77433206
77524395
77556148
77664666
77759568
77832686
77893907
78009096
78182719
78296931
78412432
78538977
78675185
78829467
78876790
78920092
78964611
79011874
79070678
79135234
79206628
79206628
79206628
79074491
79021089
78942575
78864012
78781827
78733495
78688868
78641145
78602195
78532537
78389250
78246818
78145101
78055624
78008215
77950226
77842840
77744981
77613321
77454677
77385827
77249433
77277081
77276487
77275256
77313358
77259094
77192800
77190201
77166344
77121377
77129837
77141734
77068832
77066155
77059049
76978254
76882333
76834846
76862605
76798485
76701622
76631196
76548473
76469571
76471022
76426703
76380647
76325656
76218374
76057541
75960392
75920686
75874624
75820885
75748993
75663320
75500064
75500064
75500064
75500064
75500064
75500064
75500064
75500064
75500064
75500064
75500064
75500064
75500064
75500064
75632201
75679275
75687939
75713040
75751640
75799972
75836751
75840128
75831337
75852649
75950746
76084970
76167215
76214602
76245971
76280702
76301501
76399360
76525916
76670547
76660335
76750411
76732645
76736543
76720526
76720182
76812174
76802671
76841102
76879475
76907652
76918557
76952326
76931444
76948643
76981176
77006297
77108546
77091801
77051386
77141531
77232661
77342516
77425239
77419311
77406271
77472886
77495067
77555148
77662430
77823263
77920412
77960118
78006180
78059919
78131811
78217484
78380740
78380740
78380740
78380740
78296389
78229672
78085300
77920538
77791958
77532616
77351088
77270869
77128944
76949043
76812538
76754040
76800964
76767510
76591539
76326665
76107041
75917537
75827260
75661684
75465478
75263394
75125975
75060089
74974140
74835043
74752882
74591534
74390358
74315002
74276058
74164693
74090544
73912092
73795469
73674391
73510137
73295341
73025603
72857994
72695950
72604741
72548386
72579877
72534774
72450273
72300045
72211220
72065124
71854253
71686083
71574963
71423695
71344582
71342135
71385092
71415218
71486960
71515856
71515856
71515856
71515856
71515856
71515856
71515856
71515856
71515856
71515856
71515856
71515856
71515856
71600207
71666924
71811296
71976058
72104638
72316175
72441841
72461030
72589851
72769752
72826375
72875396
72882362
72911313
73119789
73384663
73532421
73766271
73904289
74071488
74256502
74415520
74572411
74680387
74704851
74810004
74930680
75074196
75280476
75364157
75408651
75566334
75633143
75808240
75937263
76044652
76180218
76443867
76671449
76812778
76977743
77031163
77044750
77107043
77182480
77303323
77512169
77600994
77805546
78108951
78317031
78467729
78618997
78698110
78785387
78785387
78785387
78785387
78785387
78635555
78535199
78390081
78273885
78115632
77964073
77817224
77692211
77559987
77435661
77276385
77126431
76981347
76887521
76843632
76792496
76688250
76649683
76631917
76642308
76621022
76504577
76473221
76392633
76233593
76233101
76199589
76106867
76117631
76045598
75979165
75966681
75957998
75894398
75782745
75667213
75640830
75662154
75680411
75605986
75531102
75466723
75472851
75377592
75391656
75303705
75188636
75056926
74933715
74765461
74712163
74606196
74519970
74413918
74289405
74098940
73992584
73822465
73822465
73822465
73828241
73828241
73828241
73828241
73828241
73828241
73828241
73828241
73828241
73828241
