25708007
25530181
25348303
25175095
25002090
24834759
24669441
24508850
24353020
24172017
24002466
24569426
24889354
25208913
25545970
25880809
26198242
26487351
26770932
27032439
27312069
27557071
27860433
28150071
28404051
28667393
28957813
29288163
29658440
30117841
30666888
31304712
32025168
32757126
33481761
34191052
34840125
35416823
35782011
35867119
35917246
35955241
35995658
36034469
36079235
36132855
36193929
36254262
36306088
36324658
36304840
36233741
36171195
36140947
36127870
36126722
36164318
36198707
36222728
36263569
36303917
36352413
36409972
36453431
36494336
36549001
36606812
36660773
36722886
36786259
36840962
36902340
36971740
37027940
37085208
37148238
37209342
37267984
37320445
37378537
37446466
37497970
37567687
37641412
37705954
37766836
37830943
37893514
37950154
38007067
38061898
38107156
38160325
38243881
38376760
38556469
38726548
38902402
39042061
39176161
39285277
39396448
39510337
39614891
39726182
39834890
39932975
40039877
40138145
40229141
40311479
40402271
40478357
40560302
40646459
40731581
40810553
40902452
40980380
41064350
41139152
41208077
41274302
41329721
41379098
41412014
41419280
41406965
41386190
41338381
41267266
41136932
40983747
40792430
40563082
40316629
40060102
39849608
39669175
39539908
39443748
39386541
39342627
39317023
39276922
39238384
39176470
39101955
39015308
38913747
38799448
38698124
38594385
38476362
38351496
38209729
38045973
37860246
37670530
37467001
37260948
36958270
36599652
36128967
35632665
35210698
34832711
34500429
34233459
33964625
33717829
33464652
33193580
32861064
32523810
32227669
32004762
31926092
31903652
31995064
32082205
32106424
32084050
31991509
31840425
31610429
31350348
30974367
30351825
29492223
28629877
27763324
26923623
26094681
25273967
24450957
23657672
22898625
22168764
21488006
20869530
20296478
19765026
19239648
18720957
18303071
17947226
17708530
17500356
17224396
16920800
16566444
16155943
15758940
15348917
14943383
14556632
14286806
14029582
13773328
13461019
13033699
12588994
12044343
11512880
10993858
10472730
9984394
9516099
9091240
8686258
8391855
8360807
8569605
8812813
9079806
9348032
9623202
9909264
10163426
10357770
10508539
10599019
10592446
10557653
10529791
10484825
10509757
10441037
11179694
11913642
12640900
13366829
14088957
14797165
15522809
16248298
16976106
17711624
18459243
19218379
19948735
20693609
21450279
22212309
22976909
23739375
24506684
25275543
26046045
26822237
27584362
28348198
29095657
29847603
30584244
31308004
32031279
32737720
33435216
34121439
34801585
35473957
36172302
36911063
37668081
38461509
39315036
40160366
40964656
41756755
42480215
43290236
43290236
43290236
43290236
43290236
43290236
43290236
43290236
43290236
43290236
43290236
43290236
43290236
43290236
43290236
43290236
43290236
43290236
43290236
43290236
43290236
43290236
43290236
43290236
43290236
43290236
43290236
43290236
43290236
43290236
43290236
43290236
43290236
43290236
43290236
43290236
43290236
43290236
43290236
43290236
43290236
43290236
43290236
43290236
43290236
43290236
43290236
43290236
43290236
43290236
43290236
43290236
43290236
43290236
43290236
43290236
43290236
43290236
43290236
43290236
43290236
43290236
43290236
43290236
43290236
43290236
43290236
43290236
43290236
43290236
43290236
42609920
42078530
41580998
41084466
40591625
40082102
39613343
39143320
38694201
38238251
37799516
37351343
36873377
36435713
36027566
35574308
35093507
34574138
33990209
33314315
32538368
31672314
30778776
29910677
29048406
28205571
27471514
26862484
26558845
26357896
26180382
26006634
25823322
25644477
25475420
25292282
25123850
24953350
24785538
24620127
24455774
24295861
24129150
23948514
24458990
24813599
25134146
25462459
25792553
26123767
26405493
26700260
26966697
27249033
27505838
27785833
28094658
28363773
28605296
28898635
29212299
29562338
29976826
30491226
31103393
31810327
32553343
33273571
33989490
34670994
35248997
35703083
35857637
35907344
35944260
35975256
36021024
36065910
36108241
36167488
36222613
36281333
36305340
36306036
36249583
36209948
36165705
36147867
36149002
36161173
36203137
36226852
36259320
36301558
36350012
36401827
36454282
36498287
36552324
36613063
36666776
36734141
36800067
36849298
36914420
36988233
37043758
37105382
37167720
37228917
37284993
37338253
37395940
37460983
37521742
37591249
37657045
37730002
37785169
37848124
37905343
37968385
38023846
38079340
38126602
38172229
38252128
38356090
38523715
38674570
38848903
39007096
39137692
39272161
39377629
39490096
39591698
39702956
39816794
39913454
40020260
40117148
40213748
40288646
40379069
40451948
40531637
40617380
40699910
40778870
40876085
40959830
41043395
41122277
41192522
41262476
41319260
41370830
41407847
41417912
41415470
41393111
41356998
41298428
41202823
41048769
40866989
40656524
40397268
40138184
39895918
39704509
39562480
39464300
39393569
39342556
39310748
39269326
39222032
39177167
39116894
39035951
38929405
38821854
38708721
38611809
38482590
38371073
38233079
38076387
37903449
37718865
37516040
37309848
37108297
36748356
36280275
35807640
35320224
34929123
34573265
34302367
34026242
33771795
33513385
33262703
32949729
32609589
32316542
32090750
31985361
31950336
32051011
32138852
32206721
32202235
32124943
31977830
31773528
31521350
31204973
30651257
29855956
28991012
28114609
27262929
26437290
25617983
24796907
23978339
23218021
22471019
21777388
21143004
20545553
20002016
19479692
18953182
18442092
18075366
17830768
17594675
17382443
17081730
16746988
16341429
15954607
15551387
15157248
14737899
14435069
14168539
13888085
13580437
13166347
12721003
12180608
11647972
11125833
10610774
10112399
9641294
9209966
8807315
8450537
8352248
8491052
8726167
8984798
9245853
9537490
9812644
10077879
10303115
10473454
10586413
10606704
10574838
10550110
10503344
10484388
10496393
11225735
11968527
12699083
13426852
14150701
14867172
15589653
16310828
17032053
17765092
18503372
