65161464
65116640
65073416
65072005
65024733
65014815
65084353
65095278
65114095
65156189
65110150
65054999
65054768
65064578
65084101
65065386
65050127
65030652
64994667
64984961
64999448
65044805
65086472
65110995
65127890
65157645
65179480
65163042
65125856
65080618
65092547
65048951
65042860
65063340
65054171
65068084
65132061
65130025
65105164
65087370
65051066
65033471
65042699
65002001
64973508
64978681
64967866
65005089
65022172
64984612
64938042
64958276
64921809
64929668
65004715
65011990
65034198
65102721
65086696
65078189
65086256
65063491
65010564
64988218
64968790
64913156
64881019
64851428
64810757
64795984
64737407
64718689
64719152
64737861
64760845
64799673
64782177
64737090
64731973
64679519
64621619
64633100
64604412
64557165
64534762
64470008
64432802
64366738
64314196
64305095
64330848
64359198
64375740
64362308
64341233
64356447
64350735
64326794
64301636
64326675
64289719
64268448
64316567
64301947
64318812
64390084
64394020
64381395
64372776
64360287
64332742
64328418
64315645
64293075
64281232
64225506
64188794
64166438
64095136
64073652
64077293
64103984
64115174
64162712
64162190
64142369
64160335
64129421
64057540
64063990
64028860
64009464
63979388
63982510
63977589
63979013
63995367
64033468
64079060
64119547
64146105
64210095
64247078
64291439
64315954
64294381
64302825
64330239
64305788
64299980
64333617
64349423
64383981
64467820
64515298
64527891
64573122
64629043
64710366
64782383
64827469
64811422
64768585
64706686
64678451
64675003
64642894
64618851
64620957
64662553
64674700
64756894
64766236
64761713
64782424
64745079
64682976
64665127
64613775
64624430
64661780
64707119
64747747
64778115
64791457
64843998
64928217
64959756
64992927
65027006
65031407
65065326
65085205
65053781
65042710
65035373
64980147
64954906
64963612
64966970
64976545
65020182
65031511
65084352
65134157
65161424
65179428
65218708
65212744
65196743
65180847
65152958
65132041
65101128
65045504
64992080
64980469
64938669
64920796
64982183
64983473
64994695
65024374
64962312
64890841
64875010
64869592
64876095
64844132
64814253
64779418
64727949
64702883
64702142
64732411
64769902
64778492
64779834
64795060
64801666
64768853
64732912
64687927
64700109
64656766
64650928
64671661
64662745
64676911
64741141
64739358
64714242
64696193
64659634
64641784
64650757
64609804
64597296
64602469
64591654
64628877
64645960
64608400
64561830
64582064
64545597
64553456
64628503
64635778
64657986
64726509
64710484
64701977
64710044
64687279
64634352
64595958
64576530
64520896
64474074
64442995
64418404
64407206
64368381
64371215
64374438
64410451
64452539
64478166
64477529
64448441
64449799
64410044
64364559
64392063
64364142
64316466
64309291
64257557
64233599
64167395
64114309
64120692
64161805
64192975
64209005
64199749
64178514
64209281
64218098
64215714
64215835
64248189
64218828
64205152
64259738
64251585
64274917
64353416
64364579
64359181
64357789
64353035
64334985
64337636
64333326
64321211
64309623
64237912
64201200
64189348
64125526
64110762
64123307
64156718
64175756
64230398
64241244
64221927
64239893
64208979
64137098
64143548
64108418
64089022
64058946
64046380
64051275
64041899
64048365
64091911
64129751
64160998
64190845
64241347
64260186
64303347
64311518
64271801
64278734
64288004
64246465
64234577
64253870
64260436
64287146
64378690
64433637
64437670
64473661
64519694
64605889
64683610
64718496
64692249
64651932
64595745
64558270
64562355
64521686
64489083
64476957
64500745
64495428
64560870
64553460
64533313
64538400
64485431
64407288
64373399
64306007
64300622
64321932
64349471
64374819
64387091
64378073
64415446
64499665
64531204
64553871
64580470
