189783361
189912325
191096735
189782224
189921104
191106455
189788041
189935728
191122148
189800206
189942332
191122506
189793060
189935596
191114158
189785787
189927962
191103282
189788687
189943810
191123021
189810419
189957343
191135264
189822169
189960274
191134365
189830870
189963605
191137482
189840257
189972966
191146341
189853000
189984714
191153953
189857573
189981678
191146631
189841182
189966702
191136967
189848810
189985268
191155551
189865623
189987077
191154072
189870025
189995106
191165403
189885079
190021789
191196315
189906000
190034411
191209427
189915888
190044730
191221605
189923128
190053724
191233092
189937372
190057992
191237349
189943603
190067533
191233735
189925836
190048023
191220060
189910015
190041510
191220900
189908117
190040462
191226332
189909544
190043337
191216765
189894763
190016521
191184345
189861522
189997782
191169757
189848218
189986310
191178789
189857851
189992348
191173263
189860913
189992117
191181210
189866463
189996371
191168966
189849804
189974547
191154252
189845812
189973101
191151752
189845549
189961567
191137617
189836603
189960968
191144496
189847727
189975385
191159337
189853065
189979975
191170463
189877500
190009683
191201204
189900282
190024734
191212841
189908683
190030039
191214881
189907981
190036398
191217778
189911025
190039865
191221463
189923473
190051476
191234529
189937107
190077665
191265104
189959393
190099454
191275510
189953602
190084817
191264492
189937911
190073958
191243017
189919972
190064585
191252688
189947706
190096206
191281256
189977400
190125225
191307304
189995030
190137416
191316666
190014059
190150267
191328759
190035067
190169616
191345408
190058175
190189620
191361731
190076227
190198699
191367454
190082708
190201169
191370701
190091754
190214541
191386618
190108777
190225723
191387020
190100362
190215048
191371696
190094421
190221425
191382691
190106410
190234506
191400036
190116480
190241431
191402392
190115233
190241963
191403172
190117128
190247238
191411635
190121418
190257953
191425326
190140482
190284922
191459132
190171148
190325194
191517407
190238304
190386492
191577736
190288484
190426648
191609245
190312544
190447124
191629846
190331223
190483275
191674416
190383039
190536875
191726876
190420409
190571145
191754164
190449589
190589429
191784856
190491189
190644599
191835230
190541008
190682188
191869434
190568172
190715225
191906885
190611742
190755865
191945905
190655604
190808124
191996243
190714297
190869999
192062112
190770117
190917955
192106897
190813024
190949060
192151705
190854890
190980554
192169148
190868225
190989372
192172331
190872652
191000912
192179442
190882512
191012403
192195278
190895618
191033386
192218676
190922616
191064403
192247331
190952000
191090768
192270568
190962852
191096502
192277278
190968932
191108387
192295444
190995003
191134742
192317665
191011323
191165206
192350154
191041492
191183835
192350310
191039373
191183694
192349404
191042384
191175900
192337080
191031608
191165960
192325672
191027668
191163271
192322887
191030372
191159320
192318066
191028872
191154986
192311810
191032088
191157674
192314735
191043160
191171008
192329879
191058264
191192881
192349450
191078367
191206472
192360920
191092079
191226359
192386209
191108335
191231869
192386877
191104604
191220151
192370805
191087448
191217802
192380579
191094958
191228288
192389519
191098659
191233739
192397389
191097611
191226958
192395211
191087539
191208075
192376158
191072035
191188474
192349198
191045093
191164647
192326212
191024778
191155964
192324349
191020024
191154843
192323481
191014121
191145735
192319162
191013622
191147197
192321212
191014621
191153894
192324185
191007986
191134250
192297228
190979023
191101495
192268321
190954168
191082422
192257584
190954056
191082311
192256519
190948819
191067972
192234792
190919749
191038586
192208322
190892690
191002344
192173782
190858536
190966867
192136667
190832792
190936923
192110413
190810374
190915247
192087572
190791017
190909484
192088296
190788042
190914174
192093333
190794713
190919242
192094070
190791035
190912751
192083331
190776066
190891381
192062069
190756368
190874494
192045012
190740051
190865490
192037135
190737752
190873107
192045693
190742407
190886318
192059746
190752929
190891779
192059413
190745095
190884355
192050377
190737134
190876033
192038813
190739346
190891193
192057864
190760390
190903789
192068945
190770978
190905307
192066406
190777791
190906278
192066931
190784826
190913251
192073174
190794946
190922884
192079131
190797876
190917952
192069684
190779110
190900382
192057423
190784141
190916351
192073410
190798602
190916027
192069801
190801121
190922394
192079475
190814518
190947673
192109212
190834022
190958908
192121159
190842748
190967814
192131697
190848345
190975165
192141541
190860946
190977790
192144155
190865534
190985688
192138898
190846371
190965003
192124053
190829380
190957320
192123723
190826065
190949916
192122565
190821144
190946664
192106876
190800241
190915986
192070363
190762912
190895364
192053892
190747725
190882262
192061294
190755723
190886665
192054133
190757150
190884799
192060445
190761065
190887418
192046566
190742771
190863959
192030209
190737136
190860870
192026066
190735230
190847693
192010296
190724642
190845452
192015533
190734373
190858699
192029211
190738555
190862133
192039181
190761834
190890685
192068766
190783460
190904580
192079247
190790705
190908729
192080131
190788847
190913932
192081872
190790986
190916466
192084848
190802730
190927626
192097232
190815426
190952877
192126628
190836541
190973495
192135863
190829579
190957687
192123674
190812968
190946135
192101509
190793839
190935371
192109551
190819941
190965360
192136487
190848003
190993488
192161407
190864500
191004546
192169636
190882645
191016738
192181307
190903466
191036127
192197999
190926870
191056656
192214852
190945707
191066994
192222076
190953190
191070247
192225859
190963040
191084652
192242814
190981101
191097583
192244728
190974198
191087948
192230916
190969769
191095114
192242700
190982547
191106779
192258394
190990689
191112760
192260036
190988421
191109839
192257824
190987535
191115757
192267389
190992823
191126225
192281281
191011737
191152807
192314252
191040028
191191869
192371765
191105402
191251385
192430533
191153908
191290319
192461039
191181568
191310724
192481574
191199824
191346452
192525281
191248013
191399176
192577081
191282647
191431138
192602712
191310044
191443683
192627455
191345568
191491041
192669800
191387229
191520255
192695410
191405668
191541669
192721017
191437261
191571511
192749239
191470325
191612012
192785835
191515409
191659375
192833295
191552951
191687756
192860585
191578492
191701955
192886400
191600972
191714063
192886320
191596784
191705358
192870117
191581825
191697727
192860137
191574727
191694217
192860972
191572832
191703091
192872476
191588320
191728806
192900289
191617353
191757256
192925616
191630295
191765313
192934641
191638807
191779630
192955239
191667310
191808417
192979677
191685962
191841213
193014498
191718212
191862158
193016973
191718412
191864336
193018601
191723101
191859114
193009487
191715763
191851507
192999347
191712506
191849264
192997241
191715641
191846849
192995011
191717337
191845711
192991744
191723527
191850033
192995661
191734886
191863889
193010880
191750301
191886521
193032066
191771968
191900778
193043127
191785846
191917686
193063613
191797598
191920180
193063525
191796741
191917187
193061466
191793936
191924290
193077932
191810167
191943497
193096568
191820543
191953992
193109218
191825533
191952560
193112553
191821238
191939902
193101076
191812153
191926029
193080673
191791765
191908535
193063940
191777230
191905656
193068189
191782497
191915036
193078179
191787452
191916987
193085230
191795794
