57042888
57133170
57217261
57304749
57395797
57537280
57668776
57808698
57943716
58066860
58201722
58330372
58458038
58589832
58726356
58854948
58981335
59101471
59221987
59337453
59459062
59584106
59714698
59846687
59984649
60121291
60289393
60461542
60640771
60812710
60935928
61060180
61172426
61290821
61411776
61522741
61653390
61806107
61952697
62069505
62190542
62302239
62413364
62525702
62641123
62752261
62863701
62975079
63087370
63209365
63336636
63459980
63587095
63718754
63852406
63988417
64127720
64269376
64441655
64622869
64806933
64966573
65096498
65216652
65353346
65485784
65637680
65790346
65949830
66105560
66266748
66418867
66572189
66716591
66859975
66992115
67127836
67264382
67403685
67540055
67676316
67811059
67949304
68082994
68216499
68361020
68513785
68665989
68810195
68964391
69116430
69261569
69409919
69550549
69680070
69784050
69872076
69970683
70096834
70232383
70366695
70493479
70632242
70776003
70930516
71078471
71233628
71417488
71621988
71816357
71985408
72123174
72257064
72394168
72525752
72633751
72729287
72829206
72960033
73090668
73216827
73336490
73466102
73599592
73733776
73863673
73990853
74111216
74239773
74350742
74475182
74574244
74692566
74858539
75050381
75233927
75408418
75533199
75654481
75787785
75908790
76050275
76167585
76290274
76409648
76528055
76648964
76765855
76888196
77008882
77134204
77257709
77383511
77508371
77636210
77763192
77894116
78020529
78141990
78257590
78372281
78477340
78582517
78654896
78714947
78767184
78818648
78917453
79005794
79102721
79194382
79280801
79376593
79457321
79521984
79596170
79700237
79793624
79903301
80010247
80115059
80217055
80326398
80435478
80548882
80656142
80766143
80874128
80986845
81095393
81202802
81304126
81407291
81504281
81599589
81661654
81710398
81757993
81828304
81932927
82042485
82161453
82302218
82401670
82493428
82576041
82656467
82728826
82803825
82876466
82970454
83090264
83222537
83340815
83444588
83534369
83629738
83721406
83814262
83901195
83992478
84081474
84171749
84256725
84339852
84419654
84499278
84575762
84653937
84729964
84809643
84886365
84963063
85039851
85119000
85196459
85277311
85355663
85436027
85508294
85574010
85628006
85687919
85737268
85755825
85757179
85770453
85810404
85879067
85944162
86013432
86079022
86147003
86209319
86276653
86343682
86419322
86498503
86578107
86651712
86724567
86797089
86871121
86942831
87014688
87069509
87139035
87198231
87278102
87338209
87358042
87364420
87361425
87387575
87533296
87680994
87777400
87896948
87983947
88110858
88221427
88314949
88382246
88453497
88536039
88602889
88665566
88724609
88783561
88837456
88893858
88947141
89003789
89059250
89119572
89185449
89256719
89324251
89395136
89463738
89536795
89604212
89675786
89748667
89822516
89897541
89970761
90037333
90108981
90180831
90251133
90311449
90365671
90413261
90463907
90505258
90551959
90597094
90644054
90686177
90731218
90768700
90809490
90848314
90889372
90927598
90969742
91010497
91054576
91095028
91139116
91180631
91226702
91270977
91315236
91352060
91387659
91425133
91447818
91450557
91484233
91519651
91562426
91604741
91648758
91689979
91730074
91749964
91740297
91719142
91702692
91701094
91742860
91795213
91827995
91842909
91877932
91903815
91930025
91949814
91968453
91981300
91997709
92014064
92033003
92046925
92059865
92067157
92080416
92098240
92107131
92134160
92197150
92258295
92322311
92349372
92368734
92375397
92391665
92403645
92418820
92429621
92431148
92433196
92438186
92439808
92446576
92447486
92450283
92450793
92452917
92451875
92455188
92454375
92455129
92454323
92454633
92451808
92450736
92441750
92436981
92427635
92424343
92421585
92419630
92416297
92418558
92414644
92399560
92398936
92379690
92287972
92198925
92145307
92085772
92034266
91968915
91909014
91868185
91849703
91837090
91816990
91813869
91851673
91886750
91925324
91924490
91904876
91902448
91892682
91882802
91863716
91846421
91823862
91804328
91784738
91767941
91747789
91727619
91697837
91668157
91637570
91614350
91591893
91572315
91545464
91516211
91482801
91447305
91410348
91381068
91349177
91318609
91284446
91252249
91217745
91188370
91152132
91118377
91083081
91050175
91013269
90975712
90931767
90890045
90845225
90803390
90759581
90719791
90675596
90630229
90579124
90531094
90479507
90429867
90378133
90328063
90276538
90228804
90178548
90131702
90083433
90040592
89996224
89952744
89909580
89867347
89827341
89780475
89706354
89616073
89542911
89493482
89419586
89356262
89292186
89272760
89233639
89207212
89157243
89093618
89025224
88952439
88875894
88798750
88715491
88632796
88557376
88461604
88326103
88193103
88054705
87949273
87846950
87759377
87665747
87580943
87489947
87396264
87306940
87223733
87136856
87053004
86966062
86884562
86798029
86705504
86606046
86508619
86404703
86305845
86205865
86106880
86003753
85898881
85788877
85687327
85582803
85480988
85377115
85272038
85163231
85057752
84950811
84848457
84743510
84639638
84527509
84416263
84302896
84192653
84076829
83988325
83908039
83820699
83701929
83581831
83447639
83313318
83173391
82994963
82815857
82632080
82492329
82375056
82238325
82103339
81960391
81819633
81675556
81534091
81393824
81254291
81107270
80954791
80795747
80638587
80480483
80323077
80163578
80006159
79844684
79686851
79529596
79378256
79227519
79079744
78924040
78773624
78621279
78466805
78306464
78146459
77982573
77820921
77654889
77493962
77330489
77164374
76988092
76816449
76643862
76474940
76303699
76134013
75959803
75789584
75620158
75461506
75296556
75131193
74966586
74808106
74645814
74481591
74307028
74151824
73995532
73844603
73697535
73555333
73405992
73251908
73085097
72922050
72763921
72610713
72458486
72311148
72153375
71993410
71825515
71662727
71455689
71267971
71068380
70892281
70729076
70569908
70416224
70273910
70132982
69995066
69852844
69713942
69571359
69429641
69282864
69155721
69030453
68911489
68793593
68671910
68542263
68407789
68270500
68134801
67986555
67839811
67691829
67551861
67409345
67262908
67103808
66951483
66788217
66626947
66459236
66302542
66166854
66046111
65922120
65779815
65614867
65458078
65306687
65153455
64993816
64836050
64671507
64507644
64340643
64179410
64014412
63852272
63684659
63518590
63345076
63175721
62980192
62776482
62580838
62417037
62259525
62107171
61951977
61797286
61642810
61492544
61344523
61195886
61037257
60878036
60712379
60550556
60390696
60233280
60074279
59914865
59750801
59590358
59430161
59281038
59135835
58998496
58859930
58717156
58576210
58435511
58337202
58233192
58126484
57989912
57836337
57689863
57532594
57375488
57223798
57094006
56963943
56834400
56705793
56583680
56455047
56325038
56194270
56068280
55942602
55819355
55694832
55570245
55440921
55311205
55177352
55041176
54898052
54761165
54626910
54491571
54347128
54200979
54051936
53910499
53749319
53590341
53429582
53265704
53095825
52930263
52765850
52614162
52462191
52312843
52156334
52002536
51844551
51684090
51527502
51374987
