181631760
181641267
181800266
182056522
182423388
182697215
182861060
183226216
183596936
183982082
184357654
184723254
185094827
185474221
185855316
186232449
186597447
186972334
187355063
187736574
188115139
188494568
188878920
189258012
189634247
190010347
190388976
190773358
191163484
191549598
191931885
192309608
192687470
193066579
193446660
193827363
194208795
194588202
194967725
195348399
195725852
196097129
196466081
196831704
197198654
197559764
197911167
198258901
198604706
198948004
199292502
199636621
199978267
200306689
200625598
200939941
201254015
201567225
201881930
202195439
202502442
202804986
203106675
203410579
203716805
204022600
204327726
204628983
204923956
205214267
205502519
205790735
206076764
206361625
206646674
206927992
207209459
207490173
207767264
208036113
208305864
208579897
208865058
209149583
209434466
209719592
210000033
210274535
210558046
210844987
211132366
211417546
211699327
211972453
212254563
212537716
212822419
213102870
213508144
213984442
214308455
214641827
214917851
215185592
215456578
215734188
216015256
216281824
216551939
216824534
217091265
217353032
217625878
217900189
218160592
218419349
218678447
218932359
219179813
219435446
219690745
219934411
220173248
220410150
220638966
220858985
221079568
221298802
221509974
221725176
221943550
222091583
222425696
222609676
222650536
222608886
222908582
223443805
223986178
224167726
224443322
224614935
224873452
225234964
225398895
225558235
225706530
225862054
226017510
226166658
226306468
226447384
226588626
226730447
226863835
226992435
227126008
227265583
227407926
227538547
227668636
227797977
227926659
228053211
228175562
228297398
228425932
228554296
228682064
228808116
228935063
229064143
229198034
229339600
229482532
229626817
229771384
229914195
230057931
230203765
230353954
230508366
230673714
230847071
231025417
231204201
231382297
231558738
231735366
231913231
232099992
232291214
232486062
232684895
232891247
233098421
233310269
233529137
233750887
233974858
234199518
234420905
234641871
234862638
235083520
235304595
235527158
235754925
235985450
236218471
236453159
236687910
236921789
237157802
237395022
237633777
237871767
238107315
238337942
238558538
238779551
238999728
239218677
239438609
239656654
239863754
240068822
240274439
240482470
240691205
240900490
241107303
241311100
241519350
241729536
241936649
242138038
242330484
242523334
242715711
242907513
243096380
243278373
243450405
243624365
243795853
243965883
244135092
244303157
244463580
244631877
244811400
244997356
245186826
245377187
245560994
245737717
245910749
246081961
246252987
246425373
246600131
246775835
246953339
247132624
247312137
247494584
247673914
248003833
248193326
248394846
248773756
249366534
249797790
250139250
250328819
250722887
250917060
251106357
251298937
251488478
251669983
251858612
252054736
252250353
252444199
252634980
252827829
253019291
253211635
253413610
253621222
253831440
254037074
254228355
254410159
254588081
254764281
254939290
255114268
255290388
255465129
255634021
255797108
255966336
256134031
256277464
256351153
256327557
256126822
255854844
255632065
255428524
255229790
254882008
254348506
253678174
252936085
252043966
251049279
249963799
248874433
247783584
246699278
245619523
244545528
243487445
242463162
241601390
240810901
240081047
239381541
238760732
238178398
237613181
237073267
236611951
236118516
235614384
235211589
234956099
234845879
234793801
234839483
234892887
234906502
234926798
235024915
235122645
235224110
235330616
235442955
235552531
235661364
235745242
235775987
235761175
235713576
235652869
235584027
235485364
235373515
235233339
235079795
234918402
234733658
234533591
234323890
234107157
233892968
233679476
233482875
233296102
233122818
232945421
232777696
232637536
232514209
232408458
232314909
232259634
232231118
232247699
232311400
232374274
232434268
232491674
232540805
232582862
232619837
232651207
232671253
232687340
232701451
232716526
232731785
232748867
232766044
232784568
232801210
232819288
232831678
232844381
232852044
232860561
232870941
232881592
232893520
232905125
232915141
232925156
232929867
232928834
232919633
232905283
232891082
232876220
232861385
232846024
232822515
232788023
232750407
232715893
232684118
232651466
232619040
232585846
232544210
232498939
232448400
232396025
232352444
232315599
232279476
232242703
232204399
232168327
232130830
232095853
232059152
232024587
231983197
231942663
231926885
231980481
232128189
232443259
232817243
233135350
233433255
233725630
234169082
234799411
235563400
236389063
237354436
238414126
239561683
240710005
241860174
243005641
244143676
245265882
246368404
247439024
248347876
249182335
249947604
250665799
251301128
251898202
252477898
253030023
253493353
253983002
254484278
254885348
255127106
255219625
255253778
255189253
255104808
255049456
254986281
254843726
254682146
254513683
254337906
254141762
253939789
253737670
253561308
253429086
253334912
253272604
253225138
253184722
253174037
253177674
253208100
253252232
253303700
253380131
253474217
253578161
253681737
253781573
253873387
253944436
254004547
254051153
254102007
254130222
254125816
254104640
254064843
254003534
253898757
253767945
253584793
253346688
253106881
252863911
252612491
252358380
252100713
251834364
251573102
251327447
251072723
250818965
250554507
250286427
250007711
249722760
249438127
249148667
248857999
248552412
248241299
247927985
247600028
247281770
246954054
246620789
246272406
245923039
245564301
245216112
244854554
244491861
244122263
243749957
243373742
243004853
242635855
242254480
241874660
241480992
241089072
240695800
240300587
239901182
239491649
239073450
238652043
238233057
237807072
237379837
236942385
236499670
236057812
235612791
235171007
234723590
234266661
233808736
233341532
232864663
232388839
231913113
231428393
230937267
230453293
229972742
229497274
229011273
228521217
228031434
227539372
227048704
226559021
226067028
225573264
225080904
224583663
224079249
223573019
223069189
222561370
222049891
221531433
220995339
220455128
219919366
219380402
218842145
218294472
217737460
217176495
216614353
216049538
215479973
214897366
214317425
213737032
213143223
212541544
211939956
211320603
210700198
210061724
209443258
208821373
208190914
207566177
206939110
206309168
205661943
205015487
204369395
203718310
203061347
202396455
201725057
201053054
200383431
199698897
199012300
198323014
197633269
196931533
196222649
195513968
194810329
194108191
193396855
192680768
191964573
191260314
190562807
189870159
189186289
188516033
187847539
187173986
186503559
185836792
185177355
184519937
183872517
183236822
182605573
181981398
181354247
180721748
180105362
179495668
178903834
178315553
177738012
177166925
176593735
176032037
175477564
174935130
174396028
173856828
173333558
172806365
172297701
171795190
171313255
170840205
170389640
169928406
169480118
169034055
168604129
168187852
167781044
167369218
166960906
166570893
166202101
165848749
165494354
165140676
164790107
164451110
164133817
163829413
163529055
163226515
162935673
162655498
162393270
162144318
161902036
161670182
161434354
161208692
160999521
160794836
160602357
160425559
160250033
160084781
159931590
159797721
159660923
159528405
159403483
159296363
159199577
159104191
159015668
158931974
158853088
158787402
158740003
158699099
158670994
158649915
158631292
158618927
158633995
158661994
158704639
158763642
158825845
158891881
158985546
159086553
159204360
159331599
159465489
159611059
159770805
159947320
160144756
160355267
160573426
160807571
161060630
161321179
161606649
161898199
162216525
162540322
162883510
163234904
163594228
163966186
164350155
164762732
165190340
165625753
166066214
