57084182
56920884
56751655
56614288
56470065
56217421
55850965
55413114
54856712
54373716
54045439
53888067
53922650
54043653
54157653
54344897
54632322
55045569
55554437
56107536
56510352
56766828
56856641
56860997
56873342
56906236
56962601
57058490
57188145
57351945
57548436
57762717
57982891
58188568
58389737
58569280
58727162
58861279
58981574
59075494
59162774
59222508
59262574
59269318
59237353
59182801
59091998
58987435
58868555
58727520
58575028
58403760
58213468
58039489
57847744
57654935
57474937
57301019
57144738
56971248
56826826
56633937
56321153
55920265
55427349
54865534
54419032
54128141
54055094
54124702
54210927
54315581
54533231
54872662
55291502
55836487
56300377
56614941
56811500
56852891
56829386
56827192
56859709
56922285
56997239
57122956
57278788
57457738
57646102
57837118
58027634
58204677
58372951
58513410
58635533
58740555
58825781
58890106
58943636
58968788
58955588
58915687
58843223
58759794
58650274
58522010
58383532
58228106
58058074
57883314
57699864
57518523
57343409
57184275
57023827
56862211
56736237
56602746
56372963
56020002
55556491
55049359
54551201
54174388
53992462
53966611
54086869
54192211
54340577
54634797
55025592
55513321
56077246
56503224
56793776
56901195
56906105
56898313
56920267
56974350
57067614
57184911
57332734
57520773
57737543
57928903
58129242
58331947
58521296
58687642
58829988
58962592
59068588
59154275
59220979
59267291
59281611
59251323
59190849
59111596
59012533
58907897
58774126
58621388
58465040
58279684
58088307
57904153
57721754
