74904567
74904567
74904567
74904567
74904567
74904567
74904567
74904567
74904567
74904567
74904567
74986832
75077584
75169984
75265432
75357632
75436304
75503511
75559929
75603392
75785771
76060525
76077818
76129412
76185602
76223427
76320918
76546066
76676362
76720909
76781823
76827427
76813174
76892005
76908581
76903321
76971945
77059432
77089760
77043050
77055116
77086039
77116122
77177010
77207162
77285691
77294198
77288419
77309722
77397322
77428330
77538855
77629183
77699615
77756503
77867727
78042508
78149498
78259517
78384097
78521297
78676515
78729302
78789616
78861191
78950593
79039266
79123382
79202152
79202152
79202152
79062152
78896416
78751272
78579784
78483512
78422072
78390360
78359816
78330152
78287968
78162819
77982841
77808456
77641979
77503219
77361187
77176682
76991528
76791657
76648508
76590427
76488774
76539926
76562080
76583409
76642755
76609859
76566462
76581916
76565256
76520898
76538007
76559969
76494897
76496393
76505505
76439100
76349297
76316785
76356407
76276587
76152032
75988764
75810811
75614691
75509587
75381593
75278513
75159991
75021865
74840384
74787144
74756984
74722024
74671992
74608648
74504864
74371800
74371800
74371800
74371800
74371800
74371800
74371800
74371800
74371800
74371800
74297138
74219643
74143361
74044705
74126952
74216169
74219579
74257280
74221637
74202282
74171162
74096011
74029600
73967776
73954376
74027074
74085113
74147755
74186672
74140723
74048219
74009405
74061113
74050321
73895716
73723652
73504497
73305651
73020162
72783663
72673700
72465921
72355436
72260203
72103448
71973853
71871631
71729745
71676728
71627089
71575638
71612699
71513819
71394660
71439118
71498534
71639574
71744543
71782679
71807085
71879020
71874164
71921639
72020669
72202150
72255390
72285550
72320510
72370542
72433886
72537670
72670734
72670734
72670734
72670734
72605438
72530238
72385596
72222401
72078423
71815954
71685509
71683114
71594401
71494282
71417392
71394924
71483767
71508505
71411565
71114651
70817135
70611655
70492808
70303615
70115202
69934905
69783439
69667577
69581053
69518282
69549245
69496839
69358637
69337391
69357205
69373231
69372578
69299138
69327942
69332226
69264259
69143594
68895254
68766951
68746143
68757302
68797596
68907695
68915961
68877485
68774971
68746368
68661930
68496922
68383280
68325953
68245154
68237690
68322314
68434492
68543397
68698904
68803957
68843053
68843053
68843053
68843053
68843053
68843053
68843053
68843053
68843053
68843053
68843053
68843053
68908349
68983549
69128191
69291386
69435364
69650028
69799273
69817933
69969608
70168383
70223071
70306329
70343316
70394480
70614047
70980956
71233870
71508709
71694423
71928741
72198113
72432400
72700212
72919909
73028547
73223917
73422099
73681529
73967894
74137393
74255961
74513652
74683494
74932403
75162719
75359953
75579819
75925532
76262827
76492727
76702507
76787242
76830786
76927645
77015756
77156528
77379842
77467515
77613929
77915608
78130575
78287518
78432758
78513206
78586566
78586566
78586566
78586566
78586566
78410482
78231527
77990221
77838394
77685859
77422106
77122205
76835534
76560438
76263404
75904668
75628646
75397313
75230597
75132145
75040761
74934880
74890333
74856476
74850600
74821374
74692426
74652183
74514022
74346291
74331632
74283277
74201963
74238052
74201487
74164426
74155842
74138372
74065298
73901764
73771824
73744014
73757674
73759053
73670173
73582595
73515264
73480636
73328013
73270274
73088347
72860314
72559160
72277610
71962831
71767160
71505164
71299854
71192070
71025651
70760225
70581642
70416178
70416178
70416178
70485594
70508402
70508402
70508402
70508402
70508402
70508402
70508402
70508402
70508402
