23334357
22649909
22061003
21535860
21318015
21303182
21303182
21303182
21303182
21303182
21454630
21895073
22438151
22987755
23534413
24086351
24520586
24836271
25010869
25089528
25233558
25354728
25534750
25747353
25967827
26197539
26461092
26728619
27016938
27287436
27468357
27610003
27842719
28151665
28595533
29211405
29815124
30443344
31067222
31708716
32340865
32969603
33594481
34226460
34875670
35481733
35985412
36404858
36501406
36379365
36225402
36045403
35847762
35628086
35397322
35132286
34849775
34536087
34197220
33849901
33575012
33361233
33279788
33312398
33339419
33413050
33466732
33517130
33615602
33737867
33863514
33984917
34140806
34333191
34618747
34973164
35290277
35531657
35674847
35663759
35663759
35663759
35663759
35663759
35670672
35696800
35740025
35797814
35861748
35940133
36025360
36131057
36252354
36389228
36543191
36723190
36920831
37140507
37371271
37636307
37918818
38232506
38571373
38935945
39330013
39759774
40194221
40602714
40975615
41316402
41616534
41892132
42136122
42354434
42540655
42710966
42845538
42966835
43072625
43157513
43215307
43256972
43279148
43290236
43290236
43290236
43290236
43290236
43290236
43290236
43290236
43290236
43290236
43275551
43255058
43218436
43165950
43097335
43007190
42900772
42777069
42635967
42471154
42283511
42078348
41844436
41591174
41307886
40990712
40648408
40291940
39958493
39673261
39421299
39204955
39017221
38864817
38741667
38639426
38564110
38522589
38495493
38480808
38480808
38480808
38480808
38480808
38480808
38480808
38480808
38479320
38470247
38461174
38447161
38431228
38415108
38399268
38399193
38404926
38429908
38467634
38520316
38594341
38686655
38796254
38923252
39073961
39247500
39437623
39656495
39892429
40148084
40436368
40749782
41075292
41377781
41632055
41852019
42036617
42192925
42314927
42406187
42463953
42482793
42441741
42247382
41948594
41482743
40874451
40123590
39399251
38674276
37949977
37215600
36487147
35777665
35072802
34391756
33737509
33096512
32458159
31834630
31206013
30591664
29971189
29370543
28770660
28176321
27587790
26996676
26429163
25869989
25298709
24724784
24141151
23564542
22997128
22400773
21802964
21202192
20583580
19968894
19343999
18722333
18082007
17434909
16777991
16079795
15513967
15735422
16048895
16514746
17123038
17873899
18598238
19323213
20047512
20781889
21511830
22230385
22944321
23639380
24309560
24966677
25620870
26259159
26902536
27528525
28163760
28780339
29396342
30004785
30607420
31212638
31794255
32367533
32953853
33542818
34143779
34748021
35344325
35969570
36598337
37230067
37879637
38526321
39182962
39836054
40506782
41185770
41887163
42641835
43290236
43290236
43290236
43290236
43290236
43290236
43290236
43290236
43290236
43290236
43290236
43290236
43290236
43290236
43290236
43290236
43290236
43290236
43290236
43290236
43290236
43290236
43290236
43290236
43290236
43290236
43290236
43290236
43290236
43290236
43290236
43290236
43290236
43290236
43290236
43290236
43290236
43290236
43290236
43290236
43290236
43290236
43290236
43290236
43290236
43290236
43290236
43290236
43290236
43290236
43290236
43290236
43290236
43290236
43290236
43290236
43290236
43290236
43290236
43290236
43290236
43290236
43290236
43290236
43290236
43290236
43290236
43290236
43290236
43290236
43290236
42774071
42263234
41720113
41177135
40610625
40049941
39512016
38984520
38461219
37926476
37389456
36851278
36314954
35765884
35195595
34630409
34067037
33486086
32904077
32329639
31738946
31150424
30554714
29942926
29329225
28723335
28100017
27469824
26839130
26196401
25541008
24879590
24201550
23485662
22793441
22177220
21561191
21157592
21127739
21127739
21127739
21127739
21127739
21127739
21643904
22154741
22697862
23240840
23807350
24251366
24604944
24794785
24912102
25039109
25155903
25334996
25543465
25778298
26007566
26249814
26512300
26824422
27114036
27341446
27489759
27684059
27971333
28364853
28970706
29576596
30199914
30830107
31460801
32103530
32733150
33358067
33997586
34660097
35278758
35808937
36319269
36599603
36491286
36337202
36171120
35985670
35774830
35539577
35292563
35010367
34711871
34379965
34023964
33754074
33521641
33417314
33398915
33417500
33490624
33539139
33584143
33646106
33759001
33880791
34011343
34126013
34287419
34527500
34878510
35198693
35458674
35642001
35638761
35638761
35638761
35638761
35638761
35638761
35664534
35701035
35739556
35792933
35866493
35952535
36058232
36181497
36319667
36473751
36639833
36825283
37036123
37271376
37518390
37800586
38099082
38430988
38786989
39173547
39590327
40032309
40456692
40845843
41192945
41503515
41786366
42038640
42266766
42467914
42638248
42792407
42923396
43030343
43121713
43195752
43244207
43279148
43290236
43290236
43290236
43290236
43290236
43290236
43290236
43290236
43290236
43290236
43290236
43279148
43253612
43212091
43154562
43081048
42991140
42874138
42734571
42577484
42398246
42194906
41973758
41722152
41443932
41141299
40807248
40446268
40098540
39798623
39537637
39308861
39118675
38950502
38816003
38705622
38628627
38566080
38527779
38513331
38513331
38513331
38513331
38513331
38513331
38513331
38513331
38511843
38502770
38493697
38480932
38464999
38449066
38433001
38417161
38413489
38427385
38454146
38495555
38552949
38628753
38731651
38857114
39000097
39165231
39353531
39559639
39794157
40055049
40329077
40634238
40964260
41281030
41549989
41778977
41976007
42134447
42272218
42376315
42442681
42475057
42477789
42337686
42052667
41629690
41065867
40312771
39583229
38863459
38145305
37419740
36689255
35979428
35278433
34600881
33934956
33290443
32658300
32030020
31410250
30790028
30172161
29565016
28951462
28359888
27769358
27183004
26600820
26042522
25482775
24907870
24325109
23739200
23171387
22572137
21985736
21381856
20770987
20149046
19532559
18906487
18268517
17631362
16980938
16301441
15554894
15733298
16032765
16455742
17019565
17772661
18502203
19221973
19940127
20665692
21397665
22116565
