39920429
39558806
39187374
38731977
38280228
37823264
37397120
36999698
36627002
36275860
35932062
35574364
35199325
34829081
34480464
34118388
34633906
34916559
34954098
35151409
35284373
35345757
35346742
35248023
35057629
34796494
34402291
33998669
33550616
33127298
32716192
32337435
31929266
31518529
31137412
30805446
30497265
30018024
29492863
28954920
28497973
28056853
27511365
26954406
26422122
25880620
25431768
25013256
24590330
24126056
23670687
23197850
22690935
22229952
21679510
21134669
20581341
19970274
19335135
18694117
18069253
17546115
17033406
16500985
16079274
15637455
15211311
14762327
14287461
13786797
13264119
12759244
12294870
11873092
11461503
11054316
10643638
10241684
9876920
9688972
9358122
9043864
8771953
8550613
8407548
8346449
8335374
8438029
8573881
8711339
8832408
8908262
8981725
9060629
9153831
9229701
9255612
9200496
9180553
9154607
9135545
9019534
8869560
8811530
8752739
8738394
8871527
8961560
9085449
9190295
9267037
9288809
9325568
9416912
9519567
9678468
9923203
10174513
10466654
10788264
11162956
11504157
11845995
12131120
12397169
12573069
12729084
12918507
13108329
13252342
13424090
13608137
13834837
14021459
14187850
14297629
14359242
14477800
14669110
14901564
15196983
15517133
15817989
16099300
16341232
16611514
16899432
17202681
17480871
17653562
17772312
17843569
17963714
18110952
18236356
18316541
18277752
18312730
18448555
18589241
18740798
18870884
18970521
19035716
19111793
19144128
19131420
18969475
18793049
18638086
18546067
18518027
18526541
18514478
18462686
18373349
18259207
18033554
17807711
17589592
17391727
17136416
16893341
16620924
16404388
16242272
16134139
16054593
15972592
15942110
15959303
15934992
15855958
15643890
15494157
15349961
15222865
15125119
14991033
14784017
14565783
14280480
13922151
13626486
13291709
12966568
12617076
12245410
11934009
11646595
11434589
11277249
11152833
10996118
10801288
10616051
10486820
10461241
10365904
10218915
10068599
9925256
9802832
9727978
9703080
9663005
9690568
9729671
9758781
9780262
9795611
9791353
9977447
10188807
10414664
10664330
10949182
11244174
11562965
11899532
12251253
12597908
12977695
13369148
13746002
14097350
14418880
14760811
15120203
15438533
15649663
15860629
16212268
16633096
17139947
17603613
18081826
18599388
19104940
19568322
20052580
20499639
20794303
21179626
21516218
21953648
22420577
22844288
23309234
23763274
24229621
24686285
25176620
25680831
26220314
26708227
27212050
27689431
28082524
28486665
28946023
29398748
29871513
30375082
30883531
31394179
31925114
32398819
32847476
33336020
33806665
34262707
34724860
34901304
34986197
35153856
35281763
35289077
35270991
35137457
34937473
34575801
34192637
33759510
33330021
32898065
32489632
32094750
31682296
31273647
30861887
30583690
30233702
29740925
29201268
28664491
28232503
27749691
27193376
26643390
26119080
25632042
25147991
24789720
24308283
23856604
23394550
22942837
22482217
21999370
21446084
20905526
20335153
19698742
19058132
18432943
17888808
17365451
16848662
16413147
15988600
15538236
15103952
14646736
14162793
13657213
13132676
12623010
12166239
11770909
11344972
10951928
10557979
10157958
9846258
9608445
9284811
8961939
8739449
8538495
8424250
8364938
8427725
8524221
8678229
8808465
8931932
9006861
9079823
9154144
9239899
9336596
9247318
9200319
9167925
9152763
9114938
8968019
8851637
8795697
8736977
8818222
8922925
9035747
9127252
9244130
9289903
9321706
9352340
9463667
9558840
9734094
9990417
10268199
10580131
10930639
11280699
11623953
11940352
12221036
12418968
12585507
12766241
12975681
13155746
13292846
13474262
13689120
13896494
14084993
14234488
14296113
14405319
14557351
14769392
15022465
15353837
15665532
15993257
16243882
16478238
16753582
17051490
17350783
17614838
17772947
17872921
17957812
18084640
18234757
18348738
18390471
18370873
18475621
18606175
19505630
20408428
21310220
22210644
23106247
24000090
24895181
25663146
26350793
27036822
27749646
28505831
29315634
30122565
