38942796
38455061
38064196
37800883
37553931
37303551
37142461
37056391
37000890
36951495
36849561
36774846
36620683
36493927
36377369
36297886
36210399
36148826
36104782
36045622
35987435
35917798
35836114
35757221
35642452
35513819
35377437
35176810
34967997
34698780
34429729
34104296
33779617
33441529
33125071
32806362
32496795
32172688
31875474
31593641
31292663
31000002
30766703
30530474
30275605
30012273
29832886
29682975
29591664
29477755
29432654
29373861
29325611
29274565
29409304
29685249
30015817
30373304
30776595
31201723
31621690
32033494
32391954
32763774
33138905
33455442
33748444
34018795
34276475
34510445
34742739
35032407
35300995
35615310
35976469
36348624
36685809
36968234
37079881
37102808
37058976
36977705
36856055
36729694
36574581
36397543
36260224
36177838
36141110
36184600
36302993
36396012
36548155
36678526
36816446
36969447
37095690
37232723
37355096
37502084
37608018
37668445
37747461
37811749
37882450
37837845
37780512
37597332
37410318
37076078
36701326
36306405
35893993
35417080
34887924
34293154
33752103
33208794
32646783
32130238
31654307
31198266
30740524
30284318
29857088
29420480
29036957
28695557
28436358
28151755
27886768
27719706
27561395
27401032
27272467
27213987
27198571
27339409
27563748
27865706
28234547
28628524
29089337
29560939
30070730
30588896
31022913
31342513
31579505
31832091
32119141
32317416
32485776
32653073
32842455
33072016
33281633
33500244
33692388
33934119
34232980
34488185
34750444
34980130
35242637
35431007
35632163
35810366
36011690
36261196
36529920
36829412
37198426
37604738
38016771
38331152
38552095
38755195
38944417
39154553
39366620
39593603
39851701
40105698
40342609
40558266
40749480
40909690
41076417
41213784
41250934
41212765
41121429
40979379
40755612
40520703
40233381
39940519
39613467
39272196
38909474
38557347
38233759
37906944
37610955
37398346
37331107
37299778
37238321
37289616
37345721
37490284
37572070
37593146
37562279
37522173
37468590
37434758
37437232
37388656
37387640
37417928
37470280
37534616
37627549
37752205
37863963
37979484
38090227
38180634
38218219
38201079
38160921
38184540
38238450
38321503
38382387
38434958
38507877
38580247
38654447
38684374
38702109
38748334
38795835
38858106
38942218
39041426
39143978
39314119
39529260
39788503
40055254
40333693
40636978
41000684
41374274
41781918
42195317
42629839
43031174
43417602
43798009
44146710
44463106
44749264
45017759
45257727
45377512
45506632
45602318
45677446
45757451
45830630
45949784
46072276
46174712
46225623
46237351
46198912
46158780
46126441
46115561
46172513
46238537
