102572946
101298560
99958785
98541050
97088049
95637787
94205805
92794304
91418872
90104929
88862840
87761582
86809280
86035730
85416174
84950609
84634961
84491180
84461559
84549216
84759830
85079049
85506098
86032202
86670330
87450246
88366754
89378808
90444471
91550300
92668830
93796910
94913179
96041786
97169716
98307133
99453788
100603069
101750192
102839029
103852445
104787596
105686632
106518754
107267477
107904799
108517162
109096550
109635872
110155388
110704423
111271260
111848683
112422691
112939610
113471804
114101045
114835508
115645115
116514776
117410541
118333615
119285213
120240591
121165931
122077082
122948607
123784106
124620123
125462198
126338352
127252422
128174664
129072913
129917502
130690546
131407117
132059672
132685182
133266823
133794140
134296132
134766451
135227837
135671794
136104998
136513965
136927575
137342293
137749970
138163615
138587075
139030067
139495730
139974088
140494753
141052890
141674103
142330555
143035763
143769199
144535149
145326774
146145955
146987777
147859573
148759494
149695347
150660646
151660810
152658983
153685968
154727054
155796207
156911257
158059801
159216499
160432054
161708589
163021478
164324496
165521138
166553863
167491693
168538911
169562981
170477738
171173747
171693442
172074716
172356300
172570556
172720909
172790339
172750049
172594472
172287188
171847369
171302312
170661245
169908468
169041095
168120401
167209136
166345413
165524082
164724103
163970612
163242951
162564861
161905132
161270489
160641601
160010643
159385129
158787650
158187072
157561692
156928906
156262587
155639257
155011547
154382622
153754229
153104697
152387095
151630079
150855502
150100908
149430577
148801552
148169746
147534847
146897561
146291503
145726772
145224679
144785153
144436329
144191976
143986481
143823157
143686731
143528839
143333102
143072891
142726537
142334510
141918604
141516774
141084713
140619528
140124479
139567670
138942466
138263449
137499249
136677162
135813580
134949886
134066268
133194315
132320353
131446457
130559968
129700251
128924737
128219990
127584227
127020715
126512942
126001104
125477261
124918162
124323730
123701595
123074288
122460317
121881841
121355748
120885149
120434037
120018556
119637491
119292318
118999869
118730552
118495760
118256260
117927398
117511844
116985557
116287231
115595909
114866805
114094811
113370543
112750361
112152148
111404136
110656688
109991440
109520053
109199882
109016121
108918691
108865488
108845448
108884334
108992372
109163248
109431856
109774720
110161474
110589787
111038101
111518788
112007265
112465802
112864710
113204538
113517371
113784637
114015344
114173589
114285906
114336240
114348003
114310401
114253243
114159493
114044494
113922217
113819050
113801788
113859113
113903817
113976075
114098363
114249231
114418758
114563200
114619046
114566382
114399223
114186352
113938074
113666771
113374320
113047836
112720852
112370255
111996839
111549546
111003832
110456665
109926485
109444231
109003432
108644624
108360240
108162667
108034767
107970474
107954361
108040767
108229097
108505402
108872859
109339467
109888764
110535233
111252977
112020756
112801487
113604515
114415273
115239385
116076787
116944434
117811232
118608070
119350673
120040552
120672635
121250398
121825017
122411540
123068879
123764447
124492602
125226081
125942264
126623084
127265969
127856456
128422156
128944673
129432214
129880895
130299452
130689765
131059773
131436541
131880911
132409617
133075408
133913866
134770968
135651240
136560750
137485630
138392196
139203955
139934240
140745227
141443309
142031729
142505945
142880522
143225968
143502587
143725353
143899344
144024278
144148903
144301634
144448270
144592112
144698274
144791989
144843863
144872747
144833640
144705197
144527107
144338699
144131114
143908313
143735850
143615968
143577851
143619642
143709202
143826091
143989133
144188421
144436962
144731312
145046452
145329294
145652559
145955505
146203360
146404076
146579644
146750671
146974965
147246018
147583779
147920306
148254705
148564805
148836975
149063860
149227267
149311271
149383797
149503476
149700278
149884705
150031789
150180623
150337611
150455382
150606966
150776930
150899774
150966974
150965478
150923173
150821764
150647177
150435851
150188939
149936076
149665277
149402416
149147175
148896743
148654884
148417893
148183931
147938000
147703843
147471053
147246399
147024953
146812910
146612772
146400886
146221636
146036111
145832833
145629858
145426634
145184657
144875408
144502312
144200414
143786168
143322316
142829008
142331874
141817694
141287949
140750169
140230536
139772128
139351771
138961114
138576186
138217878
137855493
137482346
137057396
136606024
136185106
135865426
135640151
135331097
135154752
135100532
135184983
135388567
135638802
135938976
136281927
136635458
136988366
137254443
137346196
137365146
137282350
137147612
136994671
136839020
136680362
136531051
136390179
136238876
136093654
135989125
135996499
136043297
136084164
136095646
136075917
136075341
136117119
136216445
136435452
136702258
137016237
137416114
137858570
138282359
138746368
139236439
139799319
140425259
