29085096
28918430
28886328
28932695
29038095
29184351
29359915
29562526
29778786
30007195
30238746
30502890
30757346
30947586
31164979
31342877
31526628
31879271
32234916
32658514
33078476
33483757
33874115
34257155
34643428
35049891
35492088
35906986
36354433
36815101
37302576
37773747
38278265
38779117
39262152
39720464
40208140
40659085
41109862
41499471
41926116
42349556
42768620
43114059
43371092
43597297
43863859
44044214
44239543
44447892
44533149
44610938
44677553
44741413
44742597
44745309
44766976
44778423
44809324
44852189
44941202
45050205
45157967
45333105
45501150
45668361
45854289
46057724
46287899
46521814
46739331
46916044
47097865
47259883
47399277
47537950
47615358
47630789
47599683
47558573
47502990
47416727
47308780
47145471
46966501
46784536
46621951
46457575
46333753
46203051
46100603
45998102
45920729
45851470
45773460
45690082
45594736
45507662
45416231
45325292
45248533
45190941
45180224
45237112
45322120
45430742
45528845
45542826
45535025
45487955
45436000
45309177
45197823
45108626
45016445
44921039
44816551
44715042
44596203
44489716
44338736
44215201
44027063
43876409
43725117
43606861
43490246
43318536
43098068
42868812
42652807
42432706
42254386
42059363
41858435
41657538
41505961
41387422
41261296
41171404
41114710
41085381
41096738
41118842
41144060
41158530
41102203
40941769
40744094
40564629
40379185
40158158
39944914
39700717
39461382
39241262
39017522
38822768
38674884
38513779
38424798
38350049
38269624
38224707
38191101
38163148
38187025
38199967
38241034
38304247
38406459
38534688
38677746
38824277
38949486
39088043
39161169
39273568
39328193
39433430
39474404
39582766
39646103
39704110
39737982
39772565
39870387
40030207
40187506
40331286
40490291
40601658
40726611
40839786
40948670
41064530
41162458
41277181
41394156
41518259
41657004
41794931
41957442
42133858
42317648
42444552
42611100
42730619
42804708
42854187
42901568
42915674
42939995
42928134
42909628
42891595
42871264
42813461
42804530
42703832
42644536
42567481
42442524
42325242
42210120
42101914
41976667
41863115
41722948
41613697
41481428
41307654
41169066
40986518
40826804
40688051
40534861
40412240
40236696
40078329
39903423
39705929
39549755
39366454
39208820
39059460
38907779
38770542
38620575
38440412
38374641
38340877
38312217
38406462
38513748
38643771
38774588
38892777
39013911
39116426
39210936
39283098
39349431
39405791
39586401
39785063
40051675
40335955
40624768
40916470
41231466
41473049
41733509
41959003
42206815
42445496
42669854
42824244
42967913
43076938
43217551
43367135
43561052
43758486
43969207
