24614673
23818602
23019730
22217817
21406207
20599144
19799577
18995162
18184717
17378257
16577681
15780948
15011222
14274114
13649809
13034477
13084807
13195190
13295776
13360508
13565872
13709257
13866686
13947917
14025965
14113823
14190784
14274652
14364271
14420887
14595644
14689033
14688084
14727178
14742504
14761472
14787845
14689656
14624462
14584013
14574463
14614778
14667979
14685488
14744954
14823062
14917746
15037200
15158467
15334061
15484675
15633476
15761084
15896027
16041076
16122091
16176847
16259054
16349439
16423810
16530115
16584041
16613233
16629622
16639711
16662668
16713348
16787379
16870758
16993008
17106653
17199337
17256082
17235484
17180763
17008926
16883795
16713578
16463230
16250072
16062641
15846258
15645837
15456631
15358413
15267938
15158071
15069131
14957593
14833441
14747471
14659608
14644813
14632231
14588850
14563036
14559306
14575198
14642014
14703054
14735409
14719838
14642484
14593116
14519886
14462205
14413066
14322849
14194609
14032379
13847749
13655241
13510515
13386380
13263141
13116571
13032925
12974689
12887164
12818141
12745338
12634361
12547360
12494243
12456507
12430382
12434767
12530713
12665266
12889967
13137616
13359331
13734421
14187275
14699588
15191583
15639662
16069869
16509312
17050578
17609518
18143114
18659554
19163039
19695292
20222967
20751370
21247192
21740813
22191383
22579136
23023435
23479522
23878829
24306247
24736462
25112239
25375737
25325357
25227066
25122948
25014034
24951607
24964207
24942965
24934453
25012395
25087028
25240767
25433447
25595736
25779115
26038357
26191114
26346213
26495280
26750953
27062538
27438090
27801020
28143133
28388700
28590834
28812371
28993861
29181797
29378971
29509466
29505196
29526171
29563849
29582623
29627187
29608392
29435038
29187173
28938917
28680255
28360515
28062515
27746998
27398886
27023421
26708597
26322325
25747481
25145674
24522360
23911478
23300616
22738715
22214970
21614397
21002303
20447743
19929919
19452397
19090716
18874160
18954587
19120408
19253937
19414978
19596857
19812649
20022716
20205524
20231629
20246779
20214764
20157345
20127462
20065662
19909647
19874402
19739111
19584183
19365892
19117091
18821631
18560001
18260833
18126759
18054350
17956043
17801616
17693268
17568139
17451749
17348826
17129507
16835811
16563642
16284702
15966615
15701963
15483722
15302400
15144894
15004185
14852678
14667068
14476843
14345060
14150936
14049879
14090681
14130372
14170582
14217526
14243594
14288108
14348062
14413785
14476094
14537375
14576256
14611085
14580485
14479059
14386121
14236211
14104660
13937209
13737827
13498064
13260340
13069240
12966606
12944235
12967948
13005070
13100264
13212212
13321446
13377797
13553191
13742092
13882016
13988417
14063816
14143585
14286866
14342701
14411026
14488818
14659255
14671724
14684175
14705588
14724667
14751888
14726661
14625699
14592621
14550980
14563047
14586877
14622181
14677414
14758464
14851578
14947636
15069514
15252742
15437038
15574530
15720951
15845755
15997898
16105022
16164789
16236144
16334429
16402145
16484481
16571144
16626952
16644084
16653768
16674230
16708131
16770638
16849707
16944799
17055795
17145707
17234757
17263518
17226824
17098969
16933111
16815982
16613579
16372904
16156509
15972086
15762624
15556824
15397315
15277295
15194903
15113218
14995406
14892324
14781051
14706342
14620468
14614471
14588098
14545113
14536961
14552395
14618290
14677045
14718549
14741895
14696884
14645364
14597350
14530632
14476297
14409109
14316753
14176445
13971229
13780018
13609435
13462272
13337276
13218808
13096252
13027071
12950202
12853998
12781965
12694360
12592222
12522029
12488245
12458405
12419784
12511794
12596367
12769495
13004050
13201719
13517090
13919044
14407550
14926123
15391053
15857445
16270715
16762428
17278614
17851348
18347311
18869502
19385307
19932103
20467847
20983896
21501437
21971355
22397108
22809383
23254796
23692201
24112804
24541048
24945367
25281546
25458120
25301357
26037505
26734555
27422534
28180618
28952425
29694547
30470263
31214253
31957505
32730409
33537607
34333388
35134308
35941233
