255832532
255848984
255835792
255827178
255788903
255758256
255752528
255772986
255774904
255773145
255746857
255706680
255702462
255673709
255641495
255626614
255627965
255640832
255694636
255742288
255729907
255688712
255682480
255677614
255694996
255714729
255748838
255771039
255839380
255871043
255923445
256002888
256055303
256093892
256111462
256107180
256112050
256129442
256121392
256090501
256064462
256067913
256048295
256048627
256067598
256089788
256094467
256099102
256121064
256118498
256081494
256069327
256036046
256000928
255994357
256006034
255997111
256023040
256036841
256027054
256019939
256017606
256034297
256053357
256058582
256100249
256075028
256046249
256034145
256026893
256025972
255992320
255985833
255957264
255935231
255911253
255873288
255840083
255822298
255832799
255826804
255801290
255747656
255675942
255631345
255575529
255538534
255474687
255438588
255419352
255422066
255379852
255345658
255324833
255305900
255304027
255338281
255369747
255386224
255380877
255372984
255352185
255356152
255411178
255447213
255497464
255524642
255532547
255513845
255511192
255523856
255472541
255449281
255437693
255422177
255383291
255390425
255404894
255403863
255423228
255412484
255388966
255349299
255343268
255315236
255320233
255325766
255332760
255317369
255328630
255303740
255277013
255234667
255209690
255179618
255167683
255159919
255162876
255151679
255135445
255141611
255105723
255107657
255096185
255079855
255046566
255012364
254980642
254969555
254978093
254987492
254980142
254958129
254921841
254862559
254804788
254765622
254707195
254651881
254569102
254494599
254471241
254426378
254353537
254312250
254275023
254242419
254234925
254265769
254284786
254285965
254303133
254313589
254337776
254356997
254363792
254359855
254347522
254360274
254388624
254348576
254325542
254291579
254253320
254252108
254248363
254234841
254207828
254211604
254210197
254224858
254244712
254253921
254225086
254190286
254210206
254215832
254226169
254237567
254233830
254250176
254273648
254290276
254291581
254248931
254219241
254211229
254234759
254239069
254259716
254298333
254363830
254410316
254440046
254463864
254471629
254509803
254510520
254508607
254477722
254517162
254572438
254590209
254613329
254619424
254592162
254534429
254501800
254496798
254483721
254440984
254403037
254371862
254365513
254331467
254277037
254260847
254260872
254302739
254338605
254398340
254405010
254399515
254413245
254453272
254460802
254460425
254457125
254417117
254406344
254415389
254400587
254349039
254349961
254302092
254253090
254266008
254290339
254282115
254290553
254330472
254381432
254444684
254505403
254517546
254501492
254485249
254486045
254516159
254534090
254558967
254571101
254599442
254614848
254630666
254635921
254599559
254550834
254542029
254571857
254585439
254612318
254631224
254670773
254694435
254711400
254701486
254725137
254755514
254750574
254721517
254727791
254783062
254828631
254860988
254876200
254891744
254891791
254898813
254894183
254896633
254885845
254842687
254801276
254789802
254773231
254753714
254730000
254723681
254775896
254832211
254901292
254930434
254905689
254912429
254893694
254898698
254897229
254894951
254875519
254829406
254788257
254799459
254778144
254772357
254787302
254777701
254761651
254755805
254759791
254731438
254730499
254741339
254800863
254861414
254892127
254875878
254851827
254826671
254800040
254773897
254784365
254784192
254800790
254815116
254829421
254856955
254873424
254900595
254902369
254881287
254884341
254880154
254875428
254868436
254890023
254903271
254912132
254926382
254983590
255012890
254989039
254954673
254934660
254952344
254958661
254977338
254938124
254889594
254881174
254897764
254914847
254916633
254915492
254900828
254886736
254891067
254911710
254933227
254947700
255002169
255059748
255086858
255129730
255173199
255153287
255144347
255141310
255157762
255144570
255135956
255097681
255067034
255066826
255090644
255103930
255114331
255100451
255076354
255087365
255073297
255056428
255057352
255074823
255103770
255171854
255231666
255231933
255192706
255186474
255181608
255198990
255218723
255252832
255275033
255343374
255375037
255427439
255506882
255559297
255597886
255615456
255611174
255616044
255633436
255625386
255594495
255568456
255571907
255552289
255552621
255571592
255593782
255598461
255618969
255650819
255661781
255639750
255627583
255594302
255559184
255568301
255594258
255591263
255623520
255645529
255643222
255646907
255651678
255677937
255709877
255727510
255783625
255769492
255748921
255748185
255752837
255762420
255742088
255746969
255731280
255719135
255702261
255671400
255648699
255641418
255661159
255665668
255663882
255640488
255599339
255585427
255560816
255544450
255505600
255477349
255462793
255466507
255425293
255391099
255370274
255351341
255349972
255384226
255420372
255439753
255435894
255434721
255420250
255428897
255483923
255524638
255578697
255615443
255625316
255606614
255603961
255616625
255565310
255544723
255532880
255519093
255493836
255515335
255537284
255538693
255558058
255547314
255523796
255484129
255478098
255450066
255455063
255460596
255467590
255452199
255463460
255438570
255411843
255373305
255355808
255340344
255344097
255350698
255369384
255374027
255372158
255378577
255358089
255360023
255348551
255332221
255298932
255264730
255233008
255221921
255230459
255239858
255232508
255210495
255174207
255114925
255057154
255017988
254959561
254904247
254821468
254761650
254738037
254708862
254641949
254616787
254579560
254546956
254539462
254570306
254589323
254590502
254607670
254618126
254642313
254661534
254668329
254664392
254652059
254664811
254693161
254653113
254630079
254596116
254557857
254547077
254543332
254529810
254486684
254475115
254458603
254458035
254461904
254457009
254412049
254361129
254365449
254355346
254349878
254345343
254326053
254326631
254334335
254334850
254320315
254261860
254216825
254193708
254201173
254189678
254195220
254209624
254244476
254259704
254258236
254250241
254236201
254245517
254230106
254213025
254166972
254192308
254237696
254244667
254253683
254243845
254200983
254127242
254078653
254058818
254029661
253971636
253917585
253879306
253858509
253810935
253741001
253709082
253693014
253719593
253739339
253783141
253771010
253750866
253754307
253780705
253773870
253766013
253760273
253720265
253709492
253718537
253703735
253652187
253653109
253605240
253556238
253569156
253593487
253585263
253593701
253633620
253680772
253736544
253788983
253785438
253755019
253723047
253708003
253723752
253741430
253750907
253763041
253791382
253806788
253822606
253827861
253791499
253742774
253733969
253763797
253777379
253820098
253855033
253909870
253933532
253950497
253940583
253964234
253994611
253974986
253946184
253936770
253986113
254015557
254047914
254063126
254078670
254078717
254085739
254081109
254083559
254072771
254029613
253988202
253976728
253960157
253940640
253916926
253910607
253962822
254019137
254088218
254117360
254102183
254108923
254090188
254111305
254125181
254138008
254133805
254103677
254076632
254103959
254098764
254108577
254139251
254145455
254145338
254155045
254174799
