143674626
144169371
144667751
145161169
145650362
146130098
146613225
147099007
147612987
148143536
148726815
149378364
150044687
150733880
151458129
152238584
153020340
153764016
154458506
155125742
155751537
156326328
156803562
157067784
157129972
157287298
157463398
157571761
157505972
157382508
157208349
157007951
156783638
156540351
156325653
156151070
155988535
155826593
155689528
155627688
155682408
155814959
156020626
156284148
156591442
156931294
157312860
157777456
158316512
158883786
159392107
159905754
160360233
160745149
161025560
161117672
161107813
161059502
160918770
160602354
160187736
159725037
159258214
158769569
158269472
157734637
157205202
156721408
156292810
155923468
155617043
155364386
155163834
154990259
154809689
154631516
154448236
154284295
154124535
153978036
153830565
153680058
153518803
153350333
153157211
152939925
152682936
152373408
152040425
151686921
151289177
150864266
150367002
149821046
149249419
148682825
148105105
147507868
146896083
146259633
145600882
144905220
144172088
143396722
142633992
141907240
141191456
140504535
139833107
139195231
138598842
138067040
137631954
137250853
136921942
136611312
136362936
136316216
136304532
136313524
136296788
136254864
136198204
136143176
136115156
136093812
136070500
136039252
136014456
136007176
136005944
136008172
136015816
136018444
135991557
135944927
135896582
135875514
135989872
136244860
136373910
136463289
136598529
136892048
137242940
137649496
138090234
138557032
139038756
139495792
139897344
140308158
140751532
141196749
141635380
142061084
142457286
142785072
143027399
143247614
143489145
143733287
143955059
144189631
144414065
144607845
144725194
144804735
144872703
144961182
145091898
145223230
145271319
145437548
145652168
145914517
146174368
146406179
146668006
146953902
147242593
147511512
147725454
147824888
147821431
147764626
147679279
147581760
147508921
147448566
147403563
147333577
147210858
147056088
146856744
146628549
146387420
146132731
145837603
145612303
145457977
145411048
145499500
145705434
145984249
146362199
146789680
147310234
147896127
148511399
149117113
149721305
150313242
150887870
151476655
152083808
152717495
153371926
154040677
154642357
155155164
155481911
155756717
156104043
156483718
156781027
156862408
156741339
156487985
156137838
155754115
155282414
154583539
153815255
152981444
152124814
151213875
150264430
149248279
148186293
147100412
146010470
144928504
143862547
142818664
141795287
140801717
139843464
138937195
138088396
137288344
136524735
135787977
135075761
134373260
133649965
132903385
132109325
131295084
130508333
129733688
128977658
128234904
127504265
126803677
126180391
125567343
124949001
124347993
123758913
123170337
122582783
121997522
121479408
120986190
120498357
120049837
119632151
119255239
118886188
118567457
118305452
118116055
117982118
117851562
117764397
117704752
117775438
117809159
117859871
117956995
118097319
118253627
118369540
118430439
118435613
118425704
118413199
118435949
118499833
118550388
118575640
118539035
118436520
118306403
118139533
117981160
117825832
117675393
117537468
117381316
117194892
116993881
116843666
116675258
116485965
116254342
115972338
115597665
115176130
114716795
114290737
113951526
113647357
113383185
113130648
112906853
112837357
112968178
113176387
113418929
113669739
113926687
114215113
114557334
114949478
115472246
116007340
116454593
116849706
117281006
117857636
118511048
119150409
119717817
120077728
120640807
121254983
121915327
122517695
122936927
123321256
123652846
123960018
124226090
124480972
124699917
124898289
125048221
125154614
125207710
125178008
125075910
124920047
124726895
124493843
124222509
123954591
123730800
123594589
123534293
123544267
123656448
123816254
123995318
124184147
124389834
124591631
124795396
125001505
125220958
125472271
125744527
125998028
126217714
126395518
126480812
126510297
126513307
126480550
126389864
126222526
126001193
125689874
125335195
124956997
124571125
124173752
123788657
123457146
123153223
122889506
122633177
122392287
122179352
121954099
121763310
121615125
121532470
121531881
121579205
121642945
121725114
121841784
121974428
122109453
122236188
122384728
122553317
122739056
122940000
123156313
123383856
123633624
123880319
124155012
124444736
124751012
125012011
125195995
125267504
125305121
125285044
125237785
125150211
125007004
124751417
124320694
123801431
123223985
122618753
121980163
121185919
120198625
119125667
118011292
116884736
115736773
114547187
113324336
112064110
110803787
109553855
108350962
107193929
106070003
104964104
103895017
102920481
102092497
101534160
100845594
100228323
99694614
99392014
99367509
99507673
99757219
100084555
100688781
101420052
102253877
103103927
103999256
104917810
105877227
106873507
107919402
109017206
110128044
111251546
112382722
113490094
114541515
115494312
116400715
117267721
118103982
118927183
119724023
120502951
121264806
122018562
122757686
123461427
124139153
124719983
125154646
125652774
126215123
126677591
127124337
127571840
127975951
128348636
128717460
129076348
129431984
129800925
130179762
130572452
