45471322
44828770
44172714
43512218
42856874
42204058
41550170
40915434
40347202
39868106
39441986
39076218
38781250
38527866
38307778
38092666
38457459
38751058
39001869
39200516
39342095
39452354
39579037
39663283
39704209
39704680
39718019
39763482
39773353
39724691
39690301
39718934
39776285
39853624
39929199
39944075
39909713
39862412
39860927
39832745
39792630
39763102
39761293
39750077
39787472
39836044
39859214
39843462
39822350
39812758
39808182
39809022
39804414
39820574
39881734
39936574
40000702
40091950
40259110
40556142
40852678
41116662
41344582
41543542
41702462
41792366
41726142
41545182
41480326
41369910
41187126
40950470
40663966
40310582
39908230
39474630
39035502
38563950
38092894
37623206
37165806
36713614
36254910
35807158
35380638
34962990
34537078
34161694
33976438
33896366
33871760
33849210
33836168
33783560
33678296
33543840
33386032
33256253
33168814
33093487
33027648
32979182
32918233
32824838
32763993
32704977
32628006
32517948
32390357
32273149
32169461
32121110
32125676
32124303
32088709
31947801
31814622
31692153
31632536
31630206
31661076
31730106
31841239
31923744
32042891
32190091
32422299
32823123
33354235
33741435
34086459
34390499
34653827
34876299
35050243
35192227
35272267
35286851
35197131
35021667
34862203
34704995
34534939
34381131
34186043
33975306
33756979
33579245
33361238
32976206
32533334
32193150
31961294
31783046
31659182
31621862
31660510
31768334
31891334
31996606
32090470
32179894
32276158
32378390
32506582
32599925
32668927
32711671
32778499
32845574
32872260
32892377
32898490
32900826
32946705
32968769
33073402
33221338
33415305
33571695
33679426
33764677
33853597
33946755
34116498
34268241
34413537
34530736
34639225
34719231
34801228
34910197
35055601
35244204
35457298
35720154
36027274
36403544
36834333
37376647
38012157
38635452
39212074
39755084
40271658
40839698
41472683
42106970
42728520
43332655
43911687
44454407
44812399
45008375
45111823
45181319
45299415
45327551
45263039
45082591
44756775
44402615
44047751
43711343
43392967
43057871
42736710
42441315
42146823
41866888
41597127
41353786
41154430
40953569
40789613
40653176
40573155
40482162
40384170
40282057
40206101
40110833
40002445
39918016
39871602
39795023
39694913
39648341
39611398
39575848
39629891
39700475
39749170
39787915
39821281
39857660
39866089
39837014
39784749
39695796
39656378
39635900
39692973
39778335
39880853
39974551
40040511
40041615
40033295
39992255
39942463
39867055
39745439
39453199
39148471
38847439
38517375
38067639
37654607
37295255
37029215
36893071
36768559
36663263
36639551
36675655
36806607
37016073
37280555
37588486
37905937
38230222
38559453
38831108
39073567
39244037
39370456
39478135
39580019
39648350
39681077
39679892
39709999
39734818
39726129
39666350
39657823
39715246
39789002
39867618
39931919
39914702
39867665
39823259
39790693
39771124
39741040
39740183
39738800
39714164
39769723
39802327
39820710
39783870
39754086
39738150
39735158
39724878
39735566
39779278
39827470
39883806
39955774
40079846
40363454
40656622
40928358
41176038
41396350
41573494
41689654
41704182
41554742
41465174
41406790
41261278
41050342
40780542
40464614
40091110
39682158
39245366
38784774
38311670
37845886
37380326
36931494
36469102
36008918
35568158
35140310
34713846
34311390
33999662
33873918
33815974
33797972
33775862
33743763
33664019
33549443
33420387
33264947
33151155
33083625
33015618
32946850
32889749
32797553
32713683
32679034
32608447
32530301
32396154
32276706
32178966
32101211
32076468
32076954
32056804
31959602
31825145
31691887
31593274
31545961
31561864
31604676
31701071
31765182
31877626
32012484
32208180
32516812
33030428
33478188
33849156
34185724
34473524
34721180
34921060
35079628
35195820
35255156
35247564
35083916
34897324
34744212
34579292
34429484
34280732
34074271
33860524
33661339
33469921
33194553
32781497
32325529
32037905
31835217
31690321
31597953
31583425
31639729
31747233
31851193
32139089
32413353
32679169
32946681
33242857
33563817
33872745
34185593
34488263
34829835
35140595
35437783
35718826
35963049
