49148028
49063932
49083115
48840522
48766509
48662501
48351610
48216183
48240196
48000344
47968632
47987804
47785416
47713977
47602600
47294046
47183625
47152656
46916269
46868593
46891775
46657453
46597125
46512266
46248284
46127974
46079456
45843064
45722781
45671964
45503659
45376865
45339804
45237332
45145962
45186514
45050128
44967342
44948641
44732651
44522363
44524187
44436166
44287947
44303836
44327827
44194060
44144781
44002072
43835258
43915231
43828182
43692892
43773961
43634291
43468010
43643424
43479422
43314148
43491412
43344995
43202091
43405105
43272893
43229828
43436604
43288713
43332061
43682298
43602822
43533686
43776305
43616679
43501882
43711935
43533328
43515279
43745370
43601282
43463105
43654553
43422283
43299263
43526641
43403471
43395324
43707564
43658153
43530069
43766248
43623185
43451533
43704807
43556674
43455985
43731806
43694448
43614904
43914243
43915978
43890911
44156630
44128861
44000601
44194541
44147111
44022218
44208883
44171040
44146454
44412738
44495583
44488844
44666015
44650480
44649454
44847158
44861631
44914039
45148043
45208463
45123465
45275820
45407819
45467229
45679549
45813999
45828117
46056907
46223317
46264596
46447778
46609254
46605354
46780352
46806453
46820078
47015355
47067767
47064872
47301504
47381238
47403680
47631273
47719974
47745989
47987241
48102970
48173117
48443899
48541934
48574209
48822062
48909785
48868666
49047146
49150541
49130730
49274433
49417357
49401436
49576050
49708391
49673310
49865642
50035065
50021377
50162916
50274849
50211806
50314225
50373980
50273202
50411640
50560832
50458960
50581631
50656175
50589512
50694012
50730074
50663400
50774714
50774588
50671514
50819143
50801879
50566260
50669425
50660059
50561368
50651633
50652169
50575631
50562793
50417553
50332359
50348065
50153492
50075248
50057983
49834115
49783426
49748725
49543986
49486804
49487639
49261613
49198851
49086966
48733695
48560663
48533936
48262950
48179107
48189074
47946445
47868428
47754619
47448452
47306382
47330399
47101347
47070880
47090048
46898752
46828558
46717181
46419991
46312247
46281278
46056531
46011984
46035170
45812216
45756353
45671490
45404320
45288039
45239521
44997296
44879222
44828405
44656239
44530686
44493629
44387400
44304059
44338279
44202152
44134919
44120634
43904895
43709059
43715563
43625337
43477114
43495327
43517113
43383346
43340204
43188766
43021952
43104893
43012947
42877661
42962122
42818867
42657262
42821592
42654917
42505723
42672183
42523565
42396690
42589200
42455255
42421267
42617539
42475615
42519712
42859753
42789912
42720521
42952936
42801965
42686913
42887398
42717922
42700630
42920521
42786184
42650208
42830860
42608713
42490158
42706444
42592833
42588271
42889143
42845615
42717280
42941819
42804183
42632272
42874182
42731784
42633768
42898497
42867314
42790903
43080042
43088128
43065270
43322085
43303575
43175056
43367032
43322941
43198301
43384962
43342074
43306841
43573125
43652318
43632020
43809191
43803856
43789451
43987159
44009112
44050804
44284804
44352708
44264607
44416962
44548957
44593611
44805931
44935701
44949815
45178609
45328939
45370218
45553396
45698847
45694947
45869945
45886969
45900598
46089155
46140814
46137915
46364663
46444652
46467094
46685779
46774739
46800754
47032118
47147090
47217241
47477519
47573349
47605620
47842109
47925367
47884248
48051924
48151738
48131927
48267070
48410245
48394328
48560382
48692978
48657893
48840029
49006779
49002979
49134314
49243118
49194908
49288767
49346313
49260644
49388578
49538025
49437878
49549185
49629804
49562886
49656878
49696599
49632598
49733112
49742937
49639612
49777041
49767608
49538114
49633803
49631028
