21932976
21060228
20188956
19310852
18430565
17553713
16674793
15796506
14921302
14071632
13232848
12376970
11576283
10841231
10229465
9669790
9869691
10178344
10526549
10740476
10987420
11151234
11311021
11408278
11494332
11578860
11698941
11791281
11924655
12033483
12272188
12437883
12479758
12590547
12700439
12847399
12980051
12933984
12897786
12897613
12961018
13112230
13259276
13329803
13393883
13451222
13531388
13684515
13871749
14100650
14372351
14602205
14810689
15052637
15302479
15518263
15687347
15854733
16053324
16195618
16456298
16672526
16876716
17058398
17222978
17309500
17354818
17445070
17536073
17656402
17745517
17811097
17857799
17801982
17677249
17429093
17184901
16908850
16542536
16178144
15896829
15609555
15331292
15081345
14896393
14722832
14486584
14215167
13976240
13739372
13525542
13286056
13115379
13023619
12879213
12739625
12625637
12491757
12486587
12503262
12514986
12471418
12300364
12121655
11991092
11947305
11893353
11803037
11662221
11505612
11322414
11100270
10918686
10774623
10628349
10428647
10254626
10113669
9963100
9816046
9730144
9600255
9402482
9245371
9087603
8937959
8865809
8871505
8859379
8926617
9052614
9235221
9430633
9676020
9993482
10331918
10626214
10890358
11144385
11465531
11799388
12145263
12517043
12853851
13198297
13557518
13919897
14270772
14617098
14955123
15193747
15468860
15877579
16305696
16738305
17231772
17661433
18023150
18260464
18392486
18527264
18653755
18824029
19094642
19346260
19578478
19761005
19978959
20266912
20597600
20944974
21320346
21716845
22055207
22336441
22553900
22829441
23176546
23595325
24065409
24536967
24924448
25204572
25606936
25954492
26300979
26650899
26991076
27267698
27571621
27867066
28113123
28316831
28543200
28648740
28692144
28711194
28766860
28792095
28846218
28925041
28962893
28916767
28827613
28715536
28574277
28400153
28240813
28079627
27912892
27778832
27674311
27494770
27164782
26788052
26388402
25940626
25498740
25056572
24766800
24520771
24247291
23959970
23669479
23420470
23202397
23061456
22906876
22726958
22495185
22216944
21917199
21528713
21129670
20840791
20593361
20352950
20121863
19836157
19499154
19174661
18787147
18494100
18216972
17909849
17547987
17267458
16983869
16707955
16462927
16127134
15797023
15467231
15124170
14779174
14468732
14182008
13920407
13609043
13303895
12997856
12632761
12252831
11949939
11665500
11406018
11175681
10973377
10753150
10556326
10349937
10154544
9992463
9868563
9760712
9669515
9593231
9529273
9499874
9491318
9474472
9455491
9441065
9423511
9378098
9322436
9273664
9150641
9149905
9251911
9453153
9679767
9938129
10285953
10594046
10770889
10973674
11180488
11327983
11447270
11524822
11616107
11777109
11846536
11971103
12109166
12351205
12416281
12481762
12573050
12686581
12841512
12903544
12852631
12839331
12845606
12944812
13083407
13181248
13275852
13345739
13421709
13515136
13685444
13903981
14156824
14421897
14654947
14853098
15097384
15330862
15536150
15706294
15903561
16077492
16239803
16489337
16694238
16884243
17054588
17206900
17263833
17342740
17439217
17541409
17669529
17737596
17797873
17826781
17733594
17543992
17277594
17052415
16736058
16355529
16010321
15752457
15461575
15187896
14957653
14752423
14575934
14321909
14053780
13847702
13621897
13407849
13165391
13049676
12941862
12798297
12686587
12570592
12505371
12504245
12507308
12496417
12412690
12250664
12087725
11981089
11947690
11847392
11754340
11622191
11448565
11246590
11032175
10852981
10725459
10579014
10374448
10203790
10058785
9897754
9762358
9696674
9568376
9397465
9235506
9079598
8936055
8929528
8885421
8912358
8998498
9144720
9345952
9549583
9829930
10162620
10487190
10795696
11031336
11323665
11615819
11958274
12316157
12675949
13021950
13390736
13755996
14114594
14492908
14822677
15125388
15378457
15710367
16136668
16570422
17019126
17501657
17893053
18233467
18386141
19150793
19878331
20579366
21332578
22138371
22967369
23800725
24583873
25427484
26269176
27110814
27940738
28760399
29603036
