56961492
56775093
56592299
56435178
56255031
55975697
55573394
55094443
54475917
53944674
53625093
53463632
53499332
53604785
53711249
53913915
54215377
54647814
55186574
55740375
56133978
56378396
56465752
56459175
56469380
56502877
56568251
56669059
56785306
56940395
57120199
57315669
57513633
57730036
57933850
58105818
58258125
58395944
58513893
58616511
58708161
58767103
58804100
58805324
58762882
58705896
58622563
58525138
58413370
58277258
58125716
57957745
57768313
57586904
57384572
57173748
56978963
56793474
56613391
56421877
56259356
56056305
55713095
55285201
54753438
54133164
53674691
53396938
53323943
53396889
53489617
53622335
53854516
54215279
54663745
55249601
55763479
56068565
56269683
56310302
56310368
56325802
56360214
56444880
56543339
56677082
56852457
57047363
57256121
57464675
57674762
57859815
58038722
58188816
58317209
58437036
58528970
58610413
58669250
58696618
58677482
58634256
58570403
58480803
58367347
58255405
58116171
57959565
57802749
57620372
57421414
57230590
57044664
56861337
56674191
56481631
56332378
56179610
55912262
55559814
55088791
54514046
53958514
53562528
53374031
53347762
53461283
53567524
53735417
54025628
54411729
54926625
55519829
55958319
56258790
56372706
56380659
56383844
56402433
56461518
56563020
56677856
56833189
57021128
57233683
57435431
57643221
57843619
58029511
58198808
58338902
58468257
58572067
58654367
58722415
58764607
58779583
58747198
58692504
58618455
58524352
58417904
58286583
58139557
57986503
57804451
57611451
57426942
57238768
