736080490
736121503
736150843
736213954
736284049
736352068
736412026
736471186
736524427
736564864
736604941
736625923
736657864
736716709
736772248
736825006
736871167
736890523
736924861
736934182
736941250
736926886
736903711
736889713
736889407
736915699
736941160
736985094
737035545
737064876
737067990
737023680
736947540
736892490
736859154
736852100
736866986
736879808
736897337
736916198
736943426
736972025
736990030
737027190
737089836
737157333
737209278
737236632
737239572
737219253
737230362
737279823
737333997
737402118
737473692
737543133
737604168
737608293
737598456
737624034
737650656
737658765
737674416
737684514
737716557
737729766
737736894
737776860
737835198
737869620
737884026
737896455
737919915
737919537
737939919
737934693
737921199
737916054
737916486
737911023
737927949
737948484
737955348
737954019
737951553
737960211
737952036
737933652
737904138
737872017
737846754
737834118
737820081
737838798
737882583
737936277
737989314
738047049
738116469
738128733
738128874
738127797
738116766
738095166
738097527
738137712
738189798
738267102
738351135
738438513
738510261
738586461
738675528
738817158
738941097
739071378
739175868
739254027
739321287
739365630
739443931
739529767
739612837
739691392
739758961
739847200
739952929
740058028
740166784
740270161
740373718
740476597
740587099
740705332
740821465
740954266
741103315
741229081
741370723
741506221
741638377
741767365
741896122
742021090
742139911
742266967
742377670
742509583
742661881
742819105
742971241
743138137
743305081
743470169
743651741
743830361
744011591
744167165
744339599
744514775
744706124
744841460
744959699
745102949
745252100
745419044
745574027
745747016
745908887
746049383
746175857
746318972
746447687
746576612
746700800
746851436
747010118
747139058
747255839
747403637
747533477
747663665
747783845
747892643
747991349
748093169
748187300
748285907
748368302
748458179
748540121
748633106
748722563
748861622
748962647
749046383
749112974
749171063
749245859
749355053
749477762
749537162
749613125
749706974
749828726
749962094
750077687
750188837
750298676
750384161
750456875
750526304
750607944
750696912
750797163
750858486
750937971
750955146
750948681
750938781
750931965
750933393
750949542
750961935
750956148
750953130
750947184
750940215
750941238
750944712
750962973
750940833
750917007
750851268
750783564
750654462
750403817
749944178
749761951
749717744
749683651
749646719
749634285
749587647
749577283
749500681
749484760
749499595
749507058
749604374
749683651
749689288
749688511
749681700
749616439
749534970
749488874
749480513
749496413
749572049
749642401
749693345
749783921
749928135
750039819
750133279
750212536
750324141
750449425
750612356
750777326
750916532
751063007
751212525
751329735
751457634
751596011
751755911
751946426
752124376
752275294
752391603
752510369
752602264
752707518
752826774
752957282
753110940
753282303
753412209
753522642
753630697
753739257
753835399
753900486
753946706
754013255
754072475
754133300
754204451
754294891
754394453
754503617
754623746
754743717
754886182
755020624
755159926
755300308
755442596
755582424
755727339
755873215
755999461
756111629
756247523
756396752
756559222
756724025
756867288
756996346
757117463
757230402
757342680
757463540
757564703
757675647
757776591
757862394
757982261
758108199
758233031
758344763
758465303
758571303
758668292
758756475
758826337
758880149
758948334
759017243
759080304
759142796
759205004
759259423
759303900
759351240
759430760
759532339
759638479
759732882
759813068
759877576
759931573
759987869
760057448
760125370
760186588
760245270
760294799
760341115
760373115
760390283
760402964
760434118
760463547
760484178
760490721
760479122
760470087
760462170
760455871
760464990
760489123
760517666
760546863
760585540
760590415
760586772
760579983
760565042
760549507
760538737
760517142
760498783
760488220
760457677
760427271
760392985
760362806
760327396
760281768
760240243
760165330
760081254
759961471
759859149
759724556
759599651
759457820
759334584
759186695
759043017
758882244
758729714
758592006
758460341
758340788
758220826
758064382
757910067
757755489
757636022
757498750
757353924
757184758
757001174
756814779
756641929
756476164
756315765
756107994
755896169
755671000
755442013
755187698
754949107
754721776
754464466
754196701
753916770
753643767
753383223
753071259
752775515
752488449
752252182
751977638
751763038
751563591
751367744
751134972
750800123
750430906
750101620
749788421
749377842
749040050
748737073
748420053
748192392
747880641
747599715
747346134
747098538
746877855
746666862
746390958
746111703
745824210
745553553
745341927
745141062
744953565
744769470
744624048
744605125
744769279
744650669
744395104
744137609
743940667
743731677
743533248
743286902
743110292
742854539
742581908
742302069
741972154
741684863
741484415
741287855
741104469
740983037
740872779
740732791
740538095
740308724
