179235535
178180897
177141952
176131290
175094120
174067555
173065605
172150141
171238669
170387821
169547760
168735108
167851830
166918188
166019658
165103981
164176600
163311470
162552422
161896384
161193587
160363975
159582210
158891548
158253891
157658972
157101571
156508038
155861456
155178000
154377284
153567602
152644967
151708109
150716111
149781174
148905526
148021683
147151747
146307333
145460936
144630518
143852325
143107862
142418292
141775043
141218208
140725205
140262576
139821784
139416140
139035435
138643673
138256904
137881732
137517546
137165065
136836682
136534525
136250778
135968378
135710771
135462868
135200098
134892892
134553319
134218559
133846874
133445827
133063826
132707364
132401738
132198280
132122707
132126497
132235535
132364290
132465690
132575894
132747608
133005614
133296115
133588348
133808659
133980180
134194404
134401710
134601268
134892418
135203582
135503649
135724990
135945080
136122982
136298306
136460369
136541887
136614350
136699943
136793278
136972320
137177566
137345256
137570134
137873520
138296033
138842128
139402500
139940798
140448106
140935840
141395957
141826201
142215740
142663600
143098995
143566338
144065266
144562905
145017960
145393964
145676117
145908996
146118328
146275858
146464355
146693417
146929697
147197563
147514204
147902316
148291241
148655055
149056717
149436197
149792670
150083191
150367893
150601191
150834872
151047775
151363620
151740080
152090959
152503165
152945333
153348139
153681156
153947298
154290748
154782148
155288774
155731467
156143586
156581889
157124802
157718335
158364917
159048373
159865985
160787419
161924595
163111517
164402674
165692369
166978497
168293030
169689043
171082469
172483622
173908906
175346433
176790795
178237277
179680952
181107172
182516526
183925043
185342584
186767109
188201110
189652405
191119289
192600439
194096260
195596160
197100954
198598154
200094715
201585649
203067083
204560721
206064939
207581001
209097764
210607607
212135532
213671254
215189178
216681970
218126047
219465530
220677457
221817283
222844178
223841220
224784465
225718605
226583330
227380030
228119321
228821451
229540539
230239658
230866086
231466019
232029036
232546395
233043648
233531129
234044545
234571680
235104385
235670020
236253935
236847269
237458829
238062790
238660179
239263387
239879367
240510295
241130548
241746038
242349856
242922138
243494017
244055577
244617580
245182443
245759499
246369134
247022516
247688905
248364039
249046954
249700385
250367226
251030903
251716333
252422744
253122352
253825749
254535630
255241671
255930340
256613312
257286406
257959964
258626490
259276510
259923358
260558866
261205951
261851428
262476371
263103141
263720691
264327071
264926820
265494253
266051435
266599086
267102557
267587770
268050094
268476125
268866021
269225368
269563580
269838719
270086688
270312226
270468842
270483330
270483330
270483330
270483330
270483330
270483330
270483330
270483330
270483330
270483330
270483330
270483330
270483330
270483330
270483330
270483330
270483330
270483330
270483330
270483330
270483330
270483330
270483330
270483330
270483330
270483330
270483330
270483330
270483330
270483330
270483330
270483330
270483330
270483330
270483330
270483330
270483330
270483330
270483330
270483330
270483330
270483330
270483330
270483330
270483330
270483330
270483330
270483330
270483330
270483330
270483330
270483330
270483330
270483330
270483330
270483330
270483330
270482330
270480362
270480362
270480362
270480362
270479858
270479858
270479858
270479858
270477386
270476386
270471058
270471058
270449322
270443218
270440778
270434402
270396562
270381994
270372386
270364538
270355906
270291362
270186306
270053194
269912554
269715146
269473946
269286484
269014269
268761593
268480909
268173716
267827755
267370530
266872646
266339648
265746853
265022035
264216394
263297099
262338641
261409671
260416209
259416884
258433419
257457929
256487733
255545398
254602270
253644698
252670785
251715106
250766747
249830323
248915919
248007469
247089095
246176665
245302037
244452990
243594563
242767432
241945697
241226993
240542478
239892580
239256603
238571156
237853976
237106905
236339600
235541171
234702083
233848580
232971525
231947694
230818269
229618252
228354501
227050406
225571949
223886438
222180576
220399836
218563225
216635893
214766468
212955618
211100518
209334423
207593212
205913411
204149043
202246090
200356330
198465880
196538970
194627357
192781178
191001618
189310355
187643003
185976565
184281261
182639075
181034835
179374674
177667747
175942143
174326346
172624340
170870648
169055370
167231861
165505031
163770371
161920006
160077504
158272749
156471512
154666288
152848637
150993571
149088191
147275276
145523438
143865013
142295999
140730884
139096582
137479293
135899512
134406941
132787364
130985581
129103590
127191334
125361018
123611178
121956398
120387120
118913763
117531571
116120860
114702876
113307788
111868976
110338061
108704503
107056969
105397221
103737919
102043025
100387984
98762877
97205497
95543430
93938931
92398990
90880175
89301907
87697280
86224792
84813996
83525353
82207904
81006655
79905133
78902711
77947876
76975940
76073231
75171541
74239458
73292462
72356967
71392056
70436541
69496584
68563759
67586084
66565637
65503228
64432856
63379677
62335801
61274015
60176417
59062191
57962411
56821221
55662874
54402123
53116545
51802726
50462891
49166232
47893924
46648158
45421529
44226097
43069020
41926082
40795320
39825777
38974615
38187426
37451811
36864922
36533395
36467141
36375566
36337130
36387283
36536305
36646597
36746831
37168675
37592203
38066396
38519773
39227427
40211030
41307733
42415785
43702300
45091549
46460039
47825000
49144092
50454471
51749501
53127944
54450018
55726329
57043224
58484268
59923782
61251390
62631107
64063550
65576115
67175267
68697872
70245154
71928770
73646331
75343813
77055217
78769377
80518339
82325525
84202425
86001260
87748850
89407275
90972481
92538596
94174866
95792155
97371936
98864507
100484588
102286371
104168362
106080618
107913406
109664246
111324354
112893632
114388725
115777021
117190172
118614532
120047460
121500840
123041363
124682769
126338935
128063227
129827585
131655591
133451272
135273787
137072367
138921896
140798610
142591227
144390726
146276187
148226775
150156488
152065168
153886809
155797053
157723120
159630283
161552000
163465293
165366199
167262370
169163385
171078933
173001419
174907110
176814356
178712999
180610528
182517266
184450620
186419426
188418259
190403035
192364664
194326914
196301130
198273356
200236629
202194836
204163157
206143239
208122694
210092787
212056504
214032316
216014422
218003910
219996747
221990681
223984542
225980707
227977148
229984965
231978339
233958926
235946132
237945498
239836482
241646466
243398231
245195668
247014844
248801302
250579612
252338745
254049361
255482617
256825184
258092202
259318626
260375340
261294690
262087747
262870145
263510540
264032904
264510593
264925192
265297363
265654336
266025744
266342605
266662717
266990646
267333912
267599795
267885885
268174074
268496363
268817612
269120325
269344682
269548907
269736285
269903034
