64168208
64234753
64270078
64308249
64345928
64390585
64421182
64448947
64468128
64490909
64519470
64551042
64566537
64578260
64576414
64571423
64552219
64513975
64474857
64440344
64395490
64364540
64306758
64237275
64155539
64071454
64003320
63911711
63837720
63766447
63645791
63526061
63411128
63331473
63219724
62966773
62875682
62898959
62921175
62926635
62934614
62966366
62988993
62998352
63071366
63283849
63414719
63494770
63550876
63599296
63677716
63756386
63867796
64026076
64181025
64266080
64311620
64366030
64404633
64431130
64464730
64489482
64512029
64528216
64536883
64537440
64529577
64509237
64487825
64470292
64454819
64437626
64410572
64394761
64352786
64297607
64252210
64223909
64143523
64090720
64027204
63963728
63865151
63760458
63699851
63657097
63584173
63469189
63341452
63247550
63157675
62966203
62846688
62821216
62821544
62828166
62857491
62933464
62971977
62980988
62926464
63010481
63276795
63389605
63432297
63486406
63565301
63622532
63726424
63848398
64015285
64135034
64239780
64321179
64371186
64422419
64468030
64498877
64530955
64563688
64592997
64602790
64621659
64654088
64681540
64709839
64701750
64682541
64664037
64631422
64595587
64568866
64546857
64511660
64480662
64416140
64350965
64265042
64200081
64128080
64058107
63981440
63906491
63780860
63618527
63534621
63427866
63224026
62934220
62856508
62899017
62887166
62881912
62888673
62948550
62969965
62926451
62949905
63130648
63265372
63313685
63372868
63433612
63509060
63580442
63678882
63800742
63969195
64064122
