808708060
808708060
808708060
808708060
808708060
808708060
808708060
808708060
808708060
808708060
808708060
808708060
808708060
808708060
808708060
808708060
808708060
808708060
808708060
808708060
808708060
808708060
808708060
808708060
808708060
808708060
808708060
808708060
808708060
808708060
808708060
808708060
808708060
808708060
808708060
808708060
808708060
808708060
808708060
808708060
808708060
808708060
808708060
808708060
808708060
808708060
808708060
808708060
808708060
808708060
808708060
808708060
808708060
808708060
808708060
808708060
808708060
808708060
808708060
808708060
808708060
808708060
808708060
808708060
808708060
808708060
808708060
808708060
808708060
808708060
808708060
808708060
808708060
808708060
808708060
808708060
808708060
808708060
808708060
808708060
808708060
808708060
808708060
808708060
808708060
808708060
808708060
808708060
808708060
808708060
808708060
808708060
808708060
808708060
808708060
808708060
808708060
808708060
808708060
808708060
808708060
808708060
808708060
808708060
808708060
808708060
808708060
808708060
808708060
808708060
808708060
808708060
808708060
808708060
808708060
808708060
808708060
808708060
808708060
808708060
808708060
808708060
808708060
808708060
808708060
808708060
808708060
808708060
808708060
808708060
808708060
808708060
808708060
808708060
808708060
808708060
808708060
808708060
808708060
808708060
808708060
808708060
808708060
808708060
808708060
808708060
808708060
808708060
808708060
808708060
808708060
808708060
808708060
808708060
808708060
808708060
808708060
808708060
808708060
808708060
808708060
808708060
808708060
808708060
808708060
808708060
808708060
808708060
808708060
808708060
808708060
808708060
808708060
808708060
808708060
808708060
808708060
808708060
808708060
808708060
808708060
808708060
808708060
808708060
808708060
808708060
808708060
808708060
808708060
808708060
808708060
808708060
808708060
808708060
808708060
808708060
808708060
808708060
808708060
808708060
808708060
808708060
808708060
808708060
808708060
808708060
808708060
808708060
808708060
808708060
808708060
808708060
808708060
808708060
808708060
808708060
808708060
808708060
808708060
808708060
808708060
808708060
808708060
808708060
808708060
808708060
808708060
808708060
808708060
808708060
808708060
808708060
808708060
808708060
808708060
808708060
808708060
808708060
808708060
808708060
808708060
808708060
808708060
808708060
808708060
808708060
808708060
808708060
808708060
808708060
808708060
808708060
808708060
808708060
808708060
808708060
808708060
808708060
808708060
808708060
808708060
808708060
808708060
808708060
808708060
808708060
808708060
808708060
808708060
808708060
808708060
808708060
808708060
808708060
808708060
808708060
808708060
808708060
808708060
808708060
808708060
808708060
808708060
808708060
808708060
808708060
808708060
808708060
808708060
808708060
808708060
808708060
808708060
808708060
808708060
808708060
808708060
808708060
808708060
808708060
808708060
808708060
808708060
808708060
808708060
808708060
808708060
808708060
808708060
808708060
808708060
808704610
808694545
808687450
808686205
808686205
808686205
808686205
808686205
808686205
808686205
808684000
808681795
808678345
808670380
808664530
808652227
808642324
808626058
808611730
808596247
808572196
808540717
808509664
808473961
808437760
808394638
808351156
808304020
808250521
808192570
808138327
808077538
808016443
807947308
807873247
807799633
807733938
807671471
807605426
807538971
807477761
807416408
807361499
807303392
807238793
807172949
807113543
807053411
806994509
806934989
806876234
806819540
806758829
806695958
806630752
806561650
806492857
806427046
806369155
806317108
806270734
806221870
806174560
806123236
806070682
806013352
805952296
805890973
805845868
805803889
805758658
805696252
805627603
805550008
805472424
805396886
805313442
805238909
805169783
805100318
805032590
804967397
804900707
804832064
804765047
804691958
804611639
804532688
804442893
804347476
804247374
804149703
804055689
803973858
803896347
803821434
803745795
803674638
803604276
803531709
803416549
803302552
803193343
803092198
802979596
802864996
802737322
802612070
802445147
802309440
802192647
802062505
801899708
801714189
801525056
801349214
801164459
800974090
800788252
800587194
800390255
800172761
799961027
799743887
799555654
799386292
799303255
799272466
799272466
799272466
799272466
799272466
799272466
799272466
799272466
799272466
799272466
799272466
799272466
799272466
799272466
799272466
799272466
799272466
799272466
799272466
799272466
799272466
799272466
799272466
799272466
799272466
799272466
799272466
799272466
799272466
799272466
799272466
799272466
799272466
799272466
799272466
799272466
799272466
799272466
799272466
799272466
799272466
799272466
799272466
799272466
799272466
799272466
799272466
799272466
799272466
799272466
799272466
