22439334
21603454
20777089
19946180
19108280
18296781
17481668
16650347
15797204
14949138
14104287
13269178
12421374
11610977
10933313
10256026
10327866
10403726
10472065
10576315
10762053
10973696
11164365
11287179
11416231
11581099
11722634
11782228
11828000
11865663
11945236
11967396
11929937
11894022
11957687
12070191
12189580
12285464
12424868
12600629
12795940
12923435
13047022
13257312
13481676
13725076
13936447
14096483
14216080
14434655
14583004
14776509
14993416
15221604
15448623
15631247
15858884
16122221
16388256
16621216
16864944
17054497
17159972
17139113
17132279
17131755
17129819
17163130
17210984
17317405
17424901
17520351
17569498
17577104
17543442
17375135
17255123
17131562
16948466
16782120
16584277
16387738
16201610
16040247
15945395
15856621
15779246
15750082
15750728
15723446
15723730
15735208
15816813
15884728
15893478
15797538
15743468
15621907
15441186
15232013
15000910
14783037
14606424
14537231
14316999
14128011
14005853
13814828
13576543
13310732
12954088
12630007
12338392
12021265
11733139
11401295
11108761
10765955
10406627
10059038
9744783
9469813
9236892
9094853
9060885
9027116
9023126
9115467
9244442
9466526
9701745
9892068
10199901
10565431
10978853
11370084
11689771
12041364
12462613
12998503
13571918
14122556
14663286
15186859
15776800
16343379
16920343
17444102
17915040
18375483
18842634
19345753
19890548
20394011
20928360
21575285
22177288
22602420
22723594
22832018
22935101
23038939
23136573
23261716
23265057
23264661
23269502
23273243
23372570
23544879
23666973
23838406
24104215
24275684
24414785
24538809
24768713
25100525
25519178
25932636
26295785
26530101
26679849
26836140
26932354
27023937
27164426
27286832
27228196
27248035
27267142
27262482
27260818
27273204
27134037
26933316
26755961
26632195
26412552
26156623
25860958
25536853
25225934
24885400
24462632
23822226
23189494
22515676
21855715
21221531
20597968
19964688
19294466
18584752
17922145
17296785
16621421
16032218
15594611
15491183
15453786
15403830
15389138
15395080
15416615
15484929
15549188
15565677
15539524
15464891
15373975
15327506
15267703
15107018
15025357
14886773
14762923
14514969
14199300
13822058
13444604
13132868
13000445
12943007
12860892
12784263
12719456
12603966
12481498
12441449
12249072
11984193
11781624
11601649
11259576
11027148
10857178
10678493
10535608
10362208
10184755
10034971
9934616
9837401
9788051
9795970
9904567
9975897
10059566
10225546
10360661
10489342
10619358
10729506
10844291
10915483
10997015
11075334
11088864
11034060
11012841
10956714
10886022
10775345
10622399
10483153
10320901
10233736
10150556
10168553
10244747
10301624
10365484
10425273
10511454
10627666
10843299
11050945
11237982
11359752
11491032
11640377
11769990
11804382
11856275
11905309
11982165
11946883
11903096
11915572
12007276
12105040
12241305
12343681
12487140
12689273
12842485
12945608
13111887
13321494
13572460
13804652
14010885
14103503
14303168
14490099
14654809
14872406
15087675
15347541
15525992
15717787
15959959
16236104
16492151
16729543
16958378
17126516
17130636
17120725
17117108
17109095
17113581
17160614
17224008
17340834
17428185
17509809
17530650
17522122
17414935
17247728
17141560
17009693
16849111
16657064
16466619
16273226
16091996
15950800
15871297
15788015
15750313
15711883
15692003
15664708
15669073
15696128
15792124
15841364
15789680
15684882
15644773
15518506
15307460
15096834
14864316
14667429
14537213
14440162
14213550
14040577
13892598
13667929
13447615
13107171
12764431
12465002
12155171
11860544
11547043
11230820
10937425
10596677
10235248
9899101
9585824
9326088
9118197
9072225
9037257
8990474
9078383
9157447
9313730
9537995
9726387
10002847
10338336
10734574
11156112
11485983
11840459
12211002
12691365
13232747
13820722
14331183
14896738
15452264
16035365
16597075
17166867
17660312
18139168
18625382
19068389
19594058
20122413
20649152
21223705
21851303
22427295
22756249
22798193
23625595
24424648
25226288
26061990
26886550
27626190
28436130
29196886
29937712
30734692
31578473
32439840
33304997
34176232
