292173300
292116083
292116083
292188080
292131948
292131948
292201590
292132977
292132977
292202713
292128969
292128969
292205410
292131682
292131682
292218548
292149590
292149590
292234619
292151470
292151470
292237203
292155896
292155896
292232602
292146526
292146526
292233742
292145748
292145748
292229298
292126178
292126178
292219795
292118196
292118196
292215672
292117987
292117987
292220099
292131798
292131798
292224240
292142279
292142279
292230940
292135695
292135695
292218588
292125997
292125997
292218012
292115004
292115004
292204510
292105501
292105501
292211509
292120823
292120823
292219157
292118686
292118686
292211632
292115529
292115529
292217491
292102399
292102399
292207612
292098848
292098848
292214196
292119134
292119134
292220810
292120788
292120788
292216362
292117442
292117442
292215123
292106167
292106167
292201741
292105680
292105680
292207663
292110721
292110721
292204958
292120006
292120006
292215504
292128421
292128421
292206019
292111667
292111667
292194435
292098117
292098117
292181835
292089717
292089717
292178681
292090982
292090982
292177857
292088047
292088047
292167568
292077083
292077083
292157497
292064893
292064893
292149298
292064941
292064941
292152721
292074452
292074452
292148644
292072344
292072344
292135628
292049437
292049437
292116140
292027291
292027291
292093948
292027348
292027348
292093679
292025140
292025140
292082357
292017260
292017260
292073392
292004604
292004604
292073217
292005839
292005839
292079583
292010283
292010283
292084011
292006447
292006447
292075405
291989919
291989919
292073068
291987659
291987659
292068966
291976904
291976904
292062980
291965180
291965180
292053174
291971148
291971148
292074268
291987850
291987850
292089449
292009736
292009736
292107421
292021230
292021230
292109531
292015106
292015106
292097067
292000903
292000903
292096148
291994720
291994720
292087311
291993788
291993788
292096796
292007178
292007178
292106187
292010164
292010164
292100850
292003734
292003734
292104205
291992241
291992241
292088344
291984481
291984481
292099573
291999076
291999076
292107840
292008369
292008369
292103431
292004075
292004075
292104097
291997098
291997098
292096018
292003691
292003691
292112647
292017111
292017111
292113172
292020413
292020413
292117355
292024362
292024362
292109314
292015295
292015295
292102378
292009081
292009081
292103433
292009435
292009435
292105753
292024732
292024732
292116850
292025340
292025340
292113039
292018725
292018725
292108535
292020375
292020375
292110860
292027225
292027225
292119829
292048499
292048499
292132856
292054647
292054647
292132916
292051656
292051656
292127956
292044807
292044807
292130998
292064646
292064646
292153495
292089421
292089421
292156021
292096052
292096052
292164591
292099054
292099054
292164151
292098482
292098482
292167270
292105836
292105836
292173214
292115886
292115886
292185186
292122273
292122273
292199837
292126499
292126499
292211985
292138185
292138185
292223594
292147590
292147590
292239652
292162946
292162946
292260746
292173530
292173530
292255556
292172006
292172006
292258424
292164807
292164807
292244520
292147044
292147044
292233235
292131123
292131123
292225548
292133106
292133106
292229270
292140609
292140609
292242037
292159144
292159144
292252667
292160652
292160652
292250270
292160764
292160764
292256787
292148574
292148574
292245690
292145151
292145151
292257115
292161964
292161964
292265827
292161660
292161660
292262157
292156944
292156944
292256415
292141067
292141067
292240423
292132419
292132419
292239418
292137516
292137516
292229843
292127697
292127697
292223233
292123194
292123194
292215953
292111765
292111765
292204758
292108316
292108316
292202335
292104632
292104632
292197929
292118126
292118126
292212124
292123028
292123028
292204049
292110602
292110602
292202112
292106820
292106820
292201134
292107931
292107931
292196091
292110242
292110242
292193877
292105255
292105255
292176585
292080951
292080951
292159160
292058972
292058972
292140232
292051675
292051675
292134824
292056500
292056500
292122852
292040549
292040549
292104623
292023601
292023601
292083570
292003711
292003711
292069248
292002302
292002302
292067971
292007374
292007374
292068808
292000195
292000195
292057523
291983779
291983779
292046692
291972964
291972964
292046302
291977344
291977344
292051144
291967995
291967995
292043999
291962692
291962692
292039398
291953322
291953322
292040538
291952544
291952544
292036094
291932974
291932974
292026591
291924992
291924992
292022468
291924783
291924783
292026895
291938594
291938594
292031036
291949075
291949075
292037736
291942491
291942491
292025384
291932793
291932793
292024808
291921800
291921800
292011306
291912297
291912297
292020510
291929824
291929824
292030363
291929892
291929892
292025043
291928940
291928940
292033107
291918015
291918015
292023228
291914464
291914464
292029812
291934750
291934750
292042754
291942732
291942732
292044634
291945714
291945714
292047860
291938904
291938904
292038943
291942882
291942882
292047070
291950128
291950128
292046570
291961618
291961618
292059321
291972238
291972238
292052041
291957689
291957689
292046785
291950467
291950467
292043914
291951796
291951796
292047088
291959389
291959389
292052592
291962782
291962782
292048631
291958146
291958146
292046768
291954164
291954164
292049798
291965441
291965441
292065629
291987360
291987360
292075917
291999617
291999617
292077941
291991750
291991750
292074053
291985204
291985204
292066226
291999626
291999626
292079485
292010946
292010946
292077892
292012795
292012795
292073392
292004604
292004604
292073217
292005839
292005839
292079583
292010283
292010283
292084011
292006447
292006447
292075405
291989919
291989919
292073068
291987659
291987659
292068966
291976904
291976904
292062980
291965180
291965180
292053174
291971148
291971148
292074268
291987850
291987850
292089449
292009736
292009736
292107421
292021230
292021230
292109531
292015106
292015106
292097067
292000903
292000903
292096148
291994720
291994720
292087311
291993788
291993788
292096796
292007178
292007178
292106187
292010164
292010164
292100850
292003734
292003734
292104205
291992241
291992241
292088344
291984481
291984481
292099573
291999076
291999076
292107840
292008369
292008369
292103431
292004075
292004075
292104097
291997098
291997098
292096018
292003691
292003691
292112647
292017111
292017111
292113172
292020413
292020413
292117355
292024362
292024362
292109314
292015295
292015295
292102378
292009081
292009081
292103433
292009435
292009435
292105753
292024732
292024732
292116850
292025340
292025340
292113039
292018725
292018725
292108535
292020375
292020375
292110860
292027225
292027225
292119829
292048499
292048499
292132856
292054647
292054647
292132916
292051656
292051656
292127956
292044807
292044807
292130998
292064646
292064646
292153495
292089421
292089421
292156021
292096052
292096052
292164591
292099054
292099054
292164151
292098482
292098482
292167270
292105836
292105836
292173214
292115886
292115886
292185186
292122273
292122273
292199837
292126499
292126499
292211985
292138185
292138185
292223594
292147590
292147590
292239652
292162946
292162946
292260746
292173530
292173530
292255556
292172006
292172006
292258424
292164807
292164807
292244520
292147044
292147044
292233235
292131123
292131123
292225548
292133106
292133106
292229270
292140609
292140609
292242037
292159144
292159144
292252667
292160652
292160652
292250270
292160764
292160764
292256787
292148574
292148574
292245690
292145151
292145151
292257115
292161964
292161964
292265827
292161660
292161660
292262157
292156944
292156944
292256415
292141067
292141067
292240423
292132419
292132419
292239418
292137516
292137516
292229843
292127697
292127697
292223233
