11830679
11857288
11851451
11834981
11870390
11819522
11798532
11815319
11783664
11725635
11756232
11652022
11570562
11629620
11499197
11409456
11416898
11287532
11177302
11175180
10998530
10821592
10805765
10621391
10436726
10454419
10277345
10116913
10068477
9944521
9798771
9796433
9671514
9613595
9621669
9531089
9482630
9461109
9406146
9367263
9399547
9399622
9411482
9412603
9388297
9369046
9407194
9402264
9358019
9386859
9438032
9423946
9506030
9554011
9559353
9644256
9763612
9713691
9811150
9896624
9915019
10053890
10175672
10160263
10347460
10480245
10478226
10662965
10838923
10814660
10972468
11125157
11124567
11265919
11372931
11368672
11426743
11472205
11467830
11546125
11607955
11609371
11641519
11695367
11671362
11685683
11679712
11675181
11679876
11656390
11607954
11613225
11605932
11611832
11565524
11546694
11480136
11474056
11421992
11425170
11371145
11345880
11362719
11350857
11308891
11283258
11255581
11256983
11230307
11258332
11260053
11243559
11236137
11226579
11229720
11221334
11254231
11220707
11243320
11233788
11284507
11280836
11261012
11257168
11227668
11231645
11238335
11207241
11182833
11152309
11130295
11117576
11121058
11147667
11155255
11153393
11188802
11149574
11132392
11149179
11133628
11088247
11118844
11030682
10962102
11021160
10905842
10826754
10834196
10719663
10620086
10617964
10456914
10293296
10277469
10109103
9939543
9957236
9795762
9649058
9600622
9492714
9360977
9358639
9249728
9204913
9212987
9138511
9103156
9081635
9042605
9017915
9050199
9065247
9085136
9086257
9078079
9073661
9098384
9078846
9034601
9051801
9099166
9085080
9151060
9186393
9191735
9260590
9367066
9317145
9399499
9474320
9492715
9616753
9727882
9712473
9884070
10003535
10001516
10170247
10331100
10306837
10449045
10588006
10587416
10712720
10805719
10801460
10843523
10875881
10871506
10933697
10982423
10983839
11000054
11039709
11015704
11015052
11001052
10996521
10985088
10946769
10898333
10903604
10896311
10902211
10855903
10837073
10770515
10764435
10712371
10715549
10661524
10636259
10653098
10641236
10599270
10573637
10545960
10547362
10520686
10548711
10550432
10533938
10526516
10516958
10520099
10511713
10544610
10511086
10533699
10524167
10574886
10571215
10551391
10547547
10518047
10522024
10528714
10497620
10473212
10442688
10420674
10407955
10411437
10438046
10445634
10443772
10479181
10453966
10445857
10462644
10460413
10420552
10451149
10379091
10323831
10382889
10283531
10217763
10225205
10126720
10041508
10039386
9893565
9743051
9727224
9574762
9420307
9438000
9292430
9160699
9112263
9020259
8902050
8899712
8806641
8774234
8782308
8723861
8702234
8680716
8657699
8643954
8676238
8704817
8731039
8734128
8725950
8721535
8746263
8726725
8682480
8685670
8723967
8709881
8762541
8792357
8797704
8850455
8943611
8893693
8960092
9021593
9039988
9147981
9244750
9229341
9385709
9492073
9490059
9642886
9788634
9764374
9890683
10014671
10014081
10123484
10202960
10198701
10224924
10244877
10240507
10286669
10321667
10323083
10323290
10352000
10327995
10313815
10293487
10286988
10275555
10237236
10188800
10194071
10186778
10192678
10146370
10127540
10060982
10054902
10002838
10006016
9951991
9926726
9943565
9931703
9889737
9864104
9836427
9837829
9811153
9839178
9840899
9824405
9816983
9807425
9810566
9802180
9835077
9801553
9824166
9814634
9865353
9861682
9841858
9838014
9808514
9812491
9819181
9788087
9763679
9733155
9711141
9698422
9701904
9728513
9736101
9734239
9769648
9752641
9756037
9772824
9781538
9745925
9776522
9720584
9678644
9737702
9654469
9602714
9610156
9527751
9456552
9454430
9323582
9185228
9169401
9032392
8891665
8909358
8779556
8662354
8613918
8537962
8434118
8431780
8354813
8335731
8343812
8301490
8292023
8270510
8259660
8247160
8279444
8313341
8349138
8352227
8344049
8339639
8364374
8344836
8300591
8295578
8322377
8308291
8350006
8375579
8380933
8417564
8497400
8447487
8497768
8545256
8563651
8655569
8738332
8722923
8864318
8958527
8956520
9093894
9225914
9201659
9312207
9421666
9421076
9514436
9579554
9575295
9585414
9592047
9587677
9617714
9640552
9641968
9630015
9657480
9633475
9613982
9584086
9577587
9566154
9527835
9479399
9484670
9477377
9483277
9436969
9418139
9351581
9345781
9293717
9296895
9242870
9217885
9234724
9222862
9180896
9155543
9127866
9129268
9102592
9130897
9132618
9116124
9108702
9099424
9102565
9094179
9127076
9093832
9116445
9106913
9157632
9154241
9134417
9130573
9101073
9105330
9112020
9080926
9056518
9026274
9004260
8991541
8995023
9021912
9029500
9027638
9063047
9046320
9049716
9066503
9090050
9067317
9097914
9056505
9023638
9082696
9015471
8976596
8984038
8917321
8858770
8856648
8741760
8617771
8601944
8480839
8354641
8372334
8258540
8155867
8107431
8047042
7956087
7953749
7892907
7887745
7895835
7865153
7856439
7834653
7839932
7841160
7873444
7907068
7942874
7945963
7937785
7933102
7957846
7938308
7894063
7888777
7915585
7901499
7928381
7940801
7946164
7968266
8039029
7988843
8023125
8057733
8076128
8152094
8222218
8206809
8332244
8411824
8409826
8531296
8648787
8624268
8718817
8813747
8813157
8890686
8942924
8938665
8932659
8925108
8920738
8939135
8961220
8962645
8934572
8948309
8924304
8904820
8874924
8868425
8856992
8818682
8770246
8775517
8768224
8775197
8728889
8710059
8643501
8638774
8586710
8589888
8535863
8511951
8528790
8516928
8474962
8450673
8422996
8424398
8397722
8427091
8428812
8412318
8404896
8396682
8399823
8391437
8424334
8392154
8414767
8405235
8455954
8453627
8433803
8429959
8400459
8407092
8413782
8382688
