366723828
366723828
366723828
366723828
366723828
366723828
366723828
366723828
366723828
366723828
366723828
366723828
366723828
366723828
366723828
366723828
366723828
366723828
366723828
366723828
366723828
366723828
366723828
366723828
366723828
366723828
366723828
366723828
366723324
366723324
366723324
366723324
366723324
366723324
366723324
366723324
366723324
366723324
366723324
366723324
366723324
366723324
366723324
366723324
366723324
366723324
366723324
366723324
366723324
366723324
366723324
366723324
366723324
366723324
366723324
366723324
366723324
366721595
366721595
366721595
366721595
366721595
366721595
366721595
366721595
366721595
366719155
366719155
366719155
366719155
366719155
366719155
366719155
366719155
366719155
366719155
366719155
366717910
366717910
366717910
366717910
366717406
366717406
366717406
366717406
366717406
366717406
366717406
366717406
366717406
366717406
366717406
366717406
366717406
366717406
366717406
366717406
366717406
366717406
366717406
366717406
366717406
366717406
366717406
366717406
366717406
366717406
366717406
366717406
366717406
366717406
366717406
366717406
366718651
366718651
366718651
366718651
366718651
366718651
366718651
366718651
366718651
366718651
366718651
366718651
366718651
366718651
366718651
366718651
366718651
366718651
366718651
366718651
366718651
366718651
366718651
366718651
366718651
366718651
366718651
366718651
366718651
366718651
366718651
366718651
366718651
366718651
366718651
366718651
366718651
366718651
366718651
366718651
366718651
366718651
366718651
366718651
366718651
366718651
366718651
366718651
366718651
366718651
366718651
366718651
366718651
366718651
366718651
366718651
366718651
366718651
366718651
366718651
366718651
366718651
366718651
366718651
366718651
366718651
366718651
366718651
366718651
366718651
366718651
366718651
366718651
366718651
366719155
366719155
366719155
366719155
366719155
366719155
366719155
366719155
366719155
366719155
366719155
366719155
366719155
366719155
366719155
366719155
366719155
366719155
366719155
366719155
366719155
366719155
366719155
366719155
366719155
366719155
366719155
366719155
366719155
366720884
366720884
366720884
366720884
366720884
366720884
366720884
366720884
366720884
366723324
366723324
366723324
366723324
366723324
366723324
366723324
366723324
366723324
366723324
366723324
366724569
366724569
366724569
366724569
366725073
366725073
366725073
366725073
366725073
366725073
366724569
366719936
366709262
366702793
366695860
366686223
366679754
366672761
366669817
366660918
366655574
366648404
366639406
366630912
366621410
366612412
366603918
366595424
366585685
366577191
366568697
366560203
366551709
366542779
366533345
366524851
366515112
366506618
366496375
366488966
366481469
366476796
366476292
366476292
366476292
366476292
366476292
366476292
366476292
366476292
366476292
366476292
366476292
366476292
366476292
366476292
366476292
366476292
366476292
366476292
366476292
366476292
366476292
366476292
366476292
366476292
366476292
366476292
366476292
366476292
366476292
366476292
366476292
366476292
366476292
366476292
366476292
366476292
366476292
366476292
366476292
366476292
366476292
366476292
366476292
366476292
366476292
366476292
366476292
366476292
366476292
366476292
366476292
366476292
366476292
366476292
366476292
366476292
366476292
366476292
366476292
366476292
366476292
366476292
366475047
366475047
366475047
366475047
366475047
366475047
366475047
366475047
366475047
366475047
366475047
366475047
366475047
366475047
366475047
366475047
366475047
366475047
366475047
366475047
366475047
366475047
366475047
366475047
366475047
366475047
366475047
366475047
366475047
366475047
366475047
366475047
366475047
366475047
366475047
366475047
366475047
366475047
366475047
366475047
366475047
366475047
366475047
366475047
366475047
366475047
366475047
366475047
366475047
366475047
366475047
366475047
366475047
366475047
366475047
366475047
366475047
366475047
366475047
366475047
366475047
366475047
366475047
366475047
366475047
366475551
366480184
366490858
366497327
366504260
366513897
366520366
366527359
366530303
366539202
366544546
366551716
366560714
366569208
366578710
366587708
366596202
366604696
366614435
366622929
366631423
366639917
366648411
366657341
366666775
366675269
366685008
366693502
366703745
366711154
366718651
366723324
366723828
366723828
366723828
366723828
366723828
366723828
366723828
366723828
366723828
366723828
366723828
366723828
366723828
366723828
366723828
366723828
366723828
366723828
366723828
366723828
366723828
366714898
366710869
366709120
366707371
366702906
366702402
366699498
366695349
366692909
366690005
366681620
366672527
366659633
366656048
366645840
366632003
366632003
366632003
366632003
366632003
366632003
366632003
366632003
366625484
366620811
366614993
366610460
366609956
366606371
366603467
366603467
366603467
366603467
366603467
366603467
366603467
366603467
366603467
366603467
366603467
366603467
366604712
366604712
366604712
366604712
366604712
366604712
366604712
366604712
366604712
366604712
366604712
366604712
366604712
366604712
366604712
366604712
366604712
366604712
366604712
366604712
366604712
366604712
366604712
366604712
366604712
366604712
366604712
366604712
366604712
366604712
366604712
366604712
366604712
366604712
366604712
366604712
366604712
366604712
366604712
366604712
366604712
366604712
366604712
366604712
366604712
366604712
366604712
366604712
366604712
366604712
366604712
366604712
366604712
366604712
366604712
366604712
366604712
366604712
366604712
366604712
366604712
366604712
366604712
366604712
366604712
366604712
366604712
366604712
366604712
366604712
366604712
366604712
366604712
366604712
366604712
366604712
366604712
366604712
366604712
366604712
366604712
366604712
366604712
366604712
366604712
366604712
366604712
366604712
366604712
366604712
366604712
366604712
366604712
366604712
366604712
366604712
366604712
366604712
366604712
366604712
366604712
366604712
366604712
366604712
366604712
366604712
366604712
366604712
366604712
366604712
366604712
366604712
366604712
366604712
366604712
366604712
366604712
366604712
366613642
366617671
366619420
366620665
366625130
366625634
366628538
366632687
366635127
366638031
366646416
366655005
366667899
366671484
366681692
366695529
366695529
366695529
366695529
366695529
366695529
366695529
366695529
366702048
366706721
366712539
366717072
366717576
366721161
366724065
366724065
366724065
366724065
366724065
366724065
366724065
366724065
366724065
366724065
366724065
366724065
366724065
366724065
366724065
366724065
366724065
366724065
366724065
366724065
366724065
366724065
366724065
366724065
366724065
366724065
366724065
366724065
366724065
366724065
366724065
366724065
366724065
366724065
366724065
366724065
366724065
366724065
366724065
366724065
366724065
366724065
366724065
366724065
366724065
366724065
366724065
366724065
366724065
366724065
366724065
366724065
366724065
366724065
366724065
366724065
366724065
366724065
366724065
366724065
366724065
366724065
366724065
366724065
366724065
366724065
366723561
366723561
366723561
366723561
366723561
366723561
366723561
366723561
366723561
366723561
366723561
366723561
366723561
366723561
366723561
366723561
366723561
366723561
366723561
366723561
366723561
366723561
366723561
366723561
366723561
366723561
366723561
366723561
366723561
366723561
366723561
366723561
366723561
366723561
366723561
366723561
366723561
366723561
366723561
366723561
366723561
366723561
366723561
366723561
366723561
366723561
366723561
366723561
366723561
366723561
366723561
366723561
366723561
366723561
366723561
366723561
366723561
366723561
366723561
366723561
366723561
366723561
366723561
366723561
366723561
366723561
366723561
366724065
366724065
366724065
366724065
366724065
366724065
366724065
366724065
366724569
366724569
366724569
366724569
366724569
