151820428
150544822
149294714
148082196
146869681
145660408
144470855
143361723
142252796
141187971
140119195
139058281
137935652
136772862
135644608
134471746
133291713
132157888
131152065
130278219
129464699
128656935
128026986
127547697
127164380
126807327
126482272
126117695
125852413
125614766
125318806
125170208
124819759
124367345
123848001
123258132
122527891
121749211
120787373
119824684
118803860
117760500
116781870
115872362
115010711
114145597
113285508
112458721
111709612
111036586
110427057
109856470
109318591
108782227
108307893
107886618
107517069
107202430
106946963
106719233
106522669
106388552
106294320
106229027
106188856
106154443
106165447
106188117
106228160
106275263
106332101
106418678
106536720
106691557
106863706
107095945
107271258
107394632
107461177
107559331
107695854
107902995
108093656
108214925
108277942
108355443
108403177
108481477
108640313
108867625
109124090
109336844
109596394
109848474
110171558
110595506
111012195
111440156
111856536
112271942
112781666
113354871
113913352
114545329
115240614
116041117
116900192
117776180
118628434
119441016
120263898
121098786
121931200
122753878
123642954
124535008
125473557
126436182
127411865
128381730
129315369
130219505
131130956
132048496
132910940
133792015
134659592
135522707
136421493
137363112
138375811
139378905
140356245
141350154
142339282
143310666
144218637
145125172
145996725
146879005
147749720
148698663
149689847
150658200
151675509
152702878
153697860
154559588
155298737
155982681
156676594
157216482
157619723
157949779
158274728
158599783
158967800
159351819
159795045
160369807
161041371
161918067
162867563
163933907
165090156
166436288
167817684
169401588
170998338
172665365
174360199
176084873
177819055
179556985
181317900
183103781
184879285
186610939
188323071
190017048
191712792
193410858
195114245
196808625
198493667
200172104
201843592
203491848
205155029
206835563
208514986
210201349
211901471
213600569
215307034
217006796
218715842
220430235
222142366
223839384
225475011
227040291
228503000
229914063
231207686
232470957
233673217
234882624
236012325
237069208
238047769
238993529
239959884
240935229
241881832
242825804
243737292
244618162
245465037
246279775
247091703
247898143
248686031
249460205
250152367
250806740
251468087
252116150
252755399
253404463
254016738
254616058
255207182
255786751
256355464
256915071
257470940
258024352
258566863
259088015
259597307
260098088
260580349
261059334
261533877
261995701
262433274
262854693
263255190
263639923
264002792
264339790
264655308
264963414
265257808
265547551
265830607
266106510
266381845
266644752
266891766
267126944
267345550
267565695
267783864
267985025
268187417
268380689
268567185
268757384
268931070
269102676
269262577
269418130
269570794
269709637
269853732
269988429
270118005
270231856
270321917
270397965
270451226
270483330
270483330
270483330
270483330
270483330
270483330
270483330
270483330
270483330
270483330
270483330
270483330
270483330
270483330
270483330
270483330
270483330
270483330
270483330
270483330
270483330
270483330
270483330
270483330
270483330
270483330
270483330
270483330
270483330
270483330
270483330
270478650
270478650
270478650
270478650
270458538
270422562
270405242
270405242
270405242
270405242
270405242
270405242
270405242
270405242
270403754
270403754
270402754
270402754
270402754
270402754
270401754
270401754
270401754
270393162
270369642
270341730
270322514
270308354
270296506
270280386
270263994
270253938
270250578
270243802
270242802
270228762
270217794
270208546
270192594
270177554
270133770
270110258
270084706
270051314
269980306
269945202
269911962
269878738
269837274
269727066
269606018
269490834
269411050
269269341
269101997
269000584
268825047
268726173
268626992
268543374
268440553
268325180
268195699
268051201
267875327
267697262
267516022
267225028
266857551
266540416
266179598
265811685
265475099
265172920
264890245
264633649
264375625
264107589
263819837
263536486
263250668
262955431
262660108
262359651
262046873
261725761
261433743
261146075
260858806
260587142
260332413
260148285
259978085
259808141
259635403
259436862
259210179
258939535
258653973
258340463
257980208
257595237
257190725
256668777
256027099
255311091
254511747
253666491
252689936
251494087
250254047
248911010
247505561
246093205
244690518
243130917
241533447
239920896
238282585
236611380
234948588
233238693
231611524
230120070
228671590
227198338
225828749
224532958
223319257
222090132
220858158
219559457
218324474
217201028
216061779
214814008
213538995
212346888
211135010
209850709
208524784
207227937
206049754
204869880
203621718
202342917
201116912
199904609
198699505
197482151
196231741
194919464
193662611
192469251
191349086
190296762
189269185
188195937
187159374
186167992
185270816
184267029
183147671
181955270
180725435
179570221
178453024
177426877
176471370
175586785
174722887
173839300
172961446
172096379
171164464
170080348
168979307
167837467
166746722
165609938
164476015
163360050
162371182
161408941
160339784
159295424
158257557
157265377
156222867
155145112
154090126
153082922
152136095
151252791
150360951
149482662
148712531
148027571
147302754
146627007
145953168
145239114
144471604
143698470
142855026
142004785
141154463
140300990
139411653
138468911
137486164
136538770
135595253
134635974
133665973
132646192
131606788
130511672
129367891
128166430
126884398
125560633
124256579
122942339
121652485
120380577
119154423
117934557
116744957
115600815
114499528
113414541
112413255
111474402
110559047
109651655
108727723
107899471
107298995
106744615
106257835
105867509
105485723
105111062
104929947
105053674
105167349
105359039
105657992
106246919
107093591
108019581
108870417
109868215
110990694
112064898
113127519
114168254
115280299
116372388
117563968
118715487
119836445
120991614
122242785
123512278
124704385
125916263
127200564
128526489
129823336
131001519
132182881
133431043
134710844
135936849
137149152
138354256
139572610
140823020
142135297
143400742
144617622
145765699
146837239
147878976
148964072
150016755
151024529
151925985
152933132
154059266
155252667
156495054
157661236
158787681
159829780
160800327
161728696
162616106
163525245
164436491
165372566
166339585
167456941
168591206
169774510
170975463
172233295
173482402
174678151
175808728
176938313
178108883
179328780
180465521
181556882
182683010
183863586
185033945
186170630
187261955
188321133
189391038
190450567
191511692
192564129
193606081
194642646
195684398
196735038
197804727
198860536
199960576
201068841
202187199
203328424
204501112
205729672
207007656
208250373
209494347
210766404
212057517
213369316
214696388
216078773
217494218
218950408
220416568
221910533
223384531
224871509
226359904
227858495
229355293
230860721
232363831
233868228
235354486
236843985
238367219
239947750
241579113
243285849
245055037
246859844
248656169
250450589
252280406
254076181
255870323
257647671
259388387
260862130
262361006
263807627
265179879
266253744
267116967
267818146
268458764
268909446
269260219
269555604
269788774
269961740
270083500
270223385
270330506
270413970
270436570
270456626
270470546
270476066
270476066
270476066
270476066
270476066
270476066
270476066
270476066
270476066
