68107829
68107829
68107829
68107829
68107829
68107829
68107829
68093381
68077261
68043269
67942749
67828590
67622956
67562542
67450473
67374964
67312544
67214500
67116332
66999032
66888047
66744267
66611083
66435850
66248793
66127938
66080545
66053838
65952647
65875713
65766595
65676977
65701321
65782314
65771783
65804412
65880512
65883341
65890676
65913216
66028851
66052136
66187559
66329649
66438065
66684689
66875391
67104738
67341820
67528184
67741611
67941585
68199142
68397066
68433981
68522093
68612428
68611067
68656802
68708561
68750077
68804923
68871995
69014096
69190667
69356531
69502839
69502839
69502839
69502839
69499935
69238533
68989948
68757541
68559683
68302732
68068215
67851760
67638333
67431541
67168056
67009795
66859824
66819926
66787260
66842919
66805934
66853628
66851790
66825153
66799610
66713024
66714873
66696447
66760138
66852938
66940164
67041551
67089391
67231195
67372414
67484957
67586941
67594075
67544465
67577543
67559808
67554274
67659648
67643712
67636671
67624786
67650781
67604576
67621022
67588332
67489811
67298837
67121143
66970318
66844793
66712498
66540026
66303211
66105546
66044032
65925756
65789018
65745789
65734096
65727698
65740075
65792546
65836305
65914697
65914697
65914697
65844076
65785387
65725372
65725372
65728276
65970366
66179758
66338184
66514562
66695025
66910953
67100392
67248143
67470055
67757332
67967115
68188141
68392095
68553937
68691333
68982185
69214499
69370543
69535778
69727531
69941401
70176077
70404289
70564452
70764204
70997445
71232859
71432472
71599523
71744407
71914739
72122335
72354019
72528252
72759590
72962964
73107588
73288580
73546032
73690569
73888546
74116452
74327960
74543884
74738384
74895220
75151805
75338882
75571258
75794824
76018263
76194016
76443961
76664133
76819968
77003348
77219823
77398872
77468520
77517601
77496798
77474750
77456380
77440332
77440332
77440332
77510953
77569642
77629657
77629657
77629657
77648969
77672394
77698822
77677849
77740144
77678804
77658933
77695611
77669371
77679571
77713417
77685096
77710801
77743418
77810974
77744214
77663116
77686183
77666782
77597695
77637312
77548596
77421842
77455559
77430349
77446413
77436261
77419195
77449307
77450312
77421969
77369066
77322839
77344683
77327390
77345816
77373010
77366594
77396514
77518966
77583606
77634766
77671079
77671079
77700527
77768044
77800057
77842785
77900809
77936233
77936233
78011969
78051602
78082218
78129736
78040135
77946253
77848097
77740367
77639455
77585686
77465315
77327761
77204000
77053206
76877283
76606347
76350999
76094880
75850407
75602106
75413870
75280103
75129593
74995948
74807600
74737187
74661290
74570911
74403693
74027644
73788112
73661803
73477342
73220081
72986366
72858463
72762505
72661105
72595489
72538874
72441630
72415683
72437504
72387177
72274050
72070386
71899731
71783509
71631243
71452359
71350519
71236828
71118216
71049941
70926744
70792428
70737589
70644696
70535557
70430413
70394765
70394765
70394765
70394765
70394765
70394765
70394765
70394765
70394765
70394765
70394765
70394765
70394765
70394765
70291209
70283071
70325820
70364022
70357515
70401009
70465475
70547170
70624374
70667580
70720602
70866769
71083961
71246641
71382968
71553945
71741130
71743751
71748566
71840887
71863486
71930514
71955102
71874543
71725531
71774988
71934374
72066032
72171167
72269415
72452928
72535835
72609482
72688259
72738419
72793971
72879975
72963435
73047402
73107891
73108111
73200987
73311060
73446039
73575510
73681786
73863142
74013008
74110075
74189313
74315780
74486115
74657077
74779455
74907420
75016559
75121703
75157351
75157351
75157351
75157351
75157351
75157351
75157351
75157351
