743483892
743427685
743152543
743097370
743154807
742819573
742709049
742659231
742365094
742287746
742180579
741906194
741749719
741702149
741468802
741404662
741299452
740977325
740883166
740845563
740660067
740758566
740856821
740749795
740979438
741147202
741081084
741218914
741335220
741254872
741428125
741521403
741467670
741621911
741713301
741577846
741622014
741603941
741257349
741267795
741258246
740970875
741009780
741042831
740681014
740578314
740504979
740011758
739808011
739682366
739335611
739286795
739257293
738973473
738921140
738916159
738607957
738576570
738457926
738163834
738126716
738140288
737836036
737850109
737924790
737720329
737732608
737777735
737674145
737801533
737886874
737688939
737912779
738162452
737959252
738105417
738294591
738120103
738210362
738217641
737965647
737922690
737796341
737381966
737322831
737317055
736941327
736824873
736701938
736319483
736131074
736034684
735690578
735756270
735784552
735525270
735570387
735630114
735356289
735408585
735403833
735116701
735115309
735037791
734709311
734678149
734537946
734169415
734131926
734087368
733751810
733690439
733671610
733432256
733478182
733536663
733320766
733386438
733450373
733173735
733227331
733273135
733033933
733116158
733157001
732901173
732853939
732791635
732468189
732449499
732391248
732086324
732054807
731936338
731623434
731521418
731468414
731210282
731196785
731133981
730872830
730797268
730736000
730448768
730441965
730361037
729962877
729946508
729995364
729759923
729853559
729833688
729534698
729563930
729633849
729422050
729497926
729592049
729464209
729556997
729669019
729429780
729482738
729487102
729196703
729209418
729342313
729104872
729032083
729034600
728751654
728691202
728659614
728476626
728507825
728643712
728380125
728378346
728460011
728262182
728270883
728342198
728047531
727962888
727932941
727571339
727403756
727378888
727052102
726893426
726915363
726661020
726648615
726762751
726564831
726553092
726716152
726641820
726843019
727075547
726973723
727005157
727151314
727065292
727199134
727409184
727218024
727290717
727500572
727288906
727324094
727494955
727268533
727141259
727251484
727071041
727078388
727176721
726909953
726859718
727056176
726762339
726665477
726726501
726431032
726252374
726314700
726131271
726074185
726212231
725989056
725929617
726042140
725814204
725698628
725928359
725807817
725790947
726056750
726029614
726044323
726311462
726334895
726388255
726651774
726585710
726760358
727164523
727135759
727199448
727420227
727390519
727432626
727665799
727508308
727517963
727704225
727612726
727561965
727784032
727682793
727600801
727703506
727431639
727352139
727464766
727269977
727209223
727409238
727243011
727134578
727321932
727153451
726986157
727142013
727147032
727202930
727546456
727571653
727659782
727993261
728044037
728122232
728457012
728530491
728603209
728976746
729176090
729441311
729847046
729976232
730194511
730691870
730849998
730824731
731100269
731095861
731077057
731259752
731152193
731126560
731355819
731274188
731222939
731474502
731329101
731202181
731433599
731313688
731343220
731629451
731725837
731809728
732144586
732160544
732129516
732413015
732359938
732363186
732605652
732624770
732650157
732956906
732881564
732837288
733108621
733098893
733165026
733508909
733536329
733628912
734004786
734132565
734232597
734631353
734647967
734720816
735033265
735008919
735027441
735306617
735235067
735199813
735346995
735261583
735232655
735460850
735424525
735344580
735541534
735543403
735553214
735850736
735860963
735848761
736137912
736198133
736225799
736497993
736466617
736360852
736552920
736457197
736535537
736795488
736824683
736781606
736972082
737002308
737077768
737361211
737442129
737517741
737822502
737931005
737976365
738391681
738510835
738575135
738880896
738859587
738884388
739179693
739149017
739150152
739463760
739492066
739426637
739640610
739583779
739429547
739596075
739484363
739482632
739756891
739720991
739661374
739883838
739837067
739677998
739830834
739688746
739608921
739753783
739658489
739635021
739820285
739843809
739924976
740134860
740140717
740155390
740454483
740637265
740729125
741099240
741350895
741563871
741901644
742009932
742115219
742391916
742441742
742506751
742767491
742795585
742821274
743023437
742982321
742985968
743172234
743208556
743204989
743402314
743346364
743335467
743580976
743571545
743499460
743590321
743456020
743296404
743344104
743336012
743292492
743382106
743340558
743289835
743431880
743350698
743229985
743343136
743415858
743478869
743720688
743881758
744043228
744244387
744306597
744387908
744558932
744674578
744837197
745120306
745178445
745283948
745515014
745581702
745610036
745714520
745806978
745814224
745947266
745941476
745911304
746041508
745972070
745890032
746012955
745986869
745951586
745882795
745742433
745616286
745544134
745366715
745246571
745200240
745134695
