13921237
13880699
13840489
13804268
13776815
13762212
13769990
13744148
13749479
13814118
13791010
13775759
13870088
13857647
13874512
13972954
13987645
13985471
14041946
14029957
13992843
14039650
13934367
13815345
13768344
13755545
13679467
13651604
13625201
13579552
13531453
13502476
13430992
13394578
13375343
13348747
13323872
13316952
13275081
13273494
13241892
13201022
13235955
13221457
13209668
13243085
13239320
13216018
13232244
13224024
13198069
13212316
13218757
13184299
13240769
13288186
13265320
13284154
13324992
13321116
13340847
13344741
13351702
13363276
13347007
13360277
13362798
13299927
13261819
13260528
13151263
13060822
13084639
12986204
12927961
12938613
12907448
12887900
12924152
12954813
12939753
12985771
13023031
13052172
13079037
13113937
13125427
13172527
13190143
13171671
13213739
13214505
13224247
13226975
13197854
13216696
13224882
13190881
13255351
13333964
13301748
13261817
13313567
13242343
13215731
13264470
13252927
13317863
13404818
13437702
13468734
13519003
13588742
13609475
13645020
13718140
13739087
13751358
13818827
13828114
13852411
13878756
13883035
13901816
13877744
13892433
13940461
13912669
13926211
14040431
14040407
14017154
14086599
14046511
14009287
14030386
13993683
13957539
13951671
13918499
13966412
14036637
14055961
14035343
14068961
14084223
14051595
14067184
14130644
14105454
14163629
14187190
14191741
14234939
14237823
14224677
14287880
14221637
14172082
14244716
14258565
14211296
14285636
14290824
14234975
14260640
14191582
14105062
14094461
14052881
13985659
13942957
13873965
13782843
13729677
13693432
13631923
13565034
13541272
13506676
13472930
13460402
13451555
13461921
13448851
13461439
13531623
13520945
13514127
13608876
13610328
13643313
13740139
13766186
13779747
13834081
13833337
13807680
13850593
13754682
13644701
13589776
13581762
13507544
13471612
13454293
13418592
13366685
13347682
13288096
13249196
13240297
13225372
13197475
13200355
13170108
13165329
13133946
13096720
13118842
13112848
13110827
13126931
13132013
13120868
13121758
13119708
13101137
13110620
13126805
13103480
13148694
13202792
13186550
13200371
13248649
13248957
13263653
13273847
13280392
13290230
13280744
13291954
13293390
13234083
13187512
13187456
13082614
12985393
13011257
12909880
12846818
12856910
12826559
12802157
12837128
12873306
12854714
12897787
12945343
12970152
12990528
13043944
13053889
13095705
13128384
13106319
13142637
13155639
13160058
13155787
13140581
13155157
13156027
13135146
13195187
13266050
13243209
13196033
13239221
13178017
13145013
13184836
13177911
13234522
