146478084
147019397
147561017
148092735
148612956
149117152
149619699
150119569
150643681
151180126
151767381
152422430
153092261
153784978
154510751
155292730
156076010
156819686
157513160
158178872
158801619
159374378
159850088
160112786
160171942
160323720
160493780
160596175
160520086
160383102
160192267
159972213
159725860
159456405
159210047
158998380
158793629
158586559
158399750
158284867
158291145
158383840
158546078
158765273
159042899
159353286
159698352
160121224
160620857
161136265
161575548
162007476
162372175
162668254
162859723
162865441
162787590
162687115
162503131
162146623
161691365
161187878
160682262
160133965
159556104
158941809
158330006
157765488
157257830
156810952
156428483
156101022
155826990
155581519
155330253
155082192
154828568
154593699
154361071
154140840
153921333
153700370
153466691
153221545
152948787
152652469
152313676
151921753
151505456
151067491
150585894
150082470
149524405
148931908
148310112
147686257
147040483
146368187
145674239
144964105
144239382
143485767
142698394
141871647
141061268
140288983
139528274
138797164
138080399
137397898
136758176
136183637
135703890
135275787
134897290
134537909
134242965
134153005
134103021
134080985
134039789
133978445
133907697
133842537
133807097
133781269
133756473
133727193
133704873
133701585
133701869
133707089
133725269
133754085
133766813
133757845
133728005
133716330
133851881
134137062
134301581
134435341
134615438
134956798
135355591
135808464
136291519
136793258
137292303
137750988
138140297
138519828
138919720
139327840
139739431
140191143
140624221
140993818
141262943
141470227
141695473
141941565
142176491
142433837
142690341
142917927
143070348
143191526
143300663
143433007
143608462
143784049
143892354
144130815
144419967
144758500
145089415
145388686
145714449
146057785
146400576
146720247
146980109
147123803
147166318
147155669
147117582
147067623
147044468
147035605
147048430
147038804
146979437
146891735
146762851
146609648
146448963
146279758
146073546
145940250
145879879
145928772
146113384
146414709
146787834
147257206
147768817
148354949
148988508
149649926
150305674
150970369
151626702
152269726
152912216
153556922
154207422
154870434
155545378
156149847
156666415
156999495
157273650
157604449
157953441
158207521
158271246
158119489
157825207
157429204
156998043
156479367
155736321
154929670
154067908
153193719
152271457
151314085
150292847
149230449
148146548
147059532
145983249
144933271
143916439
142924849
141961546
141025672
140124658
139264307
138451460
137689637
136960109
136237891
135512088
134753711
133955393
133095895
132205264
131337731
130482164
129651210
128843799
128069031
127345878
126719631
126130542
125556450
125004791
124471687
123905291
123341789
122787480
122319710
121910757
121506784
121113900
120736182
120376218
120015915
119705720
119454666
119269888
119151007
119061935
119021712
119009696
119109668
119158975
119215956
119289309
119425462
119577599
119690969
119755145
119769361
119761148
119744703
119758149
119800313
119815852
119797188
119713939
119559052
119373083
119141369
118913536
118686420
118460113
118244176
118005492
117731904
117439721
117195574
116932490
116647605
116320907
115944685
115476810
114963593
114426004
113926616
113517539
113135403
112799738
112493200
112224784
112116799
112213019
112393395
112617248
112862613
113118288
113405949
113747405
114136296
114653239
115189492
115655796
116083116
116558153
117152439
117836539
118516828
119131108
119538965
120149019
120807366
121506077
122136396
122573187
122970355
123312888
123629155
123903091
124162429
124376892
124565581
124695962
124769796
124791525
124735488
124615083
124452205
124263442
124043635
123797853
123559342
123350609
123212144
123148862
123159502
123277541
123448705
123638079
123834754
124042033
124239064
124433503
124623630
124819338
125040166
125272914
125479191
125643509
125755685
125769727
125720182
125636702
125514687
125334133
125087835
124795986
124437159
124043668
123631498
123211102
122785193
122361582
121962411
121585744
121253212
120934198
120634579
120369476
120122843
119892826
119706017
119579894
119530697
119520656
119535397
119574507
119653630
119756283
119874129
119990905
120131686
120294920
120475856
120674029
120890483
121117395
121368944
121615900
121891230
122181196
122488562
122754808
122950155
123043625
123113675
123134215
123138276
123108402
123008506
122787074
122390749
121919521
121385900
120807905
120181964
119405825
118440873
117393586
116301723
115189719
114049648
112869494
111655059
110399665
109142342
107895338
106693961
105536928
104413510
103309111
102242532
101272004
100447536
99892223
99206681
98587886
98052653
97749037
97724024
97862672
98109202
98432530
99030828
99757187
100591568
101442174
102337615
103259209
104218214
105209094
106242405
107320297
108403707
109492645
110580010
111642876
112669572
113620256
114532282
115411027
116266035
117113887
117940274
118752985
119551403
120345181
121123471
121865626
122583317
123203988
123681415
124222987
124830780
125340180
125834634
126330723
126783128
127203371
127619354
128025265
128426312
128838940
129259872
129690753
