53612944
53765239
53906284
54043956
54190180
54338964
54496157
54656399
54820430
54986319
55150110
55315176
55482734
55658516
55831574
56000710
56162941
56327004
56490944
56657265
56823563
56992548
57164859
57340334
57506837
57678490
57848262
58014660
58176494
58341781
58510379
58683508
58857708
59032386
59204685
59374668
59543220
59714278
59889478
60069638
60253037
60440244
60626171
60815006
61002761
61193773
61382176
61564783
61742848
61919108
62091727
62267872
62444918
62623737
62805545
63000398
63200462
63392227
63588167
63785687
63986096
64190619
64393776
64598158
64799900
65001794
65206713
65406703
65606590
65810592
65995947
66149698
66300861
66448834
66619395
66812834
67007721
67207806
67409072
67609052
67821119
68036234
68244084
68447402
68653225
68862763
69075842
69289964
69496181
69702895
69913477
70121593
70323364
70525890
70734231
70948429
71159001
71339693
71513705
71710015
71926711
72133454
72339865
72553238
72763824
72975161
73183470
73394202
73605895
73824193
74037355
74249385
74455890
74666885
74867353
75062414
75260814
75484070
75724717
75971180
76203213
76416858
76617557
76820154
77025724
77232702
77437258
77639822
77836726
78028380
78217354
78407160
78596522
78791108
78985986
79187036
79389944
79592602
79789149
79990243
80192555
80396608
80600751
80802704
81001998
81196586
81390131
81584103
81776260
81969485
82162599
82358710
82558156
82755859
82950102
83143125
83333936
83528060
83731703
83934209
84130242
84334171
84530685
84726147
84919037
85117119
85315394
85515101
85709724
85902064
86091963
86284347
86476713
86670865
86862094
87050092
87234150
87415367
87584410
87753618
87919080
88088106
88256087
88422570
88585901
88750346
88913119
89076776
89236436
89395206
89556781
89721984
89876032
90023592
90163927
90300651
90436901
90573381
90707993
90844048
90976963
91123050
91301135
91451157
91591983
91727131
91867839
92011815
92152496
92294161
92433685
92571530
92706459
92843033
92978989
93118662
93258959
93392852
93528703
93670961
93814236
93961395
94106115
94247661
94383277
94519082
94650203
94778965
94908909
95045524
95172892
95297789
95420740
95546323
95673248
95800428
95922836
96045379
96169076
96298015
96425474
96547491
96664132
96786616
96910030
97038124
97164805
97291213
97422859
97558704
97691550
97838206
97994598
98151808
98288279
98408168
98522680
98646159
98785053
98939268
99093718
99252885
99415593
99578694
99743205
99909047
100074766
100245149
100417236
100591653
100761985
100930836
101092443
101294597
101515369
101745171
101969448
102160991
102332109
102514528
102698589
102891309
103081418
103273879
103465724
103660638
103857468
104057524
104253181
104454423
104658876
104866929
105083236
105306362
105528240
105737498
105933268
106138377
106345142
106546284
106747987
106959355
107173250
107381175
107576031
107768322
107961903
108156115
108349079
108544729
108737259
108937752
109141194
109343451
109547851
109770514
109987823
110208204
110464927
110727410
110979256
111210889
111404169
111605553
111816005
112027105
112249923
112469390
112671170
112873525
113079985
113290513
113499524
113705393
113909881
114117102
114318372
114518743
114704347
114858990
115043073
115239798
115440120
115632118
115809984
115988240
116165459
116348340
116534005
116723588
116910792
117096361
117267593
117437673
117608272
117777651
117944381
118109206
118266800
118423502
118590891
118757190
118915809
119078508
119239828
119400606
119558671
119722808
119882033
120037907
120195024
120349755
120501654
120652619
120800376
120943352
121079468
121213489
121350038
121488402
121623032
121750644
121870457
121985654
122100646
122208722
122311032
122409099
122500881
122590948
122676300
122758289
122840855
122920989
122998060
123069930
123138960
123210564
123281771
123343480
123408998
123468654
123523747
123581368
123635560
123685503
123724562
123756096
123781110
123808625
123792031
123759993
123726061
123710349
123739490
123779961
123802777
123801128
123752237
123706784
123678763
123647829
123606751
123562996
123506634
123449321
123379639
123305038
123229154
123145262
123059406
122969780
122886004
122813015
122730341
122643290
122561211
122478565
122391926
122300154
122211691
122131586
122049232
121966293
121882552
121793168
121692231
121585703
121469221
121344956
121211776
121079113
120941887
120808025
120665451
120480748
120306009
120137260
119977674
119861167
119727852
119598544
119510015
119411953
119317070
119223752
119068271
118919618
118764646
118611810
118456548
118300014
118133978
117971453
117810071
117650988
117488876
117323637
117153420
116981189
116806491
116639986
116474415
116308246
116139277
115965027
115786082
115602088
115418011
115237071
115057886
114877856
114696509
114515099
114335192
114153481
113974913
113782295
113583913
113389952
113191830
112998827
112794328
112580072
112359960
112142605
111922496
111699953
111476646
111254897
111039573
110823635
110601301
110379073
110156065
109931462
109707455
109482706
109261669
109042215
108822839
108602498
108381595
108165370
107949176
107730208
107512660
107301131
107096335
106891361
106665669
106434870
106206294
105974657
105735165
105503483
105304357
105103965
104905075
104684911
104450449
104228702
104012331
103769395
103523596
103281611
103021709
102765999
102510870
102251841
101976132
101683872
101406587
101131035
100867027
100641258
100414128
100165507
99922046
99680705
99434204
99194592
98953191
98716520
98478796
98237220
98001058
97756030
97507446
97253958
96993611
96735314
96476428
96213783
95945928
95668582
95386021
95101783
94809590
94522168
94234997
93946778
93657569
93374638
93100870
92827921
92555076
92294914
92031815
91763242
91488473
91213876
90935757
90637072
90326909
90027952
89721144
89419695
89100587
88738958
88377380
88004470
87639268
87339525
87031203
86725997
86413584
86104870
85793077
85486070
85176210
84868378
84576580
84321943
84072229
83811650
83512498
83198400
82881882
82567291
82246652
81924118
81608000
81294562
80980116
80666630
80350572
80032690
79713541
79392423
79067242
78742058
78410847
78077212
77742932
77413036
77082981
76752367
76413122
76085388
75765318
75450109
75131570
74812728
74490150
74165533
73837717
73503744
73167525
72836921
72501075
72168122
71837053
71505213
71172816
70838586
70498946
70163103
69826277
69487419
69143613
68799370
68456368
68108614
67750648
67384671
67008184
66653265
66306654
65959963
65608393
65253878
64884058
64487096
64082629
63680736
63305372
62940006
62558047
62173416
61869978
61586596
61300827
61029397
60692169
60363553
60023566
59687343
59354330
59011839
58667219
58329166
57985448
57641429
57298359
56953780
56612914
56274265
55939091
55618432
55295952
54968575
54631749
54284986
53937563
53595291
53251234
52914245
52575871
52239866
51905424
51575441
51249425
50930900
50612842
50303024
49991662
49677290
49362006
49050342
48741711
48430029
48117754
47810643
47501064
47188889
46874272
46565359
46263902
45972186
45682245
45407673
45131376
44853528
44575870
44302117
44033727
43762112
43490342
43220497
42944579
42667682
42397525
42129806
41864432
41604012
41342809
41087956
40830485
40555366
40239838
39917708
39603743
39331254
39073710
38837960
38635041
38438904
38223895
37970977
37720650
37477070
37234807
36997350
36758974
36521095
36280562
36043489
35808242
