39162890
38858402
38545226
38140692
37726164
37320452
36926100
36548116
36175228
35794276
35393876
34970332
34521476
34051332
33583348
33157916
33675172
34094196
34452396
34767803
35038701
35258805
35434861
35485757
35398237
35223893
35004325
34767477
34487133
34154205
33751069
33312765
32864950
32476132
32175579
32115938
32065498
32002418
31965802
31955914
31948146
31914632
31898448
31893977
31950731
32067443
32202015
32295853
32348253
32394367
32438175
32464844
32452163
32461881
32501889
32541441
32592041
32608369
32646585
32668793
32682201
32652209
32575233
32347633
31939295
31461919
30966951
30449495
29915191
29374647
28842359
28331495
27852247
27397759
26971823
26558031
26202087
25900007
25621935
25380935
25190360
25040862
24950622
24919881
24972848
25127055
25342127
25565119
25779099
26052367
26385821
26770832
27180488
27580272
27915256
28147496
28108184
27944216
27679800
27362472
26991528
26597728
26226640
25841560
25483656
25291256
25123816
24970424
24842136
24717800
24652224
24605768
24557115
24529332
24488902
24404342
24245606
24003073
23804192
23622128
23485296
23398703
23361807
23358455
23507383
23918310
24401560
24914110
25423210
25888179
26368262
26832938
27290743
27796591
28297390
28790454
29401486
29966726
30536230
31105950
31687214
32242326
32753585
33173465
33556558
33930015
34306344
34645632
34949264
35282892
35583008
35851490
36118962
36342818
36577138
36777338
36930178
36977922
37092026
37220514
37352226
37493370
37624482
37723778
37757322
37702154
37314282
36836394
36327754
35787970
35249826
34703986
34178346
33660554
33150298
32650250
32164338
31754866
31435911
31129568
30834376
30677048
30579793
30524505
30541585
30597617
30695562
30817440
30931850
31069462
31265845
31390162
31484198
31581387
31614259
31702047
31832399
31819439
31728706
31583562
31421410
31219130
31016658
30827999
30670602
30446408
30184844
29925715
29704627
29539971
29355880
29156167
28929758
28669934
28502342
28420318
28362606
28358406
28477686
28593054
28695910
28775310
28813262
28808646
28764742
28695574
28527238
28457174
28421678
28393870
28370102
28387822
28434982
28485470
28547470
28621118
28711622
28838862
29031278
29259334
29511686
29748942
29831926
29840406
29808886
29726758
29619449
29484963
29321124
29139693
28947221
28834333
28798421
28825021
28872355
28941723
28968205
28959673
28951024
28916562
28860780
28810293
28806653
28831045
28827815
28869479
28987081
29123765
29235358
29336790
29426086
29515788
29622316
29746685
29912066
30032346
30075610
30134402
30161890
30160320
30173800
30227616
30315656
30462552
30659376
30917336
31226368
31670600
32131992
32577088
33059952
33535568
33959064
34340648
34679664
34974138
35216364
35421500
35554500
35550316
35434516
35234364
34997740
34737508
34437812
34083492
33648124
33187961
32729991
32359062
32191269
32142413
32066653
32019061
31985613
31965941
31935813
31900496
31897052
31905541
32007040
32140846
32262341
32344741
32384373
32450523
32492606
32495363
32498301
32510852
32546780
32602276
32629665
32635842
32677330
32698690
32696322
32657098
32517962
32219482
31769364
31277572
30760484
30236724
29699820
29165284
28634956
28137012
27658828
27203964
26779788
26381764
26062836
25780676
25528596
25307508
25130954
25002416
24932368
24948035
25043521
25222584
25446496
25660803
25901664
26199364
26549018
26954202
27368506
27762450
28068994
28154146
28079690
27844258
27545906
27202410
26824818
26453954
26085962
25709554
25433626
25247802
25085930
24941466
24817378
24717770
24652282
24609844
24589887
24554589
24495198
24383870
24163142
23939249
23775033
23603441
23486968
23419216
23386968
23443704
23697320
24139559
24634273
25156831
25637802
26104316
26586220
27039254
27518304
28021840
28525336
29064736
29656200
30206856
30758864
31314368
31871216
32413839
32872615
33273279
33645828
34014470
34373303
34688839
35002260
35339751
35627795
35886405
36142933
36374068
36597172
36775516
36853388
36876708
36974404
37665292
38370164
39076364
39772060
40463644
41124692
41684484
42110140
42502836
42871708
43215788
43544380
43856380
44158324
