25220534
25254948
25211557
25238840
25279983
25248922
25282556
25315759
25282064
25323466
25357313
25321095
25370327
25407705
25376290
25442156
25481668
25457815
25523951
25563090
25559685
25548219
25506172
25437452
25560790
25637352
25677343
25767211
25815707
25817752
25923559
25980032
25969191
26075302
26126456
26106660
26226105
26293684
26293878
26425937
26476084
26442514
26595594
26642625
26594838
26739351
26801099
26762530
26891079
26942606
26896786
27005892
27058797
27015362
27134170
27208091
27157919
27252389
27312978
27249421
27342920
27402777
27337973
27427908
27482601
27398046
27472637
27526407
27434446
27484748
27533568
27433070
27475224
27513630
27403523
27430752
27470657
27353439
27384618
27421993
27293776
27299681
27312693
27171232
27184746
27216518
27046181
27057858
27097456
26933137
26923853
26947172
26791673
26781711
26805265
26676876
26668466
26685787
26549180
26512230
26526698
26409379
26381205
26388941
26266130
26245526
26259698
26146429
26111269
26217794
26197023
26224853
26206124
26092140
26018929
26042552
25966095
25925897
25945170
25877453
25848642
25871909
25804336
25796325
25816870
25757994
25755588
25778310
25729754
25739217
25768759
25724244
25740993
25773679
25735744
25759202
25798800
25771600
25802426
25834702
25804815
25838958
25868790
25845739
25890848
25926462
25908732
25972761
26013977
25988644
26048349
26083587
26078067
26063945
26023005
25956090
26073108
26148950
26187445
26273053
26319260
26335156
26435395
26488043
26491229
26594253
26642932
26627933
26744509
26809253
26812751
26941378
26988193
26961062
27111745
27156743
27114761
27255799
27315178
27282766
27408072
27457519
27417587
27522940
27573885
27537029
27652189
27724223
27678839
27769784
27827721
27770149
27860984
27919914
27860870
27946749
28000194
27922551
27992822
28043940
27959931
28007641
28054765
27959814
27999137
28035343
27929751
27954549
27992939
27881177
27908631
27944521
27821848
27825053
27835865
27698244
27710338
27740414
27574382
27583787
27621785
27462509
27450794
27473573
27323837
27309619
27330365
27206561
27196007
27210624
27079552
27040298
27055861
26945262
26905559
26913295
26796473
26764364
26774056
26661499
26629702
26729315
26709872
26735869
26718820
26611348
26541857
26562288
26487262
26450760
26468146
26404228
26364620
26388118
26327889
26308243
26326500
26273236
26267999
26290097
26246293
26251013
26279242
26239524
26251356
26282359
26249060
26266901
26304435
26283814
26310665
26342436
26316949
26346853
26375869
26357849
26396055
26428238
26424612
26483352
26522332
26510344
26567544
26607326
26600511
26584869
26544841
26480939
26591237
26663528
26700343
26783248
26831359
26846103
26943042
26994810
27010636
27107285
27152468
27150672
27263821
27326040
27334745
27459341
27503699
27483511
27629699
27672777
27637632
27774113
27831412
27805157
27926263
27973135
27939731
28041004
28089453
28059380
28170169
28239347
28199682
28287503
28342865
28290582
28377664
28434641
28382509
28463313
28514690
28445404
28513083
28563021
28483965
28528386
28573222
28484079
28519898
28553941
28453629
28474683
28509694
28402760
28428006
28462661
28345784
28344858
28354918
28223128
28230603
28258356
28098043
28104728
28140806
27987770
27973175
27994118
27849671
27832988
27851826
27732795
27719721
27732538
27607013
27565260
27579367
27473728
27430552
27438199
27327537
27287441
27297877
27193339
27148777
27242778
27225327
27250796
27234239
27132815
27066932
27088723
27020633
26987974
27003755
26943462
26908498
26931776
26875267
26842153
26860641
26815077
26796816
26816539
26779314
26779778
26806188
26770873
26779180
26808264
26779753
26793625
26829959
26814378
26836973
26867379
26846612
26873436
26900937
26888197
26923323
26953045
26955052
27009576
27045316
27042800
27093901
27130515
27138604
27121554
27083099
27021885
27126738
27196026
27231438
27307694
27352373
27365437
27458701
27510348
27524749
27617138
27660434
27673086
27780715
27839238
27861632
27982939
28025454
28011922
28154033
28195428
28165728
28297888
28352767
28331965
28449646
28494070
28466917
28564615
28610741
28585465
28692393
28758919
28723879
28809036
28862238
28814260
28898422
28953682
28906830
28983487
29032489
28970146
29034956
29082734
29008718
29050422
29093053
29009199
29041514
29073638
28978513
28994639
29028730
28927748
28946686
28979308
28866919
28863365
28871392
28744187
28748626
28774102
28619594
28622919
28657632
28511073
28492734
28511949
28372127
28352852
28369695
28255784
28239665
28249485
28128481
28084895
28096713
27995562
27948561
27957183
27853049
27800809
27808065
27707787
27656825
27743511
27726060
27749064
27733200
27637712
27575357
27595115
27531649
27500189
27517603
27465703
27433339
27454697
27405228
27375939
27393107
27351458
27321290
27342533
27311564
27300620
27325546
27295274
27298646
27325925
27304070
27313505
27348859
27338543
27356701
27385679
27370357
27395381
27421742
27413250
27446825
27475812
27484584
27532673
27565174
27576839
27625840
27661494
27677983
27663369
27628418
27572396
27671516
27737460
27771549
27845050
27888361
27901977
27988761
28036820
28049458
28137986
28180677
28191624
28295918
28353154
28389488
28504690
28543628
28543544
28681859
28721335
28697779
28825619
28877586
28862949
28976985
29018984
28998431
29092097
29135946
29115550
29218926
29283164
29252051
29333288
29383677
29341246
29421952
29474812
29433003
29506867
29553625
29496001
29557643
29602694
29533718
29572830
29613000
29533754
29563149
29593522
29503428
29515298
29547184
29451123
29466461
29497568
29390299
29383445
29390599
29268839
29268899
29292456
29143319
29143355
29176068
29035314
29014442
29031677
28896391
28874753
28889181
28780641
28761187
28771167
28656983
28603677
28616944
28522768
28468500
28470322
28365323
28308463
28314696
28218498
28171379
28253346
28238023
28259194
28243415
28153527
28094241
28113714
28055768
28026683
28041766
27994941
27964337
27987558
27945577
27919651
27934530
27896796
27868861
27889244
