24791013
24692450
24593630
24496157
24398966
24302448
24208189
24109528
24013261
23917101
23817449
23718201
23618314
23519319
23421696
23318201
23215020
23122046
23028172
22935783
22844603
22752203
22654451
22554474
22451309
22346904
22241554
22134370
22026572
21918126
21812532
21711758
21612970
21515617
21417686
21319996
21221465
21122197
21023283
20927222
20830668
20738376
20649334
20562503
20475937
20386555
20293476
20201089
20109340
20019046
19927910
19835877
19744627
19656479
19571778
19493184
19416106
19338738
19261184
19185073
19110967
19038290
18967409
18898625
18832290
18767866
18705498
18646910
18591954
18536058
18477321
18417959
18356034
18296709
18238807
18183440
18129905
18078334
18031749
17991652
17952310
17914493
17880005
17847932
17815584
17783776
17755477
17732808
17714810
17698538
17683902
17665043
17648092
17630418
17611228
17590705
17564264
17536692
17508053
17478612
17449279
17420431
17395942
17376177
17356434
17337881
17319787
17301672
17285188
17270454
17256150
17242910
17228116
17223009
17218915
17216189
17214413
17211268
17205182
17198264
17187389
17176353
17163577
17149546
17135809
17123324
17112637
17106986
17104290
17099222
17095649
17092042
17088544
17085149
17077440
17069681
17061553
17057958
17048393
17037482
17025194
17012132
16999808
16988155
16973745
16958256
16942379
16930969
16918212
16905579
16891841
16878920
16867418
16856466
16847655
16842984
16842398
16845893
16855916
16869165
16882862
16897516
16911033
16926384
16947619
16974998
17012679
17057988
17100966
17147329
17204878
17265347
17330953
17406643
17484253
17563722
17644240
17722913
17802908
17884403
17970993
18061894
18161235
18264863
18370753
18475736
18580520
18684885
18789822
18894647
18997476
19098486
19205171
19321441
19451888
19584492
19719485
19851994
19982250
20111578
20241748
20367664
20495511
20627979
20762130
20897644
21034626
21179147
21327585
21477079
21626837
21774065
21918407
22063145
22208802
22352300
22491617
22632995
22779847
22923320
23064488
23204191
23344569
23482992
23622990
23758944
23893442
24027435
24162223
24296148
24433513
24580040
24726619
24879737
25036865
25196637
25360813
25523002
25685791
25845559
26001519
26154979
26306936
26457820
26608825
26756347
26902027
27047351
27197318
27349606
27508573
27675509
27848849
28024681
28201884
28382337
28562222
28741493
28920625
29099502
29278549
29457252
29637650
29819598
30005209
30192347
30385516
30578787
30772764
30968553
31165777
31371144
31581645
31791194
32000350
32221218
32450842
32680270
32908783
33137108
33364026
33589873
33822272
34065534
34310353
34554030
34795373
35039797
35284677
35530018
35787680
36050341
36316397
36578794
36827958
37067918
37304927
37541009
37775132
38009953
38245553
38477512
38704986
38922851
39136516
39347813
39556524
39754574
39952117
40145316
40330257
40513258
40692701
40872815
41055181
41235488
41412858
41558771
41674529
41725207
41701204
41681297
41661030
41644908
41637963
41622390
41610883
41599616
41626208
41712400
41841019
41984756
42125210
42264011
42402801
42529188
42647722
42733383
42824555
42921920
43037493
43164599
43287353
43408750
43519599
43619987
43713166
43802359
43891721
43983708
44081176
44182957
44280483
44373825
44458581
44531519
44603201
44673398
44744775
44813874
44886641
44957981
45033258
45103991
45170270
45232009
45293593
45352553
45405416
45460026
45514977
45567199
45619555
45664789
45705328
45745006
45780452
45815388
45852181
45889103
45926823
45963490
46003187
46044322
46086144
46125717
46164724
46196110
46220732
46240874
46256596
46261580
46261836
46261342
46262818
46264876
46270145
46276618
46284533
46289655
46295462
46294855
46294258
46289184
46286746
46286882
46285264
46281684
46276004
46268502
46262563
46252008
46236450
46211500
46180666
46148882
46116598
46081277
46046053
46003069
45950073
45893995
45839810
45786561
45732459
45676336
45620930
45554160
45484070
45407310
45327707
45255603
45190634
45125144
45058604
44990735
44926600
44859735
44794584
44726727
44660133
44585762
44511935
44436450
44362829
44286973
44205234
44116869
44023981
43932480
43839554
43746998
43657742
43568039
43498037
43446690
43451007
43527439
43598023
43669788
43738949
43795313
43849597
43895821
43943738
43954470
43896561
43782058
43629879
43476398
43324813
43172703
43031652
42897559
42796105
42689123
42573497
42434152
42280356
42127349
41973327
41824984
41682965
41547387
41414921
41276635
41135823
40985814
40826334
40666948
40507691
40352683
40202262
40055577
39911935
39768671
39627229
39482535
39338321
39190522
39050154
38913129
38781295
38649692
38517748
38384388
38250453
38112046
37973314
37832998
37696980
37566950
37436814
37309620
37182922
37055397
36929144
36802735
36677465
36551044
36424070
36298066
36172072
36045893
35921584
35796302
35672013
35552701
35454948
35362049
35271030
35179263
35088240
34995804
34904992
34814697
34734604
34652937
34570883
34486391
34400625
34311887
34232529
34157753
34085550
34011525
33937290
33867489
33810699
33752914
33698513
33650526
33605952
33565816
33539538
33514495
33490631
33467184
33446167
33428528
33423199
33416815
33413582
33408768
33402521
33398473
33407567
33417497
33429422
33438349
33451004
33470615
33497249
33526522
33559723
33591528
33623805
33653854
33685295
33716992
33748595
33778242
33808328
33843862
33885421
33932395
33980575
34028581
34076499
34121601
34168919
34223110
34285647
34350702
34418287
34486459
34554696
34622103
34693595
34775239
34853401
34925209
34993894
35060413
35130831
35211056
35294019
35372467
35452428
35534970
35615638
35688573
35757611
35827662
35897665
35965959
36035645
36109527
36179435
36237066
36292990
36349211
36413584
36479182
36547339
36618089
36690459
36759815
36825259
36887291
36947750
37007712
37066674
37125428
37185356
37244344
37305467
37365796
37427161
37487289
37547989
37608996
37670582
37732120
37793560
37853878
37914227
37974873
38037225
38099055
38162471
38229752
38304848
38385596
38464989
38544721
38625152
38704004
38786055
38868800
38953975
39048314
39144162
39238126
39329014
39408826
39491736
39580453
39676105
39770460
39866610
39961816
40055259
40145932
40244194
40340813
40438137
40533972
40632397
40726860
40822423
40916549
41013428
41113721
41222055
41317904
41413682
41509496
41607842
41715680
41824300
41921260
42018163
42115542
42226207
42336434
42443805
42540232
42637568
42738576
42847624
42957131
43060853
43153260
43248290
43352559
43462470
43573782
43682050
43785327
43884237
43985660
44095663
44207232
44317764
44428646
44540764
44662452
44788402
44919224
45045426
45171155
45302600
45440585
45582699
45724484
45866751
46008766
46150096
46296051
46453400
46611297
46769276
46926886
47085688
47249325
47423533
47605636
47792755
47981837
48173500
48370723
48577340
48784350
48993126
49201277
49408716
49620238
49845082
50085087
50323567
50562478
50802307
51040954
51277091
51517725
51770448
52024975
52279297
52533065
52786866
53040569
53294795
53549940
53809396
54074563
54343352
54612968
54882379
