127
127
127
127
127
127
127
67
35
19
21
29
39
35
19
13
31
27
23
31
35
37
35
37
31
39
47
35
35
37
27
37
41
59
55
35
55
33
47
21
11
25
29
35
37
29
39
29
29
31
39
43
49
49
39
37
41
35
37
43
45
127
127
127
127
127
127
127
63
35
21
23
27
37
31
21
15
17
27
35
35
27
23
29
41
37
15
41
49
45
47
33
37
35
33
3
37
13
35
47
23
37
65
51
39
41
59
51
51
37
43
55
67
69
65
45
35
39
33
35
43
47
127
127
127
127
127
127
121
61
37
23
29
29
33
31
21
19
27
25
23
19
19
15
23
29
19
61
31
35
55
43
59
49
45
47
-38
-62
13
39
45
65
37
43
57
43
37
41
29
15
25
27
27
35
45
45
41
35
31
27
35
55
71
127
127
127
127
127
127
91
57
37
29
29
29
31
25
23
23
27
21
23
17
25
23
25
27
49
43
63
65
71
97
93
69
53
15
-32
-22
-26
57
51
65
71
33
65
55
47
29
41
31
45
37
29
31
39
49
55
53
39
29
25
25
23
127
127
127
127
127
127
67
55
37
31
31
29
27
23
29
27
13
13
35
29
43
39
53
59
67
93
69
127
127
127
117
101
99
7
17
-18
9
127
127
115
101
79
87
81
69
47
39
41
37
31
23
23
25
27
29
23
27
25
23
25
27
127
127
127
127
127
127
57
49
37
31
29
25
23
25
31
31
41
27
33
33
71
81
105
105
121
113
127
127
127
127
127
127
127
23
-14
27
-8
127
127
127
127
127
127
109
91
81
39
55
45
37
29
23
21
23
23
25
29
31
35
35
33
127
127
127
127
127
115
55
41
33
29
25
23
21
23
31
37
47
33
61
95
127
127
127
127
127
127
127
127
127
127
127
127
127
25
-2
19
61
117
127
127
127
127
127
127
127
127
95
47
57
47
31
17
11
13
23
33
25
27
27
29
27
127
127
127
127
127
69
47
27
29
27
23
23
25
27
39
43
65
75
121
127
127
127
127
127
127
127
127
127
127
127
127
127
93
41
51
11
83
127
127
127
127
127
127
127
127
127
127
115
79
69
51
33
19
13
21
27
37
37
31
23
23
127
127
127
127
127
57
43
29
27
19
19
29
15
31
57
57
91
127
127
127
127
127
127
127
127
127
127
127
127
127
127
127
111
127
127
127
127
127
127
127
127
127
127
127
127
127
127
127
127
87
45
47
27
13
13
23
35
37
35
31
29
127
127
127
127
123
57
29
23
33
19
39
3
35
53
47
109
127
127
127
127
127
127
127
127
127
127
127
127
127
127
127
127
127
127
127
127
127
127
127
127
127
127
127
127
127
127
127
127
127
127
93
41
29
13
27
31
35
37
37
33
29
127
127
127
127
71
53
29
21
13
37
21
39
39
61
95
127
127
127
127
127
127
127
127
127
127
127
127
127
127
127
127
127
127
127
127
127
127
127
127
127
127
127
127
127
127
127
127
127
127
127
127
79
43
43
17
35
35
35
35
33
27
127
127
127
127
59
41
33
21
15
27
41
39
71
101
127
127
127
127
127
127
127
127
127
127
127
127
127
127
127
127
127
127
127
127
127
127
127
127
127
127
127
127
127
127
127
127
127
127
127
127
127
127
93
45
45
31
35
33
33
31
25
127
127
127
95
63
31
33
23
35
33
45
51
99
127
127
127
127
127
127
127
127
127
127
127
127
127
127
127
127
127
127
127
127
127
127
127
127
127
127
127
127
127
127
127
127
127
127
127
127
127
127
127
123
85
59
39
33
27
25
21
21
127
127
127
65
59
41
29
31
39
31
57
89
127
127
127
127
127
127
127
127
127
127
127
127
127
127
127
127
127
127
127
127
127
127
127
127
127
127
127
127
127
127
127
127
127
127
127
127
127
127
127
127
127
123
67
45
31
21
19
19
21
127
127
127
59
45
45
37
43
29
49
81
127
127
127
127
127
127
127
127
127
127
127
127
127
127
127
127
127
127
127
127
127
127
127
127
127
127
127
127
127
127
127
127
127
127
127
127
127
127
127
127
127
127
127
101
49
31
17
13
17
25
127
127
83
53
29
35
45
53
61
55
127
127
127
127
127
127
127
127
127
127
127
127
127
127
127
127
127
127
127
127
127
127
127
127
127
127
127
127
127
127
127
127
127
127
127
127
127
127
127
127
127
127
127
127
127
65
47
31
21
19
25
127
127
69
61
33
43
45
91
95
127
127
127
127
127
127
127
127
127
127
127
127
127
127
127
127
127
127
127
127
127
127
127
127
127
127
127
127
127
127
127
127
127
127
127
127
127
127
127
127
127
127
127
127
127
127
127
95
67
43
41
33
127
97
57
45
31
41
83
91
127
127
127
127
127
127
127
127
127
127
127
127
127
127
127
127
127
127
127
127
127
127
127
127
127
127
127
127
127
127
127
127
127
127
127
127
127
127
127
127
127
127
127
127
127
127
127
127
127
93
81
41
33
127
65
45
51
55
59
87
127
127
127
127
127
127
127
127
127
127
127
127
127
127
127
127
127
127
127
127
127
127
127
127
127
127
127
127
127
127
127
127
127
127
127
127
127
127
127
127
127
127
127
127
127
127
127
127
127
127
127
85
53
31
75
101
83
75
81
69
113
127
127
127
127
127
127
127
127
127
127
127
127
127
127
127
127
127
127
127
127
127
127
127
127
127
127
127
127
127
127
127
127
127
127
127
127
127
111
127
127
127
127
127
127
127
127
127
127
127
127
127
83
77
39
51
45
57
45
61
79
127
127
127
127
127
127
127
127
127
127
127
127
127
127
127
127
127
127
127
127
127
127
127
127
127
127
127
127
127
127
127
127
127
127
127
127
127
75
59
77
127
127
127
127
127
127
127
127
127
127
127
127
121
85
49
79
47
51
59
65
127
127
127
127
127
127
127
127
127
127
127
127
127
127
127
127
127
127
127
127
127
127
127
127
127
127
127
127
127
127
127
127
127
127
127
127
127
95
101
105
65
67
127
127
127
127
127
127
127
127
127
127
127
127
77
55
39
35
35
61
91
127
127
127
127
127
127
127
127
127
127
127
127
127
83
81
127
127
127
127
127
127
127
127
127
127
127
127
127
127
127
127
127
127
127
127
127
97
127
127
127
127
49
71
127
127
127
127
127
127
127
127
127
127
127
109
61
59
37
71
67
127
127
127
127
127
127
127
127
127
127
127
127
127
89
73
55
115
127
127
127
127
127
127
127
127
75
127
127
127
127
127
127
127
127
127
127
119
103
127
127
127
127
85
93
127
127
127
127
127
127
127
127
127
127
127
127
75
31
53
51
79
127
127
127
127
127
127
127
127
127
127
127
127
127
127
127
119
71
127
127
127
127
127
127
127
127
53
127
127
127
127
127
127
127
127
127
127
127
127
127
127
127
127
127
127
127
127
127
127
127
127
127
127
127
127
127
127
85
45
61
71
111
127
127
127
127
127
127
127
127
127
127
127
115
127
127
127
127
97
125
127
127
127
127
127
127
71
69
69
127
127
127
127
127
127
127
127
127
127
127
127
127
127
127
127
127
127
127
127
127
127
127
127
127
127
127
127
127
93
27
37
71
127
127
127
127
127
127
127
127
127
127
127
127
127
127
127
127
127
127
127
127
127
127
127
127
127
57
59
63
127
127
127
127
127
127
127
127
127
127
127
127
127
127
127
127
127
127
127
127
127
127
127
127
127
127
127
127
127
95
27
41
71
127
127
127
127
127
127
127
127
127
127
127
127
127
127
127
127
127
127
127
127
127
127
127
127
127
71
67
79
127
127
127
127
127
127
127
127
127
127
127
127
127
127
127
127
127
127
127
127
127
127
127
127
127
127
127
127
127
95
37
53
79
127
127
127
127
127
127
127
127
127
127
127
127
127
127
127
127
127
127
127
127
127
127
127
127
127
127
127
127
127
127
127
127
127
127
127
127
127
127
127
127
127
127
127
127
127
127
127
127
127
127
127
127
127
127
127
127
127
93
27
51
81
127
127
127
127
127
127
127
127
127
127
127
127
127
127
127
127
127
127
127
127
127
127
127
127
127
127
127
127
127
127
127
127
127
127
127
127
127
127
127
127
127
127
127
127
127
127
127
127
127
127
127
127
127
127
127
127
127
87
35
57
93
127
127
127
127
127
127
127
127
127
127
127
127
127
127
127
127
127
127
127
127
127
127
127
127
127
127
127
127
127
127
127
127
127
127
127
127
127
127
127
127
127
127
127
127
127
127
127
127
127
127
127
127
127
127
127
127
127
85
39
57
105
127
127
127
127
127
127
127
127
127
127
127
127
127
127
127
127
127
127
127
127
127
127
127
127
127
127
127
127
127
127
127
127
127
127
127
127
127
127
127
127
127
127
127
127
127
127
127
127
127
127
127
127
127
127
127
127
127
91
49
61
111
127
127
127
127
127
127
127
127
127
127
127
127
127
127
127
127
127
127
127
127
127
127
127
127
127
127
127
127
127
127
127
127
127
127
127
127
127
127
127
127
127
127
127
127
127
127
127
127
127
127
127
127
127
127
127
127
127
93
51
59
101
127
127
127
127
127
127
127
127
127
127
127
127
61
53
53
89
127
127
127
127
127
127
127
127
127
127
127
127
127
127
127
127
127
127
127
127
127
127
127
127
127
127
127
97
127
127
127
127
127
127
127
127
127
127
127
127
127
89
45
49
91
127
127
127
127
127
127
127
127
127
127
127
55
27
17
39
47
127
127
127
127
127
77
103
127
127
127
127
127
127
87
89
127
127
127
127
127
127
127
127
127
127
127
127
31
73
127
127
127
127
127
127
127
127
127
127
127
127
81
39
49
89
127
127
127
127
127
127
127
127
127
127
71
17
23
1
35
83
127
127
127
127
127
33
45
127
127
127
127
127
127
85
51
127
127
127
127
127
81
117
127
127
127
127
123
53
19
109
127
127
127
127
127
127
127
127
127
127
127
77
37
51
91
127
127
127
127
127
127
127
127
127
127
33
3
-18
-6
-10
25
127
127
127
127
101
27
37
87
111
115
123
75
65
27
15
95
99
65
45
35
39
25
37
43
43
27
11
-2
13
49
127
127
127
127
127
127
127
127
127
127
127
71
35
55
91
127
127
127
127
127
127
127
127
127
117
27
-8
-30
-26
3
19
33
29
61
95
5
-8
13
17
31
17
23
9
-2
-4
3
11
11
23
35
29
25
25
23
23
25
-10
13
-24
-4
41
127
127
127
127
127
127
127
127
127
127
127
65
43
65
91
127
127
127
127
127
127
127
127
127
53
-2
-10
-16
-26
-16
-6
31
7
1
3
3
9
-2
-12
3
1
-8
-4
-2
-18
1
-4
-18
-4
-4
3
-2
-2
5
-14
-2
-4
-18
-8
-4
39
127
127
127
127
127
127
127
127
127
127
127
57
49
71
89
127
127
127
127
127
127
127
127
127
35
5
-18
-30
-26
-12
-20
-10
-4
5
-12
-14
1
-4
-2
-16
-14
-20
-10
-12
-14
-22
-16
-28
-6
-20
-6
-10
-2
-10
-16
1
-12
-24
-4
15
35
127
127
127
127
127
127
127
127
127
127
109
51
49
77
79
127
127
127
127
127
127
127
127
127
31
5
-12
-20
-28
1
-12
-6
-14
-6
-8
1
-8
1
5
-18
-24
-8
-2
-10
-6
-6
-24
3
-20
-12
-10
-24
-16
-4
-10
17
7
23
3
25
51
127
127
127
127
127
127
127
127
127
127
79
37
43
59
73
119
127
127
127
127
127
127
127
127
47
17
3
-2
-10
-6
11
17
13
-2
3
-8
19
5
9
15
5
-16
11
21
-2
7
3
-2
-4
-10
5
-4
-4
1
13
23
21
31
127
127
85
127
127
127
127
127
127
127
127
127
127
69
39
35
41
63
93
127
127
127
127
127
127
127
127
51
29
15
-12
15
15
41
33
23
19
9
23
29
57
71
127
71
19
17
23
37
31
15
5
13
-8
1
9
23
33
21
39
109
127
127
127
127
127
127
127
127
127
127
127
127
127
125
59
39
39
37
57
79
127
127
127
127
127
127
127
127
127
57
21
31
41
127
127
127
127
127
35
67
127
127
127
127
111
37
127
127
127
127
127
45
15
59
127
127
127
127
63
61
127
127
127
127
127
127
127
127
127
127
127
127
127
127
79
51
37
33
37
47
77
127
127
127
127
127
127
127
127
127
127
59
59
65
127
127
127
127
127
61
127
127
127
127
127
127
53
127
127
127
127
127
43
31
95
127
127
127
127
127
63
127
127
127
127
127
127
127
127
127
127
127
127
127
127
61
47
35
29
41
43
83
127
127
127
127
127
127
127
127
127
127
127
127
115
127
127
127
127
127
91
127
127
127
127
127
127
81
127
127
127
127
127
57
65
115
127
127
127
127
127
81
89
127
127
127
127
127
127
127
127
127
127
127
127
93
59
47
37
35
47
51
77
101
127
127
127
127
127
127
127
127
127
127
127
127
127
127
127
127
127
127
127
127
127
127
127
127
127
127
127
127
127
127
87
75
127
127
127
127
127
127
127
127
127
127
127
127
127
127
127
127
127
127
127
127
55
43
39
41
39
45
49
61
81
127
127
127
127
127
127
127
127
127
127
127
127
127
127
127
127
127
127
127
127
127
127
127
127
127
127
127
127
127
127
127
127
127
127
127
127
127
127
127
127
127
127
127
127
127
127
127
127
127
127
127
87
49
33
31
33
33
19
49
85
105
127
127
127
127
127
127
127
127
127
127
127
127
127
127
127
127
127
127
127
127
127
127
127
127
127
127
127
127
127
127
127
127
127
127
127
127
127
127
127
127
127
127
127
127
127
127
127
127
127
127
127
99
73
49
27
25
41
25
29
45
53
107
127
127
127
127
127
127
127
127
127
127
127
127
127
127
127
127
127
127
127
127
127
127
127
127
127
127
127
127
127
127
127
127
127
127
127
127
127
127
127
127
127
127
127
127
127
127
127
127
127
89
75
47
31
33
53
47
65
83
81
55
69
127
127
127
127
127
127
127
127
127
127
127
127
127
127
127
127
127
127
127
127
127
127
127
127
127
127
127
127
127
127
127
127
127
127
127
127
127
127
127
127
127
127
127
127
127
127
127
127
89
71
67
49
39
21
17
45
43
31
31
41
55
99
127
127
127
127
127
127
127
127
127
127
127
127
127
127
127
127
127
127
127
127
127
127
127
127
127
127
127
127
127
127
127
127
127
127
127
127
127
127
127
127
127
127
127
127
127
127
113
87
69
47
55
65
55
37
57
53
37
49
77
75
77
99
127
127
127
127
127
127
127
127
127
127
127
127
127
127
127
127
127
127
127
127
127
127
127
127
127
127
127
127
127
127
127
127
127
127
127
127
127
127
127
127
127
127
127
127
101
37
55
31
29
27
33
35
35
51
51
31
23
33
35
37
59
83
127
127
127
127
127
127
127
127
127
127
127
127
127
127
127
127
127
127
127
127
127
127
127
127
127
127
127
127
127
127
127
127
127
127
127
127
127
127
127
127
127
127
101
59
81
65
65
49
37
29
31
37
39
43
35
45
69
81
67
53
45
71
77
81
107
127
127
127
127
127
127
127
127
127
127
127
127
127
127
127
127
127
127
127
127
127
127
127
127
127
127
127
127
127
127
127
127
127
127
127
127
127
91
71
43
33
29
5
21
29
41
51
49
31
39
35
27
39
59
67
61
35
45
63
77
69
97
127
127
127
127
127
127
127
127
127
127
127
127
127
127
127
127
127
127
127
127
127
127
127
127
127
127
127
127
127
127
127
127
127
127
127
63
81
87
61
39
27
29
33
33
37
39
39
33
33
35
37
41
43
43
37
53
55
39
29
65
87
123
127
127
127
127
127
127
127
127
127
127
127
127
127
127
127
127
127
127
127
127
127
127
127
127
127
127
127
127
127
127
127
127
97
115
91
69
51
39
33
31
29
33
35
37
37
37
39
35
35
33
37
41
41
39
33
33
25
21
53
67
59
91
127
127
127
127
127
127
127
127
127
127
127
127
127
127
127
127
127
127
127
127
127
127
127
127
127
127
103
123
123
87
89
101
55
41
35
33
33
39
39
41
39
37
37
35
33
47
41
35
31
29
31
39
39
33
33
33
35
61
77
59
61
83
73
119
91
77
103
113
127
127
127
127
127
127
127
127
127
127
127
127
127
127
127
127
127
127
89
79
93
81
45
43
49
29
23
21
29
41
45
45
45
43
37
35
31
33
51
47
39
31
27
29
37
41
35
27
27
23
27
35
35
39
39
43
53
85
109
99
89
81
95
103
85
127
127
127
127
127
127
127
127
127
127
127
115
107
93
71
87
69
57
39
37
21
25
19
27
33
47
49
51
45
45
37
35
31
31
