127
127
127
127
23
-2
-20
-28
-66
-44
-70
-86
-52
-32
-36
-30
-40
-44
-34
-32
-48
-24
93
127
127
69
9
-18
-26
-30
-30
-34
-56
-62
-22
7
15
127
127
127
127
127
127
127
127
127
127
127
127
127
127
127
127
127
127
127
127
127
127
127
127
127
127
127
127
127
127
127
127
127
127
127
1
-28
-30
-44
-76
-50
-24
-52
-40
-16
-40
-50
-44
-34
-28
-24
-12
17
47
-30
-34
-34
-34
-42
-44
-28
-16
-42
-34
-24
-20
127
127
127
127
127
127
127
127
127
127
127
127
127
127
127
127
127
127
127
127
127
127
127
127
127
127
127
127
127
127
127
127
127
127
127
127
127
5
-10
-32
-34
-46
-44
-30
-28
-30
-20
-38
-26
-36
-50
-42
-16
-28
-58
-36
-32
-32
-36
-32
-30
-34
-36
-30
-30
-36
127
127
127
127
127
127
127
127
127
127
127
127
127
127
127
127
127
127
127
127
127
127
127
127
127
127
127
127
127
127
127
127
127
127
127
127
127
127
127
53
-24
5
-26
-52
-32
-32
-42
-14
-38
-22
-32
-60
-56
-28
-24
-42
-28
-26
-50
-58
-34
-14
-20
-22
-14
-38
127
127
127
127
127
127
127
127
127
127
127
127
127
127
127
127
127
127
127
127
127
127
127
127
127
127
127
127
127
127
127
127
127
127
127
127
127
127
127
127
127
71
9
-6
-12
-46
-48
-28
-50
-60
-44
-32
-36
-40
-40
-34
-34
-52
-32
-40
-40
-24
-20
-24
-2
11
127
127
127
127
127
127
127
127
127
127
127
127
127
127
127
127
127
127
127
127
127
127
127
127
127
127
127
127
127
127
127
127
127
127
127
127
127
127
127
127
127
127
127
109
-2
-24
-24
-36
-48
-52
-42
-48
-48
-36
-40
-54
-56
-48
-52
-30
-32
-20
3
-28
-50
-14
127
127
127
127
127
127
127
127
127
127
127
127
127
127
127
127
127
127
127
127
127
127
127
127
127
127
127
127
127
127
127
127
127
127
127
127
127
127
127
127
127
127
127
127
127
103
-4
-6
-36
-68
-44
-18
-36
-50
-52
-54
-62
-58
-54
-80
-62
-70
-46
-12
-26
-2
91
127
127
127
127
127
127
127
127
127
127
127
127
127
127
127
127
127
127
127
127
127
127
127
127
127
127
127
127
127
127
127
127
127
127
127
127
127
127
127
127
127
127
127
127
127
127
121
-42
-74
-48
-66
-26
-24
-28
-36
-46
-54
-54
-48
-60
-36
-44
-40
-28
-24
91
127
127
127
127
127
127
127
127
127
127
127
127
127
127
127
127
127
127
127
127
127
127
127
127
127
127
127
127
127
127
127
127
127
127
127
127
127
127
127
127
127
127
127
127
127
127
127
35
-36
-32
-42
-58
-12
-28
-50
-46
-64
-34
-54
-42
-62
-32
-52
-48
-14
-28
35
127
127
127
127
127
127
127
127
127
127
127
127
127
127
127
127
127
127
127
127
127
127
127
127
127
127
127
127
127
127
127
127
127
127
127
127
127
127
127
127
127
127
127
127
127
127
43
-20
-30
-50
-58
-30
-48
-34
-38
-34
-54
-26
-42
-36
-46
-30
-60
-56
-10
-24
-34
21
127
127
127
127
127
127
127
127
127
127
127
127
127
127
127
127
127
127
127
127
127
127
127
127
127
127
127
127
127
127
127
127
127
127
127
127
127
127
127
127
127
127
127
127
49
-28
-36
-38
-44
-42
-32
-58
-30
-32
-38
-62
-46
-56
-62
-72
-28
-26
-44
-40
-32
-24
-2
57
127
127
127
127
127
127
127
127
127
127
127
127
127
127
127
127
127
127
127
127
127
127
127
127
127
127
127
127
127
127
127
127
127
127
127
127
127
127
127
127
127
115
1
-14
-8
-20
-46
-34
-20
-42
-58
-26
-30
-34
-34
-16
-2
-12
-50
-36
-36
-50
-46
-14
-2
-12
7
-14
127
127
127
127
127
127
127
127
127
127
127
127
127
127
127
127
127
127
127
127
127
127
127
127
127
127
127
127
127
127
127
127
127
127
127
127
127
127
127
71
-20
-12
-40
-38
-24
-44
-44
-22
-26
-48
-24
-30
-28
-16
-18
11
-16
-16
-16
-12
-16
-18
-12
-16
-48
1
-4
-4
127
127
127
127
127
127
127
127
127
127
127
127
127
127
127
127
127
127
127
127
127
127
127
127
127
127
127
127
127
127
127
127
127
127
127
127
127
21
-28
-16
-22
-42
-48
-48
-58
-58
-40
-30
-46
-24
-32
-26
-20
-46
5
-4
-20
-20
-16
-16
-24
-28
-26
-26
-6
-8
-36
9
127
127
127
127
127
127
127
127
127
127
127
127
127
127
127
127
127
127
127
127
127
127
127
127
127
127
127
127
127
127
127
127
127
127
127
3
-38
-26
-18
-66
-34
-36
-60
-60
-46
-42
-42
-60
-38
-40
-20
-2
-16
109
127
97
59
1
-32
-28
-20
-30
-40
-22
-70
-14
-8
13
127
127
127
127
127
127
127
127
127
127
127
127
127
127
127
127
127
127
127
127
127
127
127
127
127
127
127
127
127
127
127
127
127
51
-8
-16
-30
-50
-54
-42
-64
-72
-42
-34
-36
-24
-56
-40
-46
-32
-24
-20
127
127
127
127
127
85
3
-38
-46
-30
-36
-48
-44
-6
-8
33
127
127
127
127
127
127
127
127
127
127
127
127
127
127
127
127
127
127
127
127
127
127
127
127
127
127
127
127
127
127
97
-46
-66
-40
-34
-32
-16
-32
15
-10
-38
-14
-36
-52
-30
-32
-36
-40
-16
-20
19
127
127
127
127
127
127
127
127
95
13
-34
-56
-46
-12
-22
-44
15
107
127
127
127
127
127
127
127
127
127
127
127
127
127
127
127
127
127
127
127
127
127
127
127
127
127
127
127
49
-8
-38
-12
7
-12
-18
-6
-2
1
-32
-2
63
45
-46
-48
-32
-36
-36
-14
-22
43
127
127
127
127
127
127
127
127
127
127
127
69
-24
-46
-34
-18
-8
3
127
127
127
127
127
127
127
127
127
127
127
127
127
127
127
127
127
127
127
127
127
127
127
127
127
127
127
-18
-26
-24
-8
-8
-14
1
23
83
127
127
127
127
127
-50
-42
-32
-36
-28
-14
-30
85
127
127
127
127
127
127
127
127
127
127
127
127
127
127
25
-18
-14
-2
29
127
127
127
127
127
127
127
127
127
127
127
127
127
127
127
127
127
127
127
127
127
127
127
127
127
127
17
-2
-24
-14
37
119
127
127
127
127
127
127
127
127
-8
-14
-34
-34
-24
-14
-30
127
127
127
127
127
127
127
127
127
127
127
127
127
127
127
127
127
127
43
11
5
127
127
127
127
127
127
127
127
127
127
127
127
127
127
127
127
127
127
127
127
127
127
127
127
127
63
101
127
127
127
127
127
127
127
127
127
127
127
127
35
-52
-32
-30
-24
-12
-20
127
127
127
127
127
127
127
127
127
127
127
127
127
127
127
127
127
127
127
127
125
87
127
127
127
127
127
127
127
127
127
127
127
127
127
127
127
127
127
127
127
127
127
127
127
127
127
127
127
127
127
127
127
127
127
127
127
127
127
127
127
27
-30
-24
-32
-16
-2
127
127
127
127
127
127
127
127
127
127
127
127
127
127
127
127
127
127
127
127
127
127
127
127
127
127
127
127
127
127
127
127
127
127
127
127
127
127
127
127
127
127
127
127
127
127
127
127
127
127
127
127
127
127
127
127
127
127
127
127
127
25
-28
-18
-40
-18
17
127
127
127
127
127
127
127
127
127
127
127
127
127
127
127
127
127
127
127
127
127
127
127
127
127
127
127
127
127
127
127
127
127
127
127
127
127
127
127
127
127
127
127
127
127
127
127
127
127
127
127
127
127
127
127
127
127
127
127
127
127
37
-28
-14
-44
-16
33
127
127
127
127
127
127
127
127
127
127
127
127
127
127
127
127
127
127
127
127
127
127
127
127
127
127
127
127
127
127
127
127
127
127
127
127
127
127
127
127
127
127
127
127
127
127
127
127
127
127
127
127
127
127
127
127
127
127
127
127
127
85
-30
-38
-16
-20
127
127
127
127
127
127
127
127
127
127
127
127
127
127
127
127
127
127
127
127
127
127
127
127
127
127
127
127
127
127
127
127
127
127
127
127
127
127
127
127
127
127
127
127
127
127
127
127
127
127
127
127
127
127
127
127
127
127
127
127
127
127
127
-36
-40
-16
-22
127
127
127
127
127
127
127
127
127
127
127
127
127
127
127
127
127
127
127
127
127
127
127
127
127
127
127
127
127
127
127
127
127
127
127
127
127
127
127
127
127
127
127
127
127
127
127
127
127
127
127
127
127
127
127
127
127
127
127
127
127
127
127
-38
-36
-20
-18
127
127
127
127
127
127
127
127
127
127
127
127
127
127
127
127
127
127
127
127
127
127
127
127
127
127
127
127
127
127
127
127
109
47
121
127
127
127
127
127
127
127
127
127
127
127
127
127
127
127
127
127
127
127
127
127
127
127
127
127
127
127
127
-18
-36
-20
3
127
127
127
127
127
127
127
127
127
127
127
127
127
127
127
127
127
127
127
127
127
127
127
127
127
127
127
127
127
127
127
127
127
97
-26
19
11
45
117
127
127
127
127
127
127
127
127
127
127
127
127
127
127
127
127
127
127
127
127
127
127
127
127
37
-28
-20
51
127
127
127
127
127
127
127
127
127
127
127
127
127
127
127
127
127
127
127
127
127
127
127
127
127
127
127
127
127
127
127
127
127
127
127
25
5
-18
-22
7
47
101
127
127
127
127
127
127
127
127
127
127
127
127
127
127
127
127
127
127
127
127
127
111
-24
-22
115
127
127
127
127
127
127
127
127
127
127
127
127
127
127
127
127
127
127
127
127
127
127
127
127
127
127
127
127
127
127
127
127
127
127
127
127
-30
-4
5
-10
-12
9
9
-10
67
93
127
127
127
127
127
127
127
127
127
127
127
127
127
127
127
127
127
127
-20
-16
127
127
127
127
127
127
127
127
127
127
127
127
127
127
127
127
127
127
127
127
127
127
127
127
127
127
127
127
127
127
127
127
127
127
127
127
127
127
69
-34
-24
9
-14
-44
-48
23
-14
-26
127
127
127
127
127
127
127
127
127
127
127
127
127
127
127
127
127
-14
-16
127
127
127
127
127
127
127
127
127
127
127
127
127
127
127
127
127
127
127
127
127
127
127
127
127
127
127
127
127
127
127
127
127
127
127
127
127
127
127
81
-10
-46
-56
-68
-76
-18
-28
-14
127
127
127
127
127
127
127
127
127
127
127
127
127
127
127
127
127
127
49
127
127
127
127
127
127
127
127
127
127
127
127
127
127
127
127
127
127
127
127
127
127
127
127
127
127
127
127
127
127
127
127
127
127
127
127
127
127
127
127
103
11
-8
-24
-42
-10
-24
-44
127
127
127
127
127
127
127
127
127
127
127
127
127
127
127
127
127
127
81
127
127
127
127
127
127
127
127
127
127
127
127
127
127
127
127
127
127
127
127
127
127
127
127
127
127
127
127
127
127
127
127
127
127
127
127
127
127
127
127
127
121
-24
-44
-38
-16
-22
-28
127
127
127
127
127
127
127
127
127
127
127
127
127
127
127
127
127
127
91
127
127
127
127
127
127
127
127
127
127
127
127
127
127
127
127
127
127
127
127
127
127
127
127
127
127
127
127
127
127
127
127
127
127
127
127
127
127
127
127
127
127
127
-18
-26
-10
-10
-20
127
127
127
127
127
127
127
127
127
127
127
127
127
127
127
127
127
127
127
127
127
127
127
127
127
127
127
127
127
127
127
127
127
127
127
127
127
127
127
127
127
127
127
127
127
127
127
127
127
127
127
127
127
127
127
127
127
127
127
127
127
127
127
21
-8
1
-12
115
127
127
127
127
127
127
127
127
127
127
127
127
127
127
127
127
127
127
127
127
127
127
127
127
127
127
127
127
127
127
127
127
127
127
127
127
127
127
127
127
127
127
127
127
127
127
127
127
127
127
127
127
127
127
127
127
127
127
127
127
127
127
127
61
17
-16
127
127
127
127
127
127
127
127
127
127
127
127
127
127
127
127
127
127
127
127
127
127
127
127
127
127
127
127
127
127
127
127
127
127
127
127
127
127
127
127
127
127
127
127
127
127
127
127
127
127
127
127
127
127
127
127
127
127
127
127
127
127
127
127
127
91
-26
127
127
127
127
127
127
127
127
127
127
127
127
127
127
127
127
127
127
127
127
127
127
127
127
127
127
127
127
127
127
127
127
127
127
127
127
127
127
127
127
127
127
127
127
127
127
127
127
127
127
127
127
127
127
127
127
127
127
127
127
127
127
127
127
127
127
87
127
127
127
127
127
127
127
127
127
127
127
127
127
127
127
127
127
127
127
127
127
127
127
127
127
127
127
127
127
127
127
127
127
127
127
127
127
127
127
127
127
127
127
127
127
127
127
127
127
127
127
127
127
127
127
127
127
127
127
127
127
127
127
127
127
127
127
127
127
127
127
127
127
127
127
127
127
127
127
127
127
127
127
127
127
127
127
127
127
127
127
127
127
127
127
127
127
127
127
127
127
127
127
127
127
127
127
127
127
127
127
127
127
127
127
127
127
127
127
127
127
127
127
127
127
127
127
127
127
127
127
127
127
127
127
127
127
127
127
127
127
127
127
127
127
127
127
127
127
127
127
127
127
127
127
127
127
127
127
127
127
127
127
127
127
127
127
127
127
127
127
127
127
127
127
127
127
127
127
127
127
127
127
127
127
127
127
127
127
127
127
127
127
127
127
127
127
127
127
127
127
127
127
127
127
127
127
127
127
127
127
127
127
127
127
127
127
127
127
127
127
127
127
127
127
127
127
127
127
127
127
127
127
127
127
127
127
127
127
127
127
127
127
127
127
127
127
127
127
127
127
127
127
127
127
127
127
127
127
127
127
127
127
127
127
127
127
25
125
127
127
127
127
127
127
127
127
127
127
127
127
127
127
127
127
127
127
127
127
127
127
127
127
127
127
127
127
127
127
127
127
127
127
127
127
127
127
127
127
127
127
127
127
127
127
127
127
127
127
127
127
127
127
127
127
127
127
127
127
127
127
127
127
11
-14
127
127
127
127
127
127
127
127
127
127
127
127
127
127
127
127
127
127
127
127
127
127
127
127
127
127
127
127
127
127
127
127
127
127
127
127
127
127
127
127
127
127
127
127
127
127
127
127
127
127
127
127
127
127
127
127
127
127
127
127
127
127
127
123
-14
-4
-6
127
127
127
127
127
127
127
127
127
127
127
127
127
127
127
127
127
127
127
127
127
127
127
127
127
127
127
127
127
127
127
127
127
127
127
127
127
127
127
127
127
127
127
127
127
127
127
127
127
127
127
127
127
127
127
127
127
127
127
127
127
127
103
-30
-20
-16
-32
127
127
127
127
127
127
127
127
127
127
127
127
127
127
127
127
127
127
93
127
127
127
127
127
127
127
127
127
127
127
127
127
127
127
127
127
127
127
127
127
127
127
127
127
127
127
127
127
127
127
127
127
127
127
127
127
127
127
127
127
127
57
-70
-12
-16
-22
-22
127
127
127
127
127
127
127
127
127
127
127
127
127
127
127
127
127
127
29
127
127
127
127
127
127
127
127
127
127
127
127
127
127
127
127
127
127
127
127
127
127
127
127
127
127
127
127
127
127
127
127
127
127
127
127
127
127
127
127
127
31
-30
1
-48
-34
-44
-26
127
127
127
127
127
127
127
127
127
127
127
127
127
127
127
127
127
37
-4
127
127
127
127
127
127
127
127
127
127
127
127
127
127
127
127
127
127
127
127
127
127
127
127
127
127
127
127
127
127
127
127
127
127
127
127
127
127
127
127
11
-38
-14
-36
-74
-36
-40
-38
127
127
127
127
127
127
127
127
127
127
127
127
127
127
127
127
127
23
-8
127
127
127
127
127
127
127
127
127
127
127
127
127
127
127
127
127
127
127
127
127
127
127
127
127
127
127
127
127
127
127
127
127
127
127
127
127
127
127
27
-16
-24
-38
-38
-30
-56
-30
-20
127
127
127
127
127
127
127
127
127
127
127
127
127
127
127
127
127
1
-12
127
127
127
127
127
127
127
127
127
127
127
127
127
127
127
127
127
127
127
127
127
127
125
127
127
127
127
127
127
127
127
127
127
127
127
127
127
123
15
-16
27
9
-20
-20
-22
-22
-6
27
127
127
127
127
127
127
127
127
127
127
127
127
127
127
127
127
81
-20
-16
89
127
127
127
127
127
127
127
127
127
127
127
127
127
127
127
127
127
127
127
127
127
127
127
127
127
127
127
127
127
127
127
127
127
127
127
113
29
21
29
25
-12
-16
5
5
87
127
127
127
127
127
127
127
127
127
127
127
127
127
127
127
127
127
127
17
-28
-14
37
127
127
127
127
127
127
127
127
127
127
127
127
127
127
127
127
127
127
127
127
127
127
127
127
127
127
127
127
127
127
127
127
127
127
79
15
-4
17
21
39
99
127
127
127
127
127
127
127
127
127
127
127
127
127
127
127
127
127
127
127
127
127
127
-22
-26
-12
3
127
127
127
127
127
127
127
127
127
127
127
127
127
127
127
127
127
127
127
127
127
127
127
127
127
127
127
127
127
127
127
127
127
75
43
67
87
127
127
127
127
127
127
127
127
127
127
127
127
127
127
127
127
127
127
127
127
127
127
127
127
127
127
-40
-16
-4
-18
127
127
127
127
127
127
127
127
127
127
127
127
127
127
127
127
127
127
127
127
127
127
127
127
127
127
127
127
127
127
127
127
91
127
127
127
127
127
127
127
127
127
127
127
127
127
127
127
127
127
127
127
127
127
127
127
127
127
127
127
127
127
127
-44
-10
3
-26
127
127
127
127
127
127
127
127
127
127
127
127
127
127
127
127
127
127
127
127
127
127
127
127
127
127
127
127
127
127
127
127
127
127
127
127
127
127
127
127
127
127
127
127
127
127
127
127
127
127
127
127
127
127
127
127
127
127
127
127
127
127
59
-16
-24
-4
-14
81
127
127
127
127
127
127
127
127
127
127
127
127
127
127
127
127
127
127
127
127
127
127
127
127
127
127
127
127
127
127
127
127
127
127
127
127
127
127
127
127
127
127
127
127
127
127
127
127
127
127
127
127
127
127
127
127
127
127
127
127
127
17
-18
-28
-8
-10
57
127
127
127
127
127
127
127
127
127
127
127
127
127
127
127
127
127
127
127
127
127
127
127
127
127
127
127
127
127
127
127
127
127
127
127
127
127
127
127
127
127
127
127
127
127
127
127
127
127
127
127
127
127
127
127
127
127
127
127
127
127
27
-24
-30
-14
1
25
127
127
127
127
127
127
127
127
127
127
127
127
127
127
127
127
127
127
127
127
127
127
127
127
127
127
127
127
127
127
127
127
127
127
127
127
127
127
127
127
127
127
127
127
127
127
127
127
127
127
127
127
127
127
127
127
127
127
127
127
69
-14
-26
-32
-22
3
-12
127
127
127
127
127
127
127
127
127
127
127
127
127
127
127
127
127
127
127
127
127
127
127
127
127
127
127
127
127
127
127
127
127
127
127
127
127
127
127
127
127
127
127
127
127
127
13
39
47
87
127
127
127
127
127
127
127
127
127
127
37
21
-34
-38
-30
3
-30
127
127
127
127
127
127
127
127
127
127
127
127
127
127
127
127
127
127
127
123
27
67
127
127
127
127
127
127
121
127
127
127
127
127
127
127
127
127
127
127
127
127
127
127
127
127
-6
11
3
-18
-26
3
77
127
127
127
127
127
127
127
-28
-36
-36
-44
-36
-6
-30
115
127
127
127
127
127
127
127
127
127
127
127
127
127
127
127
127
45
-12
-14
59
127
127
127
127
127
127
127
127
125
127
127
127
127
127
127
127
127
127
127
127
127
127
127
127
127
-14
-36
-20
7
3
-22
-32
-36
-2
41
121
127
127
125
-40
-60
-38
-50
-44
-18
-22
71
127
127
127
127
127
127
127
127
127
127
127
127
127
35
-30
-46
-26
-6
99
127
127
127
127
127
127
127
127
127
127
127
127
127
127
127
127
127
127
127
127
127
127
127
127
127
127
127
29
-50
-46
-28
-8
11
9
9
3
1
-34
21
-16
-64
-46
-36
-52
-50
-24
-14
41
127
127
127
127
127
127
127
127
127
127
55
21
-20
-30
-20
-4
7
5
127
127
127
127
127
127
127
127
127
127
127
127
127
127
127
127
127
127
127
127
127
127
127
127
127
127
127
127
127
71
-8
-10
-18
-48
-52
-48
-44
-42
-48
-50
-44
-32
-30
-22
-30
-30
-8
41
27
127
127
127
127
127
127
127
65
-8
-32
-64
-32
-24
-14
3
-4
61
127
127
127
127
127
127
127
127
127
127
127
127
127
127
127
127
127
127
127
127
127
127
127
127
127
127
127
127
