127
127
127
127
127
127
127
127
127
127
127
127
127
127
127
127
127
127
127
127
127
127
127
127
127
127
127
127
127
127
127
127
127
127
127
127
127
127
127
127
127
127
127
127
127
127
127
127
127
127
127
127
127
127
127
127
127
127
127
127
127
127
127
127
127
127
127
127
127
127
127
127
127
127
127
127
127
127
127
127
127
89
19
9
-14
-30
-28
-24
-26
-24
-20
-32
-26
-2
47
127
127
127
127
127
127
127
127
127
127
127
127
127
127
127
127
127
127
127
127
127
127
127
127
127
127
127
127
127
127
127
127
127
127
127
127
127
127
127
127
127
127
85
21
-6
11
33
35
25
23
27
25
11
-8
-16
-12
-4
-12
-36
-58
-44
3
49
127
127
127
127
127
127
127
127
127
127
127
127
127
127
127
127
127
127
127
127
127
127
127
127
127
127
127
127
127
127
127
127
127
127
127
113
49
1
5
37
43
27
9
13
7
7
11
15
15
11
7
-4
-20
-32
-24
-12
-14
-42
-66
-24
25
127
127
127
127
127
127
127
127
127
127
127
127
127
127
127
127
127
127
127
127
127
127
127
127
127
127
127
127
127
127
127
127
55
-2
17
43
43
13
-10
21
71
17
13
9
7
9
13
13
13
-10
-2
1
-8
-26
-38
-42
-40
-64
-42
-56
31
127
127
127
127
127
127
127
127
127
127
127
127
127
127
127
127
127
127
127
127
127
127
127
127
127
127
127
127
107
15
-18
25
19
25
41
55
47
33
17
49
55
53
45
37
33
21
9
27
-8
-40
-38
-18
-14
-36
-64
-32
-44
-48
-84
-64
123
127
127
127
127
127
127
127
127
127
127
127
127
127
127
127
127
127
127
127
127
127
127
127
127
127
55
-32
-16
19
33
35
29
21
29
49
65
71
43
61
73
75
75
77
69
55
41
37
27
7
-20
-46
-54
-52
-46
-62
-56
-18
-28
-76
29
127
127
127
127
127
127
127
127
127
127
127
127
127
127
127
127
127
127
127
127
127
127
127
29
-28
29
41
-28
17
51
75
67
57
59
59
51
111
123
125
113
101
93
81
65
75
61
43
13
-10
-24
-28
-28
-68
-60
-46
-52
-66
-54
-38
-42
127
127
127
127
127
127
127
127
127
127
127
127
127
127
127
127
127
127
127
127
127
-12
-4
31
27
13
11
57
61
51
61
93
103
107
125
113
113
111
111
107
107
107
107
83
71
37
21
15
-8
-30
-22
-52
-48
-52
-58
-72
-82
-90
-90
-56
127
127
127
127
127
127
127
127
127
127
127
127
127
127
127
127
127
127
127
45
-4
21
25
11
23
45
37
65
77
75
87
91
113
127
127
127
127
127
119
115
111
111
77
81
61
37
23
-12
-24
-4
-46
-46
-50
-54
-60
-72
-76
-80
-56
-36
127
127
127
127
127
127
127
127
127
127
127
127
127
127
127
127
127
-6
-20
5
35
19
9
35
65
41
73
87
85
99
105
127
127
127
127
127
127
127
121
113
111
105
83
47
41
51
33
-8
-18
-38
-36
-40
-42
-50
-58
-64
-64
-54
-74
-56
127
127
127
127
127
127
127
127
127
127
127
127
127
127
127
39
-14
-16
9
25
13
21
49
57
71
87
87
93
127
127
127
127
127
127
127
127
127
121
113
107
83
97
89
69
47
7
-8
13
-20
-26
-34
-38
-42
-48
-54
-58
-38
-56
-128
53
127
127
127
127
127
127
127
127
127
127
127
127
127
63
-22
5
1
11
11
5
37
63
61
91
111
113
115
127
127
127
127
127
127
127
127
127
127
117
111
117
95
61
55
73
45
-2
-20
-12
-20
-32
-38
-40
-48
-54
-62
-68
-74
-56
-96
127
127
127
127
127
127
127
127
127
127
127
127
127
-38
-14
-24
-14
11
11
9
39
87
93
99
127
127
127
127
127
127
127
127
127
127
127
127
127
123
117
93
107
97
79
51
11
-14
3
-16
-24
-38
-42
-48
-54
-64
-70
-106
-60
-76
-66
-92
127
127
127
127
127
127
127
127
127
127
127
13
-48
-12
-36
-22
5
17
15
57
103
119
109
127
127
127
127
127
127
127
127
127
127
127
127
127
123
115
121
107
79
63
65
29
-12
-24
-24
-36
-52
-56
-54
-60
-66
-76
-102
-84
-78
-82
-94
21
127
127
127
127
127
127
127
127
127
111
-58
-16
-16
3
-12
-2
15
27
69
115
121
127
127
127
127
127
127
127
127
127
127
127
127
127
127
117
109
115
115
93
75
53
13
-18
-14
-36
-44
-60
-64
-64
-62
-72
-76
-92
-112
-66
-48
-60
-74
127
127
127
127
127
127
127
127
127
-30
-60
11
-10
-2
11
21
27
33
47
77
101
127
127
127
127
127
127
127
127
127
127
127
127
127
123
107
99
117
99
75
53
33
11
-12
-28
-12
-30
-42
-42
-48
-64
-72
-70
-86
-84
-92
-72
-68
-86
-30
127
127
127
127
127
127
127
127
-40
-58
-20
-10
-14
-2
9
21
31
51
87
111
127
127
127
127
127
127
127
127
127
127
127
127
127
121
111
107
91
85
69
49
27
9
-4
-10
-18
-32
-40
-42
-52
-68
-74
-70
-76
-82
-88
-66
-70
-94
-68
127
127
127
127
127
127
127
5
-40
-52
-54
-10
-18
-8
1
13
27
51
87
113
127
127
127
127
127
127
127
127
127
127
127
121
117
111
111
107
65
65
57
37
11
-8
-14
-12
-26
-32
-40
-46
-58
-72
-76
-70
-72
-92
-88
-68
-64
-92
-102
81
127
127
127
127
127
127
-70
-38
-40
-60
-10
-8
-2
3
11
23
43
75
99
127
127
127
127
127
127
127
127
127
127
121
115
105
101
93
93
61
59
47
27
5
-14
-24
-26
-34
-36
-40
-50
-64
-74
-76
-74
-74
-104
-94
-76
-60
-78
-114
-40
127
127
127
127
127
127
-78
-36
-40
-50
-20
-4
-2
1
9
19
37
63
83
101
127
127
127
127
125
123
111
103
105
105
97
93
81
69
65
63
51
35
19
5
-8
-24
-34
-38
-40
-46
-58
-68
-74
-78
-80
-78
-102
-100
-92
-56
-68
-104
-104
127
127
127
127
127
31
-62
-40
-48
-40
-34
-16
-12
-10
1
15
31
55
69
83
105
121
115
103
101
97
97
71
73
73
73
65
55
47
41
35
21
5
-6
-10
-18
-32
-44
-40
-44
-54
-66
-70
-70
-78
-88
-74
-90
-98
-106
-58
-72
-106
-128
127
127
127
127
127
-32
-56
-46
-60
-40
-36
-28
-24
-20
-8
7
23
41
53
77
77
83
89
89
75
73
73
55
55
53
47
41
31
23
19
3
-4
-14
-22
-30
-38
-44
-48
-40
-46
-62
-74
-72
-66
-78
-98
-86
-80
-100
-120
-58
-88
-110
-128
47
127
127
127
127
-44
-58
-42
-62
-36
-30
-32
-28
-24
-12
1
13
27
35
79
59
53
69
73
57
47
51
65
59
47
37
23
15
9
7
-2
1
-4
-16
-32
-44
-44
-40
-40
-48
-66
-78
-72
-62
-78
-102
-98
-78
-102
-128
-60
-100
-108
-120
-10
127
127
127
127
-76
-66
-70
-74
-46
-48
-32
-26
-14
-6
7
11
15
17
25
31
37
45
47
45
43
39
21
19
17
21
23
17
3
-8
-16
-20
-22
-26
-28
-40
-48
-58
-68
-66
-72
-76
-82
-86
-90
-92
-84
-78
-90
-128
-100
-62
-116
-106
-72
127
127
127
127
-82
-60
-74
-80
-46
-52
-34
-34
-26
-22
-12
-6
3
7
11
17
23
29
31
31
27
25
27
21
15
13
11
5
-6
-14
-20
-26
-30
-32
-38
-42
-54
-62
-66
-70
-74
-78
-86
-88
-88
-90
-92
-88
-94
-128
-94
-58
-110
-96
-90
127
127
127
127
-92
-52
-78
-84
-48
-58
-36
-36
-36
-34
-26
-20
-10
-4
1
5
11
17
19
17
15
13
15
9
1
-6
-8
-12
-18
-22
-26
-32
-42
-44
-46
-52
-58
-64
-72
-74
-78
-84
-86
-88
-92
-94
-94
-88
-98
-128
-82
-68
-102
-98
-100
127
127
127
127
-94
-52
-76
-90
-52
-62
-36
-36
-36
-36
-30
-26
-20
-16
-12
-10
-4
1
3
1
-2
-2
-12
-14
-16
-18
-20
-22
-24
-28
-34
-42
-48
-52
-56
-58
-64
-70
-78
-80
-84
-86
-92
-94
-94
-96
-88
-88
-96
-126
-72
-80
-106
-104
-88
127
127
127
127
-96
-58
-74
-90
-58
-70
-44
-42
-36
-34
-30
-30
-30
-30
-24
-22
-20
-16
-14
-16
-16
-18
-26
-22
-18
-18
-22
-28
-34
-36
-40
-46
-52
-60
-60
-66
-70
-74
-86
-88
-88
-88
-94
-96
-100
-102
-92
-92
-104
-122
-56
-94
-100
-106
-90
127
127
127
127
-88
-72
-72
-82
-72
-72
-54
-52
-44
-42
-38
-40
-42
-44
-22
-22
-20
-18
-16
-16
-16
-18
-28
-22
-18
-18
-26
-36
-46
-50
-52
-54
-60
-62
-66
-70
-78
-80
-88
-90
-94
-94
-96
-100
-100
-102
-100
-102
-112
-120
-40
-98
-88
-98
-90
127
127
127
127
-80
-92
-66
-76
-80
-74
-56
-56
-52
-52
-48
-48
-46
-44
-26
-24
-24
-22
-22
-22
-22
-22
-40
-34
-30
-34
-44
-52
-56
-56
-60
-64
-66
-70
-72
-78
-84
-92
-94
-96
-96
-96
-100
-102
-104
-106
-104
-106
-116
-120
-32
-108
-86
-100
-56
127
127
127
127
-70
-104
-64
-72
-86
-72
-52
-54
-54
-56
-52
-50
-44
-38
-42
-42
-42
-42
-42
-40
-40
-40
-56
-54
-52
-56
-62
-64
-62
-56
-70
-72
-72
-74
-76
-80
-92
-100
-92
-94
-98
-98
-102
-104
-106
-106
-98
-102
-114
-118
-28
-118
-90
-108
-8
127
127
127
127
-26
-64
-80
-78
-100
-92
-70
-66
-62
-56
-50
-46
-44
-42
-46
-46
-48
-48
-48
-44
-42
-40
-34
-40
-46
-52
-54
-56
-60
-64
-60
-70
-84
-88
-90
-84
-84
-78
-104
-104
-108
-108
-110
-108
-106
-100
-106
-98
-128
-66
-44
-128
-38
-104
127
127
127
127
127
61
-88
-80
-72
-124
-92
-72
-72
-70
-68
-66
-66
-66
-68
-52
-50
-48
-46
-44
-46
-46
-48
-46
-52
-58
-60
-62
-66
-72
-78
-74
-80
-90
-90
-88
-90
-88
-92
-104
-106
-104
-106
-108
-112
-112
-114
-102
-112
-112
-54
-86
-106
-12
-128
127
127
127
127
127
127
-116
-72
-80
-120
-90
-72
-70
-68
-68
-66
-68
-68
-70
-72
-68
-62
-58
-56
-60
-64
-68
-58
-60
-64
-66
-68
-72
-80
-86
-90
-94
-94
-96
-94
-94
-102
-106
-108
-106
-106
-106
-108
-114
-118
-124
-112
-128
-68
-62
-128
-44
-30
-126
127
127
127
127
127
127
-84
-80
-94
-92
-94
-82
-78
-74
-70
-64
-62
-60
-58
-74
-72
-68
-64
-64
-68
-70
-74
-66
-68
-68
-68
-70
-76
-84
-92
-92
-98
-102
-102
-100
-104
-106
-110
-114
-114
-110
-112
-112
-118
-120
-122
-124
-128
-36
-86
-120
-6
-98
7
127
127
127
127
127
127
55
-110
-84
-86
-94
-100
-96
-90
-84
-78
-74
-70
-70
-62
-64
-64
-66
-66
-66
-64
-64
-70
-72
-72
-72
-74
-78
-88
-94
-94
-98
-106
-108
-110
-108
-110
-112
-114
-118
-118
-122
-120
-118
-118
-116
-122
-106
-28
-106
-64
3
-128
127
127
127
127
127
127
127
127
-100
-76
-104
-100
-100
-98
-94
-92
-88
-88
-86
-86
-70
-72
-74
-78
-78
-76
-74
-72
-84
-86
-88
-88
-88
-92
-100
-106
-96
-104
-110
-116
-114
-114
-114
-116
-116
-114
-120
-122
-124
-118
-116
-114
-112
-82
-64
-108
-30
-36
-68
127
127
127
127
127
127
127
127
23
-108
-114
-98
-94
-92
-92
-90
-90
-92
-92
-94
-84
-84
-84
-86
-86
-88
-88
-90
-86
-90
-94
-96
-96
-98
-102
-108
-108
-108
-114
-114
-114
-116
-122
-126
-114
-116
-118
-120
-120
-118
-120
-120
-80
-58
-114
-72
-30
-84
125
127
127
127
127
127
127
127
127
127
-128
-96
-94
-98
-98
-96
-96
-96
-96
-98
-98
-92
-88
-84
-82
-84
-88
-94
-98
-88
-92
-98
-100
-100
-102
-104
-106
-114
-116
-116
-112
-114
-118
-126
-128
-114
-114
-114
-112
-112
-120
-122
-126
-40
-30
-128
-20
-28
-98
127
127
127
127
127
127
127
127
127
127
11
-128
-50
-96
-52
-122
-98
-44
-94
-106
-86
-100
-98
-98
-92
-90
-84
-80
-78
-110
-104
-102
-96
-100
-102
-110
-110
-106
-110
-116
-122
-126
-126
-124
-124
-120
-78
-128
-128
-78
-124
-128
-68
-80
-124
19
-22
-106
127
127
127
127
127
127
127
127
127
127
127
127
-52
-128
-64
-128
-54
-80
-120
-80
-110
-96
-92
-94
-92
-96
-96
-98
-96
-98
-104
-104
-100
-104
-106
-112
-114
-116
-108
-112
-114
-118
-120
-118
-118
-116
-110
-128
-86
-112
-128
-128
-80
21
-102
-72
13
-96
-24
127
127
127
127
127
127
127
127
127
127
127
127
127
-128
-106
-76
-88
-106
-112
-98
-82
-108
-98
-96
-98
-100
-104
-106
-108
-110
-102
-104
-108
-110
-112
-118
-118
-120
-116
-116
-116
-116
-116
-116
-116
-116
-128
-102
-122
-106
-120
-88
-14
-94
-64
7
-58
-112
127
127
127
127
127
127
127
127
127
127
127
127
127
127
47
-128
-66
-106
-92
-84
-108
-78
-116
-108
-108
-106
-108
-106
-106
-106
-106
-104
-108
-110
-114
-116
-120
-118
-118
-120
-120
-118
-118
-118
-118
-120
-122
-128
-128
-114
-128
-82
-10
-90
-88
19
-12
-112
127
127
127
127
127
127
127
127
127
127
127
127
127
127
127
127
-10
-128
-78
-52
-106
-94
-116
-114
-112
-112
-112
-108
-108
-106
-106
-102
-110
-112
-112
-116
-116
-116
-116
-116
-122
-122
-122
-122
-124
-126
-128
-128
-128
-98
-128
-90
-68
-112
-24
45
15
-118
113
127
127
127
127
127
127
127
127
127
127
127
127
127
127
127
127
127
3
-128
-108
-84
-106
-126
-104
-108
-110
-108
-110
-112
-110
-112
-114
-116
-114
-114
-114
-118
-116
-118
-118
-122
-124
-126
-128
-128
-128
-128
-128
-108
-128
-46
-42
-66
-22
-32
-20
-78
39
127
127
127
127
127
127
127
127
127
127
127
127
127
127
127
127
127
127
127
-12
-108
-72
-118
-106
-106
-106
-106
-110
-112
-116
-118
-120
-118
-118
-118
-116
-118
-118
-120
-124
-128
-124
-124
-128
-128
-128
-128
-126
-124
-90
-64
-58
-4
7
-16
-32
-112
35
127
127
127
127
127
127
127
127
127
127
127
127
127
127
127
127
127
127
127
127
127
27
-128
-100
-102
-128
-112
-112
-116
-116
-116
-120
-118
-120
-120
-120
-118
-116
-118
-126
-128
-128
-124
-126
-128
-128
-128
-124
-118
-114
-40
-40
-52
-12
17
-98
-114
89
127
127
127
127
127
127
127
127
127
127
127
127
127
127
127
127
127
127
127
127
127
127
127
127
-76
-128
-72
-86
-94
-102
-120
-128
-114
-104
-128
-114
-120
-128
-128
-128
-128
-128
-124
-128
-122
-128
-128
-128
-122
-62
-44
-30
1
33
-32
-128
-52
127
127
127
127
127
127
127
127
127
127
127
127
127
127
127
127
127
127
127
127
127
127
127
127
127
127
127
-2
-128
-126
-122
-96
-80
-102
-114
-120
-128
-128
-128
-128
-120
-114
-116
-116
-110
-116
-118
-128
-116
-52
-20
-30
-100
-22
-46
-100
-110
53
127
127
127
127
127
127
127
127
127
127
127
127
127
127
127
127
127
127
127
127
127
127
127
127
127
127
127
127
127
127
-106
-124
-106
-88
-112
-128
-118
-102
-106
-100
-102
-114
-122
-116
-90
-68
-112
-54
-48
-54
-68
-58
-12
-10
-72
-104
-28
127
127
127
127
127
127
127
127
127
127
127
127
127
127
127
127
127
127
127
127
127
127
127
127
127
127
127
127
127
127
127
127
127
127
-70
-128
-128
-96
-86
-112
-104
-86
-60
-42
-40
-36
-34
-34
-42
-24
-36
-36
-62
-106
-112
-128
-46
127
127
127
127
127
127
127
127
127
127
127
127
127
127
127
127
127
127
127
127
127
127
127
127
127
127
127
127
127
127
127
127
127
127
127
127
127
127
43
-78
-122
-128
-116
-120
-124
-118
-114
-110
-116
-122
-128
-98
-98
-102
-128
-92
111
127
127
127
127
127
127
127
127
127
127
127
127
127
127
127
127
127
127
127
127
127
127
127
127
127
127
127
127
127
127
127
127
127
127
127
127
127
127
127
127
127
127
127
127
11
-30
-86
-124
-128
-126
-114
-110
-68
-56
7
127
127
127
127
127
127
127
127
127
127
127
127
127
127
127
127
127
127
127
127
127
127
127
127
127
127
127
127
127
127
127
127
127
127
127
127
127
127
127
127
127
127
127
127
127
127
127
127
127
127
127
127
127
127
127
127
127
127
127
127
127
127
127
127
127
127
127
127
127
127
127
127
127
127
127
127
127
127
127
127
127
127
127
