119
69
127
127
119
127
29
-48
-46
-42
-46
-42
-42
-36
-36
-40
-32
-44
-58
-50
-48
-46
-46
-44
-44
-32
-26
-30
-30
-22
-24
-22
-30
-12
5
-8
7
-16
-12
-34
-30
-16
-22
-22
-32
-34
-18
-18
-22
-26
-36
-38
-38
-34
-28
-26
-24
-32
-44
-38
-38
101
77
121
125
117
127
5
-54
-46
-44
-44
-44
-44
-40
-40
-42
-48
-44
-42
-44
-52
-54
-48
-34
-38
-60
-36
-24
-28
-24
-36
-30
-36
-36
-48
-12
-40
-22
-18
-42
-16
13
-8
-26
-32
-10
-6
3
-14
-14
-16
-14
-14
-18
-22
-28
-26
-36
-42
-38
-32
83
97
123
121
123
127
-20
-54
-50
-46
-42
-44
-44
-46
-44
-44
-40
-44
-44
-50
-50
-52
-46
-38
-58
-20
-54
-52
-36
-50
-42
-44
-28
-14
-86
-114
-50
-32
-40
-20
-40
-30
-22
-40
-46
-34
-32
-32
-26
-32
-40
-42
-38
-32
-32
-32
-32
-38
-36
-20
-4
65
111
123
119
127
115
-46
-52
-50
-46
-42
-44
-46
-48
-50
-48
-40
-46
-44
-50
-46
-52
-52
-56
-42
-56
-42
-48
-50
-26
-38
-48
-28
-46
-84
-80
-104
-38
-56
-46
-30
-70
-38
-48
-54
-60
-24
-26
-10
-24
-38
-42
-38
-28
-18
-14
-28
-34
-42
-42
-44
55
115
117
119
127
83
-62
-54
-52
-48
-40
-40
-46
-50
-54
-52
-58
-54
-38
-48
-40
-52
-48
-54
-52
-36
-66
-12
39
-16
-46
-38
11
-56
-46
-92
-88
47
41
-30
-34
-54
-48
-48
-54
-58
-44
-28
-30
-36
-44
-44
-42
-40
-44
-44
-42
-40
-40
-38
-38
69
117
119
119
127
35
-60
-50
-54
-48
-42
-40
-42
-46
-56
-56
-42
-54
-52
-64
-40
-40
-32
-48
-42
-56
7
53
83
83
45
79
95
-56
-90
-64
-124
79
77
43
-10
25
-36
-48
-58
-50
-68
-38
-42
-44
-42
-40
-38
-40
-44
-48
-46
-40
-28
-28
-32
95
119
123
119
123
-20
-52
-52
-50
-50
-42
-40
-38
-44
-54
-60
-50
-68
-52
-30
51
79
93
71
-6
25
41
45
73
59
29
77
39
-78
-102
-96
-82
-48
-22
77
3
63
41
55
35
-6
-44
-74
-54
-52
-48
-44
-42
-42
-42
-42
-54
-50
-40
-38
-40
115
117
119
115
111
-58
-50
-54
-48
-48
-46
-38
-36
-40
-54
-62
-54
-56
-24
3
69
71
65
25
53
21
43
37
65
65
11
61
-62
-92
-80
-128
-86
-14
59
47
61
49
49
53
29
-26
21
-38
-60
-52
-42
-36
-34
-38
-44
-48
-48
-48
-46
-46
-46
117
109
91
127
41
-58
-44
-42
-46
-48
-46
-32
-46
-46
-42
-66
-62
7
87
31
-24
53
35
59
67
41
23
29
63
45
5
-70
-80
-44
-4
49
81
65
59
53
51
57
55
27
-48
29
49
53
-28
-60
-66
-36
-32
-38
-50
-52
-52
-54
-48
-46
-44
111
115
89
125
-14
-48
-52
-42
-38
-48
-28
-64
-38
-38
-70
-36
33
71
69
51
-10
-50
-24
19
41
49
57
61
47
25
33
51
65
59
55
61
63
55
47
37
33
21
-26
-42
-16
5
39
51
35
-16
-42
-60
-42
-46
-38
-44
-52
-52
-52
-50
-44
111
121
109
91
-56
-44
-48
-42
-52
-34
-50
-42
-52
-52
-42
41
73
53
65
1
61
33
23
-20
-26
-48
-50
-36
11
23
31
53
63
47
59
65
45
31
1
-22
-46
-30
17
13
33
-18
7
13
47
53
-16
-48
-56
-36
-58
-42
-50
-54
-52
-52
-50
119
123
127
27
-54
-50
-40
-44
-50
-46
-40
-58
-46
-40
51
81
57
65
9
13
45
87
87
15
71
61
51
-10
-8
-42
-48
-36
-30
-60
-52
-36
-48
-32
-26
-14
-26
9
21
19
23
29
-30
39
33
51
49
-26
-36
-58
-46
-52
-50
-52
-50
-50
-48
123
127
119
-32
-36
-50
-42
-48
-40
-48
-52
-66
-48
73
73
69
67
27
13
67
63
77
85
79
65
55
37
33
65
71
59
65
57
21
29
65
41
33
13
15
15
-36
39
25
55
23
25
17
41
39
51
53
-40
-50
-50
-52
-46
-44
-46
-46
-46
125
127
71
-44
-30
-38
-48
-46
-42
-58
-52
-48
41
81
75
57
61
-18
59
49
87
85
79
85
69
61
11
59
51
57
37
61
59
23
1
47
39
35
27
27
25
21
-14
49
35
19
21
51
47
33
53
49
39
-42
-60
-52
-42
-38
-42
-42
-42
127
125
9
-34
-34
-30
-46
-44
-56
-48
-38
51
79
63
57
61
31
53
47
25
35
53
75
61
67
51
-4
55
55
49
51
55
59
49
7
51
41
39
45
43
67
41
1
61
37
15
43
31
31
47
39
59
55
23
-40
-50
-38
-34
-34
-36
-40
127
109
-30
-32
-42
-36
-44
-48
-48
-66
35
89
73
67
57
45
55
53
63
13
71
67
55
57
65
57
19
41
61
31
67
37
33
59
15
53
39
37
59
57
75
73
53
43
47
17
29
39
41
23
63
63
29
57
51
-60
-44
-38
-34
-34
-36
127
41
-28
-14
-36
-32
-56
-36
-56
23
75
77
75
71
51
37
47
67
63
1
7
-14
39
65
61
53
49
43
47
45
43
41
37
53
29
33
25
39
43
51
71
47
33
27
43
25
31
43
35
31
49
85
59
57
75
13
-44
-48
-42
-24
-28
127
-12
-32
-28
-38
-44
-34
-52
39
63
73
61
59
67
63
53
73
49
15
47
29
35
59
63
59
69
63
69
57
69
39
45
35
51
45
39
49
51
59
49
51
65
43
45
51
69
59
55
49
47
51
63
51
51
63
37
7
-52
-26
-38
-28
33
-36
-40
-26
-26
-38
-42
13
73
65
57
51
51
71
77
71
43
41
79
37
33
35
47
63
57
63
79
71
77
77
37
37
33
39
41
29
49
49
65
51
43
47
61
111
97
67
55
61
53
55
51
45
43
41
49
55
49
-24
-36
-36
-32
-24
9
-2
-8
-10
-42
-32
71
67
57
53
49
45
65
75
63
63
55
45
53
43
37
37
61
59
59
69
71
91
89
39
35
43
45
45
45
53
55
75
69
71
35
103
127
-60
11
81
65
53
49
49
41
39
43
35
49
51
27
-54
-20
-30
-34
-36
-22
-42
-40
-50
49
77
59
53
51
43
43
69
79
65
55
75
117
67
57
59
41
67
69
65
59
95
107
85
51
41
43
45
51
77
63
65
77
87
57
107
127
-78
-88
-74
-16
65
65
53
55
45
37
39
35
39
41
55
-36
-32
-30
9
-24
-30
-36
-56
-8
81
55
47
47
39
35
49
75
83
69
71
127
127
-8
59
55
49
63
71
59
79
97
127
25
73
41
43
43
41
73
49
61
85
103
127
127
-70
-50
-38
-76
-78
7
61
61
55
43
31
35
41
43
41
51
19
-50
-34
-24
-30
-46
-40
-44
51
65
67
51
53
45
39
51
69
79
91
127
127
-76
-78
27
51
59
61
67
65
93
107
127
-60
69
43
53
47
45
55
45
67
115
125
115
-82
-8
53
127
33
-96
-92
-4
47
43
35
35
23
35
47
43
47
51
-34
-38
3
-26
-18
-50
-18
65
57
59
47
51
43
37
51
73
115
127
127
-62
-70
-90
-46
57
47
77
59
91
77
127
83
-94
49
57
41
39
49
45
51
73
125
113
-74
-82
15
67
127
109
-78
-80
-80
19
25
25
39
15
23
47
47
59
59
13
-38
-24
-12
-46
-48
23
61
59
61
53
47
19
59
57
107
127
113
-2
87
77
-32
-94
-16
85
73
79
83
93
127
-4
-96
-14
51
37
45
43
49
49
65
91
69
73
63
55
53
59
63
57
43
45
31
53
27
29
29
17
37
43
63
69
17
-42
-4
-6
-30
-32
45
57
53
47
41
53
57
33
83
127
73
-78
45
55
105
107
-88
-74
47
89
83
99
125
127
-68
-66
-80
37
43
43
35
43
47
53
79
75
87
71
51
35
41
51
55
51
33
37
23
35
23
1
27
31
39
59
67
31
-44
-26
-34
-44
-18
65
65
65
55
65
31
51
55
85
105
3
3
43
73
75
79
7
29
59
85
91
107
127
93
-86
-76
-80
-18
45
39
31
45
51
43
61
79
69
61
47
37
37
41
41
37
33
35
31
27
31
-26
11
-24
37
49
65
49
-52
-28
-36
-48
9
65
59
53
47
39
55
51
39
57
89
63
73
53
49
45
33
55
47
61
67
81
73
127
-18
-86
-86
-74
-44
35
33
35
47
55
43
47
69
51
49
47
41
37
37
29
23
29
25
41
35
33
21
29
-8
37
47
63
65
-56
-22
-30
-48
39
55
55
45
51
59
51
29
51
65
75
67
63
55
47
55
19
57
15
39
77
89
93
105
27
51
61
93
39
31
33
39
43
51
47
41
57
61
59
53
41
35
35
33
33
33
31
25
45
11
27
35
37
39
47
63
71
-60
-34
-36
-54
57
55
57
55
65
57
51
53
43
35
71
59
55
59
35
61
39
23
45
77
55
61
69
91
77
61
71
57
51
35
33
41
37
41
47
43
57
63
65
59
47
35
33
33
33
39
33
29
45
31
-30
23
29
31
41
57
63
-66
-28
-32
-44
67
55
47
49
49
47
45
49
45
49
79
53
53
51
57
51
39
43
37
27
69
59
69
71
87
85
65
69
39
43
31
41
37
37
45
45
57
53
61
61
51
39
33
33
31
37
27
45
35
57
-10
37
37
27
41
59
51
-68
-30
-38
-42
69
63
47
57
49
47
65
35
37
51
65
55
55
65
59
67
51
45
53
49
65
67
61
89
65
65
87
63
41
47
25
41
45
41
47
47
57
57
65
61
49
37
37
43
45
45
31
33
25
21
53
25
43
35
51
67
51
-58
-34
-42
-40
71
53
51
59
57
49
49
57
41
59
89
59
29
-6
11
49
53
47
67
43
85
79
85
71
69
55
65
47
41
41
57
29
37
47
51
115
-10
-16
63
49
71
77
31
41
37
33
49
31
39
23
19
33
31
37
37
59
63
-58
-32
-44
-46
69
57
49
53
49
45
53
43
63
57
127
39
-74
-66
-78
-74
65
59
51
53
101
11
17
61
55
61
75
59
79
-60
-34
45
43
41
57
121
9
1
87
75
75
103
71
-84
-16
55
43
37
33
21
29
11
23
35
35
51
53
-62
-24
-42
-46
67
61
51
47
39
51
49
51
67
113
103
-66
-78
-78
-74
-106
57
51
59
117
85
-82
-64
67
83
73
57
73
127
-74
-74
67
55
33
61
119
57
-14
91
77
63
127
35
-106
-70
21
41
43
35
25
37
21
13
35
39
49
45
-66
-22
-38
-42
61
65
51
47
43
45
57
55
89
127
-52
-78
-52
-70
-56
-54
81
79
41
127
51
-92
-88
29
77
93
85
89
127
-34
-76
51
69
59
45
17
-50
-8
79
83
83
127
-10
-44
-90
-52
49
49
47
27
31
41
-2
35
45
55
39
-60
-28
-36
-40
51
57
43
47
49
35
59
47
127
101
-68
-62
-66
-54
-78
-90
-4
63
79
127
-2
-66
-64
-36
-22
-18
-4
-34
-30
-60
-74
-22
-32
-68
-86
-84
-68
-80
-70
-70
-70
-76
-76
-66
-68
-84
33
51
51
29
25
29
-4
31
51
61
25
-56
-38
-36
-40
35
47
35
49
51
53
35
109
127
-2
-56
-58
-62
-60
-50
-70
-78
-90
-52
9
-72
-78
-64
-72
-64
-76
-62
-66
-70
-66
-60
-68
-76
-72
-64
-66
-66
-62
-64
-62
-52
-80
-44
-70
-66
-78
-6
47
43
29
35
-2
19
27
43
61
1
-54
-42
-34
-44
19
37
33
51
53
53
75
99
127
-56
-74
-54
-48
-58
-58
-70
-50
-74
-76
-64
-58
-54
-64
-74
-58
-56
-60
-62
-58
-66
-48
-52
-70
-62
-68
-66
-72
-68
-62
-72
-58
-52
-62
-48
-66
-72
-22
45
39
33
35
-12
33
33
43
55
-26
-52
-42
-32
-46
9
31
35
55
51
57
55
101
97
-70
-64
-64
-62
-56
-50
-72
-68
-62
-54
-64
-68
-62
-66
-54
-64
-50
-56
-60
-64
-56
-62
-56
-70
-48
-66
-60
-62
-60
-66
-68
-52
-64
-76
-54
-60
-82
-6
45
47
33
23
-6
27
49
45
57
-42
-50
-42
-26
-48
-18
39
33
33
57
49
69
69
105
-80
-70
-62
-54
-66
-42
-68
-64
-68
-56
-60
-58
-74
-70
-56
-68
-62
-48
-58
-70
-56
-54
-72
-46
-70
-58
-52
-66
-60
-56
-72
-52
-68
-54
-74
-74
-84
29
47
53
43
31
-6
45
47
47
45
-58
-54
-40
-34
-44
-30
43
31
39
47
27
61
51
91
-70
-68
-58
-52
-60
-64
-64
-60
-56
-64
-58
-72
-62
-84
-74
-54
-54
-74
-60
-54
-70
-58
-64
-64
-60
-62
-46
-56
-60
-66
-64
-64
-78
-74
71
69
-76
47
39
43
27
-14
35
47
35
59
11
-56
-44
-32
-38
-38
-44
41
29
47
41
-8
67
55
41
-84
-70
-62
-78
-58
-72
-72
-82
-82
-70
-68
-58
-76
-60
-46
73
-22
-70
-76
-76
-66
-66
-74
-74
-58
-78
-74
-72
-66
-60
-78
-66
-16
75
79
127
31
69
39
53
35
-34
41
33
49
77
-20
-50
-42
-20
-32
-38
-46
21
37
53
41
3
27
49
45
-24
-68
-82
-64
-64
11
43
53
39
63
-68
-38
33
79
75
127
-16
-82
27
69
69
109
61
-52
-74
-36
25
55
63
127
-58
-68
57
81
85
69
79
43
31
43
13
1
31
37
53
47
-48
-48
-42
-22
-28
-40
-38
-2
45
47
33
13
-8
51
41
35
-24
-76
-76
-88
43
47
59
47
127
-78
3
111
93
69
127
5
-96
91
89
77
127
103
-72
-82
-28
69
99
85
127
51
-80
-24
81
63
45
53
39
53
37
-26
35
39
49
63
3
-46
-42
-44
-34
-30
-40
-30
-24
49
35
15
9
-16
39
11
41
41
-4
-46
-84
35
15
29
33
127
-76
3
65
69
67
127
25
-88
71
69
47
119
123
-84
-72
-32
77
93
97
127
117
-84
-88
67
59
55
51
65
57
43
-8
41
45
53
55
-24
-32
-34
-44
-42
-34
-38
-32
-44
43
33
9
17
-24
1
29
39
49
53
43
1
47
33
31
33
91
-34
7
75
75
41
115
39
11
77
75
51
127
127
-82
-94
-34
75
89
93
127
127
7
57
89
81
53
49
47
37
9
29
41
51
51
-4
-48
-38
-34
-40
-38
-30
-32
-40
-54
37
37
11
13
9
9
39
-12
3
35
15
25
13
33
27
33
35
27
31
41
69
63
63
83
87
89
59
57
57
63
47
67
67
65
91
93
85
105
93
89
75
51
59
53
49
61
-28
43
53
53
43
-40
-40
-38
-34
-40
-30
-44
-22
-4
-16
-2
21
15
13
7
7
9
-10
7
5
11
19
19
9
31
27
27
17
27
35
41
45
49
65
79
77
67
45
47
47
53
59
55
63
79
93
81
95
79
59
49
55
47
49
53
1
43
35
53
53
-28
-12
-6
-12
-26
-34
-20
-36
-34
-34
-48
-30
13
33
17
15
11
-36
21
-14
-16
23
21
-12
25
21
27
31
23
25
23
33
43
51
67
83
79
67
47
49
45
47
55
53
55
73
89
93
85
85
11
53
47
51
41
63
-22
45
51
55
15
-44
-26
-24
-26
-16
3
-32
-8
17
11
-28
-44
-12
33
27
7
5
-54
27
-6
-26
9
19
-16
19
23
25
29
31
11
17
29
41
51
69
85
83
71
45
49
45
47
57
53
55
77
81
87
77
75
-6
61
51
55
53
21
25
51
47
47
-50
-38
-16
-16
-22
-32
-38
-40
-36
-36
-32
-28
-34
-26
-4
43
25
29
5
-4
29
7
7
11
15
-14
29
25
21
31
-10
17
29
39
47
65
83
85
75
27
43
45
47
57
51
53
85
87
67
99
29
51
41
69
47
47
17
53
65
29
-24
-22
-18
-24
-6
3
-4
-26
-32
-30
-30
-12
15
3
-24
-28
15
31
39
27
-52
31
27
17
5
27
-20
9
27
21
17
-12
7
23
33
43
61
81
85
77
7
39
47
49
53
41
47
85
81
95
63
55
43
57
39
55
45
39
49
17
-28
-62
-22
-30
-32
-30
-30
-30
-30
-32
-28
-36
-38
-28
-36
-46
-42
-38
-8
-8
-30
-68
9
27
19
5
11
7
-18
29
31
9
9
-6
13
31
45
63
83
85
77
-4
37
51
49
51
31
35
81
79
89
55
41
63
35
47
59
11
29
9
-38
-42
9
7
15
-4
-20
-34
-38
-34
-32
-26
-28
-20
1
5
-16
-36
-46
-28
-30
-48
-52
-20
27
25
11
11
23
-14
17
35
19
27
-8
9
27
41
61
83
87
79
-6
37
49
45
47
27
29
77
73
79
17
51
51
45
57
39
-16
13
-48
-42
-40
-28
-18
-42
-32
-32
-28
-20
-24
-32
-24
-28
-40
-38
-24
-18
-18
-34
-22
-8
-14
-52
-62
13
25
15
31
21
15
1
27
31
27
-6
9
25
35
53
77
87
85
-6
39
49
43
49
29
31
81
87
73
-6
57
47
57
65
3
-28
-66
-30
-6
-10
-16
-26
-22
-26
-32
-34
-34
-34
-28
-28
-30
-36
-42
-42
-40
-36
-8
5
-12
-34
-26
-36
-40
15
37
25
17
21
9
7
29
41
35
-22
33
31
45
89
81
71
-14
59
37
59
51
47
17
85
93
15
15
43
63
43
3
-48
-4
-8
-20
-32
-32
-30
-32
-34
-32
-36
-36
-36
-34
-30
-30
-30
-34
-38
-40
-38
-34
-28
-16
-18
-28
-16
-32
-72
-66
-28
51
11
61
21
-52
53
41
49
21
-4
33
41
59
97
75
15
17
47
53
65
61
5
95
95
-28
-52
-22
-12
-40
-34
-10
-28
-32
-38
-40
-38
-32
-32
-34
-36
-38
-36
-36
-32
-36
-32
-30
-30
-32
-34
-34
-34
-32
-28
-18
-16
3
3
-32
-50
-38
-56
-14
-50
-72
-50
-48
21
43
41
-18
41
55
63
111
87
35
9
65
45
57
33
-8
75
21
-50
-42
-18
-18
-46
-44
-24
-34
-36
-40
-40
-38
-36
-38
-38
-38
-38
-36
-34
-32
-34
-32
-32
-30
-30
-32
-32
-32
-34
-38
-26
-28
-28
-26
-42
-44
-58
-56
-54
-26
-10
-28
-46
-62
-54
-54
-74
-34
-2
19
23
7
-56
-12
51
51
31
-36
-50
-46
-42
-50
-16
-18
-24
-28
-30
-40
-22
-26
-32
-32
-34
-36
-40
-40
-38
-38
-36
-34
-30
