127
127
127
127
127
127
127
127
127
127
127
127
127
127
127
127
127
127
127
127
127
127
127
127
127
127
127
127
127
127
127
127
127
127
127
127
127
127
127
127
127
127
127
127
127
127
127
127
127
127
127
127
127
127
127
127
127
127
127
127
127
127
127
127
127
127
127
127
127
127
127
127
127
127
127
127
127
127
127
127
127
127
127
127
127
127
127
127
127
127
127
127
127
127
127
127
127
127
127
127
127
127
127
127
127
127
127
127
127
127
127
127
127
127
127
127
127
127
127
127
127
127
127
127
127
127
127
127
127
127
127
127
127
127
127
127
127
127
127
127
127
127
127
127
127
127
127
127
127
127
127
127
127
127
127
127
127
127
127
127
127
127
127
127
127
127
127
127
127
127
127
127
127
127
127
127
127
127
127
127
127
127
127
127
127
127
127
127
127
127
127
127
127
127
127
127
127
127
127
127
127
127
127
127
127
127
127
127
127
127
127
127
127
127
127
127
127
127
127
127
127
127
127
127
127
127
127
127
127
127
127
127
127
127
127
127
127
127
127
127
127
127
127
127
127
127
127
127
127
127
127
127
127
127
127
127
127
127
127
127
127
127
127
127
127
127
127
127
127
127
127
127
127
127
127
127
127
127
127
127
127
127
127
127
127
127
127
127
127
127
127
127
127
127
127
127
127
127
127
127
127
127
127
127
127
127
127
127
127
127
127
127
127
127
127
127
127
127
127
127
127
127
127
127
127
127
127
127
127
127
127
127
127
127
127
127
127
127
127
127
127
127
127
127
127
127
127
127
127
127
127
127
127
127
127
127
127
127
127
127
127
127
127
127
127
127
127
127
127
127
127
127
127
127
127
127
127
127
127
127
127
127
127
127
127
127
127
127
127
127
127
127
127
127
127
127
127
127
127
127
127
127
127
127
127
127
127
127
127
127
127
127
127
127
127
127
127
127
127
127
127
127
127
127
127
127
127
127
127
127
127
127
127
127
127
127
127
127
127
127
127
127
127
127
127
127
127
127
127
127
127
127
127
127
127
127
127
127
127
127
127
127
127
127
127
127
127
127
127
127
127
127
127
127
127
127
127
127
127
127
127
127
127
127
127
127
127
127
127
127
127
127
127
127
127
127
127
127
127
127
127
127
127
127
127
127
127
127
127
127
127
127
127
127
127
127
127
127
127
127
127
127
127
127
127
127
127
127
127
127
127
127
127
127
127
127
127
127
127
127
127
127
127
127
127
127
127
127
127
127
127
127
127
127
127
127
127
127
127
127
127
127
127
127
127
127
127
127
127
127
127
127
127
127
127
127
127
127
127
127
127
127
127
127
127
127
127
127
127
127
127
127
127
127
127
127
127
127
127
127
127
127
127
127
127
127
127
127
127
127
127
127
127
127
127
127
127
127
127
127
127
127
127
127
127
127
127
127
127
127
127
127
127
127
127
127
127
127
127
127
127
127
127
127
127
127
127
127
127
127
127
127
127
127
127
127
127
127
127
127
127
127
127
127
127
127
127
127
127
127
127
127
127
127
127
127
127
127
127
127
127
127
127
127
127
127
127
127
127
127
127
127
127
127
127
127
127
127
127
127
127
127
127
127
127
127
127
127
127
127
127
127
127
127
127
127
127
127
127
127
127
127
127
127
127
127
127
127
127
127
127
127
127
127
127
127
127
127
127
127
127
127
127
127
127
127
127
127
127
127
127
127
127
127
127
127
127
127
127
127
127
127
127
127
127
127
127
127
127
127
127
127
127
127
127
127
127
127
127
127
127
127
127
127
127
127
127
127
127
127
127
127
127
127
127
127
127
127
127
127
127
127
127
127
127
127
127
127
127
127
127
127
127
127
127
127
127
127
127
127
127
127
127
127
127
127
127
127
127
127
127
127
127
127
127
127
127
127
127
127
127
127
127
127
127
127
127
127
127
127
127
127
127
127
127
127
127
127
127
127
127
127
127
127
127
127
127
127
127
127
127
127
127
127
127
127
127
127
127
127
127
127
127
127
127
127
127
127
127
127
127
127
127
127
127
127
127
127
127
127
127
127
127
127
127
127
127
127
127
127
127
127
127
127
127
127
127
127
127
127
127
127
127
127
127
127
127
127
127
127
-30
-42
-38
47
-2
-54
9
11
-2
-4
11
15
-20
-16
-10
29
127
127
127
-84
-66
-50
-50
-50
-90
-64
3
7
19
73
57
-74
-50
-60
-64
-56
-54
-54
-54
-60
-60
-52
-52
-60
-94
-126
127
127
127
127
127
127
127
127
127
127
127
127
127
127
127
-28
-28
-88
-16
-60
-76
-96
-62
-84
-86
-70
-66
-80
-92
-86
-92
-50
79
127
127
-30
-78
-62
-60
-106
-66
-36
-62
-58
105
127
-80
-54
-62
-58
-58
-54
-58
-58
-54
-60
-58
-76
-114
-128
-98
127
127
127
127
127
127
127
127
127
127
127
127
127
127
127
-28
-36
-86
-74
-84
-70
-128
-108
-126
-128
-122
-114
-116
-122
-114
-128
-106
-70
23
127
127
115
-44
-90
-128
-84
-70
-112
-96
55
127
-84
-52
-52
-56
-58
-58
-64
-68
-86
-96
-110
-128
-80
-38
-90
127
127
127
127
127
127
127
127
127
127
127
127
127
127
127
-26
-30
-64
-96
-46
-60
-128
-114
-124
-128
-124
-116
-112
-118
-108
-128
-118
-102
-80
-52
47
127
127
87
-128
-76
-96
-108
-90
29
127
-54
-46
-50
-48
-44
-56
-82
-108
-128
-128
-98
-44
-52
-74
-88
127
127
127
127
127
127
127
127
127
127
127
127
127
127
127
-20
-30
-82
-108
-18
-84
-122
-128
-104
-124
-116
-116
-110
-122
-108
-128
-112
-116
-112
-100
-84
-54
65
127
127
-72
-102
-110
-100
-12
127
-98
-116
-122
-124
-116
-118
-110
-78
-34
-24
-66
-100
-86
-108
-120
127
127
127
127
127
127
127
127
127
127
127
127
127
127
127
-12
-18
-50
-124
-16
-86
-116
-128
-94
-112
-112
-114
-112
-124
-106
-128
-94
-94
-112
-110
-112
-108
-86
-64
-22
-74
-104
-100
-106
-98
-72
-78
-56
-58
-62
-54
-58
-62
-68
-68
-120
-90
-108
-102
-114
-120
127
127
127
127
127
127
127
127
127
127
127
127
127
127
127
-10
11
-30
-94
-48
-82
-116
-128
-120
-120
-122
-114
-118
-124
-102
-128
-98
-94
-124
-120
-120
-128
-116
-98
-108
-112
-104
-102
-110
-124
-108
-124
-96
-96
-108
-106
-118
-118
-116
-102
-128
-120
-122
-114
-114
-102
127
127
127
127
127
127
127
127
127
127
127
127
127
127
127
-2
-6
-32
-64
-76
-56
-116
-90
-128
-128
-128
-120
-128
-126
-104
-106
-128
-100
-110
-114
-124
-128
-122
-108
-112
-116
-108
-84
-110
-126
-128
-124
-104
-100
-106
-104
-120
-124
-112
-106
-98
-104
-114
-128
-118
-104
127
127
127
127
127
127
127
127
127
127
127
127
127
127
127
7
1
-32
-32
-102
-40
-92
-90
-128
-118
-116
-106
-128
-118
-98
-78
-128
-100
-114
-118
-128
-128
-114
-118
-114
-122
-110
-86
-128
-118
-124
-128
-108
-110
-114
-110
-112
-108
-94
-128
-110
-118
-122
-116
-106
-90
127
127
127
127
127
127
127
127
127
127
127
127
127
127
127
-14
-20
3
9
-86
-74
-68
-94
-104
-128
-94
-90
-88
-110
-80
-70
-128
-108
-118
-116
-128
-128
-122
-120
-114
-124
-106
-90
-128
-122
-126
-122
-104
-102
-114
-102
-108
-94
-128
-126
-110
-106
-112
-120
-106
-100
127
127
127
127
127
127
127
127
127
127
127
127
127
127
127
5
7
-4
-18
-66
-128
-28
-82
-110
-128
-80
-102
-128
-128
-64
-80
-128
-108
-114
-128
-128
-128
-108
-116
-116
-120
-100
-88
-128
-120
-118
-110
-102
-110
-114
-108
-104
-72
-128
-100
-102
-104
-106
-102
-98
-128
127
127
127
127
127
127
127
127
127
127
127
127
127
127
127
-6
-14
-22
-22
-38
-98
-44
-46
-96
-96
-128
-90
-80
-78
-52
-88
-128
-124
-98
-108
-128
-112
-112
-112
-114
-116
-74
-78
-128
-118
-122
-124
-102
-110
-114
-118
-106
-116
-124
-88
-102
-110
-106
-106
-120
-128
127
127
127
127
127
127
127
127
127
127
127
127
127
127
127
-14
-16
-16
17
-8
-50
-106
-54
-54
-60
-128
-128
-74
-128
-126
-96
-108
-128
-80
-108
-114
-110
-104
-128
-94
-128
-90
-82
-128
-124
-118
-126
-110
-116
-118
-124
-100
-128
-72
-92
-106
-108
-100
-88
-128
-100
127
127
127
127
127
127
127
127
127
127
127
127
127
127
127
7
5
-4
-22
-22
-38
-66
-114
-16
-30
-54
-128
-72
-106
-94
-106
-110
-128
-76
-118
-114
-120
-112
-86
-88
-128
-74
-64
-128
-128
-108
-128
-114
-116
-108
-104
-106
-128
-90
-100
-108
-110
-100
-90
-128
-108
127
127
127
127
127
127
127
127
127
127
127
127
127
127
127
1
-14
-6
-24
-30
-22
-46
-62
-122
-74
-38
-24
-124
-74
-98
-102
-112
-128
-72
-100
-122
-128
-94
-128
-128
-98
-66
-78
-126
-128
-116
-126
-110
-118
-112
-96
-128
-120
-112
-120
-128
-106
-100
-128
-96
-118
127
127
127
127
127
127
127
127
127
127
127
127
127
127
127
-20
-10
-20
-36
-26
-38
-30
-48
-50
-66
-62
-82
-128
-46
-80
-94
-116
-128
-82
-106
-126
-116
-112
-128
-96
-128
-92
-78
-128
-128
-112
-120
-102
-110
-116
-76
-128
-86
-102
-110
-114
-100
-110
-128
-82
-122
127
127
127
127
127
127
127
127
127
127
127
127
127
127
127
-12
-16
9
-8
-4
9
-6
-22
-32
1
-12
5
-76
-80
-36
-78
-104
-128
-48
-102
-118
-116
-112
-110
-110
-100
-84
-86
-128
-128
-122
-124
-106
-108
-112
-66
-128
-94
-128
-116
-104
-106
-128
-110
-104
-112
127
127
127
127
127
127
127
127
127
127
127
127
127
127
127
-18
-18
-28
-22
-12
1
7
7
7
-24
-30
-22
-50
-92
5
-16
-70
-128
-32
-86
-112
-124
-116
-120
-120
-116
-104
-78
-128
-122
-126
-128
-108
-124
-100
-110
-108
-82
-110
-128
-98
-86
-128
-96
-116
-122
127
127
127
127
127
127
127
127
127
127
127
127
127
127
127
-26
-18
-26
-18
-2
7
-2
-12
-22
-22
-34
-28
-38
-46
-90
-48
-62
-128
-106
-44
-92
-112
-124
-116
-112
-92
-68
-20
-128
-84
-114
-122
-100
-110
-100
-128
-68
-102
-110
-98
-84
-128
-80
-94
-118
-110
127
127
127
127
127
127
127
127
127
127
127
127
127
127
127
-30
-34
-26
-26
-30
-24
-18
-16
-26
-32
-40
-30
-22
-26
-42
-70
-84
-70
-84
-88
-28
-76
-116
-120
-108
-56
-26
-106
-122
-54
-82
-114
-92
-116
-92
-112
-42
-96
-122
-104
-60
-128
-26
-92
-106
-82
127
127
127
127
127
127
127
127
127
127
127
127
127
127
127
-30
-28
-32
-38
-32
-28
-24
-10
5
-12
-20
-24
-12
9
15
-14
-26
-30
-50
-92
-72
-26
-56
-58
-40
-64
-122
-82
-80
-126
-44
-52
-52
-50
-70
-128
-12
-58
-74
-24
-84
-128
-64
-20
-32
-42
127
127
127
127
127
127
127
127
127
127
127
127
127
127
127
-28
-34
-26
-26
-30
-24
-8
-2
-8
-26
-34
-24
-24
-12
-12
-26
-22
1
1
-4
-50
-88
-42
-44
-98
-92
-64
-42
-46
-60
-96
-66
1
-4
-98
-82
-88
-70
-22
-8
-94
-66
-70
-74
-42
-104
127
127
127
127
127
127
127
127
127
127
127
127
127
127
127
-22
-22
-28
-22
-18
-18
-20
-22
-18
-28
-12
-18
5
-6
-12
-14
-28
-26
-14
-8
-10
-46
-66
-66
-58
-34
-22
-14
11
-6
-34
-70
-80
-76
-60
-26
-48
-76
-86
-64
-34
17
9
-46
-58
-34
127
127
127
127
127
127
127
127
127
127
127
127
127
127
127
-18
-20
-12
-10
-14
-12
-10
-10
-14
-12
-28
-4
-10
-14
-20
-24
5
5
9
5
-8
-32
-34
-36
-14
-2
-16
-18
-2
-28
-32
-26
-46
-38
-24
-26
1
-22
-18
-28
-30
-24
-22
-52
-44
7
127
127
127
127
127
127
127
127
127
127
127
127
127
127
127
-16
-12
-18
-18
-12
-8
-12
-10
-14
-20
-18
-14
-20
-16
-22
-38
-28
-28
-18
-20
-30
-34
-34
13
11
3
-20
-2
17
15
3
-6
-16
11
9
15
11
-24
-26
-16
-20
-24
-28
-38
-38
-28
127
127
127
127
127
127
127
127
127
127
127
127
127
127
127
-20
-14
-20
-28
-26
-28
-22
-10
-18
-26
-8
-28
-18
-14
-20
-24
-50
-92
-66
-12
-20
-30
-34
-30
-30
-38
-26
-22
-18
-26
-30
-32
-20
-28
-28
-18
-18
-18
-14
-16
-16
-6
13
11
5
5
127
127
127
127
127
127
127
127
127
127
127
127
127
127
127
-8
-18
-22
-34
-40
-26
-28
-20
-20
-28
-38
-36
-48
-38
-36
-36
-86
-52
-74
-62
-42
-50
-54
-36
-36
-32
-28
-22
-20
-30
-36
-30
-26
-30
-22
-2
11
15
11
-8
-20
-24
-18
-20
-24
-24
127
127
127
127
127
127
127
127
127
127
127
127
127
127
127
-28
-10
-18
-32
-32
-28
-24
-18
-30
-62
-40
-56
-86
-78
-56
-30
-92
-76
-88
-36
-30
-50
-66
-46
-38
-28
-26
-20
-22
-10
9
23
3
-16
-22
-20
-18
-18
-14
-16
-12
-22
-28
-32
-32
-22
127
127
127
127
127
127
127
127
127
127
127
127
127
127
127
-26
-34
-40
-68
-64
-52
-46
-58
-62
-16
21
-10
-26
-12
27
-4
-64
-78
-114
-42
15
5
-76
-34
-48
-54
-60
-60
-42
-20
-16
-14
-12
-4
-12
-16
-24
-24
-20
-12
-2
-12
-18
-28
-30
-22
127
127
127
127
127
127
127
127
127
127
127
127
127
127
127
-60
-74
-52
-6
7
19
-14
-74
-36
-46
-44
-34
-46
-50
-8
-76
-80
-56
-94
-84
-102
-30
-60
-34
-12
-22
-16
-38
-64
-44
-26
-18
-22
-18
-16
-12
-16
-24
-28
-26
-16
1
1
-16
-26
-24
127
127
127
127
127
127
127
127
127
127
127
127
127
127
127
-56
-56
7
-10
-24
-20
-70
-56
-82
-92
-58
-52
-64
-26
-34
-128
-120
-112
-128
-128
-56
-48
-62
-70
-30
-64
-44
-50
-50
-48
-52
-44
-30
-18
-18
-12
-20
-28
-30
-30
-16
-12
-8
-12
-22
-30
127
127
127
127
127
127
127
127
127
127
127
127
127
127
127
31
31
-92
-12
-12
-36
-12
-60
-92
-86
-52
-48
-92
-128
-128
-128
-120
-86
-34
-4
-40
-70
-70
-54
-32
-30
-82
-104
-28
-26
-58
-54
-32
-24
-22
-16
-24
-24
-24
-26
-20
-16
-12
-8
-14
-26
127
127
127
127
127
127
127
127
127
127
127
127
127
127
127
59
13
-46
-108
-76
-36
-18
-48
-66
-46
-42
-58
-44
-28
-8
7
-2
-22
-24
-40
-54
-50
-56
-58
-62
-122
-106
-92
-46
-66
-38
-26
-58
-40
-30
-24
-28
-28
-22
-26
-22
-16
-12
-10
-10
-24
127
127
127
127
127
127
127
127
127
127
127
127
127
127
127
33
-14
-64
-24
-64
-88
-124
-124
-120
-82
-30
-36
-42
-32
-6
-4
-12
-12
-14
-34
-38
-50
-94
-110
-106
-66
-68
-74
-102
-82
-64
-32
-34
-66
-32
-34
-30
-28
-28
-26
-22
-24
-22
-12
-10
-16
127
127
127
127
127
127
127
127
127
127
127
127
127
127
127
19
-62
-32
-34
-20
-4
-38
-26
-34
-70
-66
-116
-116
-104
-92
-96
-104
-102
-98
-110
-126
-108
-82
-60
-36
-74
-70
-68
-100
-104
-84
-54
-24
-30
-64
-44
-24
-40
-22
-16
-24
-26
-24
-20
-20
-18
127
127
127
127
127
127
127
127
127
127
127
127
127
127
127
-28
-24
-40
-24
-20
-44
-18
-38
-20
-62
-12
-24
-34
-28
-22
-34
-94
-40
-56
-52
-82
-80
-68
-86
-62
-52
-52
-62
-88
-98
-82
-66
-36
-18
-52
-54
-32
-32
-28
-20
-16
-16
-20
-26
-30
-28
127
127
127
127
127
127
127
127
127
127
127
127
127
127
127
-6
-16
-20
-26
-16
-30
-38
-38
-46
-64
-26
-40
-48
-44
-26
-22
-90
-46
-66
-72
-70
-96
-84
-52
-94
-48
-50
-76
-86
-82
-70
-68
-64
-40
-22
-48
-62
-28
-22
-20
-14
-16
-20
-30
-32
-32
127
127
127
127
127
127
127
127
127
127
127
127
127
127
127
21
-20
-52
-24
-52
-28
-32
-22
-72
-58
-50
-56
-54
-48
-48
-46
-98
-60
-66
-60
-52
-70
-62
-60
-80
-50
-46
-80
-84
-78
-70
-60
-64
-50
-46
-32
-74
-40
-14
-12
-28
-18
-20
-28
-30
-34
127
127
127
127
127
127
127
127
127
127
127
127
127
127
127
25
-18
-66
-6
-38
-56
-36
-48
-72
-64
-58
-50
-58
-58
-60
-52
-84
-60
-72
-74
-40
-52
-50
-34
-40
-50
-46
-74
-82
-80
-80
-70
-68
-48
-54
-52
-14
-58
-26
-34
-18
-24
-22
-22
-24
-30
127
127
127
127
127
127
127
127
127
127
127
127
127
127
127
49
-26
-12
-88
-44
-40
-44
-40
-54
-56
-66
-60
-62
-62
-70
-66
-70
-78
-70
-62
-54
-52
-34
-46
-46
-58
-68
-68
-70
-76
-80
-88
-76
-40
-48
-56
-28
-24
-66
-38
-16
-28
-28
-20
-18
-24
127
127
127
127
127
127
127
127
127
127
127
127
127
127
127
23
-82
-34
-78
-36
-32
-44
-50
-48
-48
-44
-32
-58
-70
-76
-70
-64
-68
-72
-66
-36
-58
-50
-38
-52
-38
-68
-48
-48
-66
-64
-90
-62
-36
-42
-60
-58
-26
-40
-50
-32
-34
-32
-22
-20
-24
127
127
127
127
127
127
127
127
127
127
127
127
127
127
127
17
-38
-70
-52
-56
-48
-40
-44
-42
-46
-36
-24
-56
-82
-78
-68
-64
-60
-64
-76
-52
-54
-54
-46
-54
-42
5
-36
-38
-54
-70
-58
-62
-44
-56
-68
-60
-72
-46
-28
-52
-34
-30
-26
-20
-28
127
127
127
127
127
127
127
127
127
127
127
127
127
127
127
15
-34
-64
-66
-60
-50
-58
-42
-48
-46
-38
-32
-44
-66
-76
-68
-58
-62
-64
-88
-54
-38
-46
-46
-34
69
-26
-94
-18
-34
-48
-52
-46
-46
-52
-60
-70
-74
-58
-28
-72
-38
-24
-28
-26
-26
127
127
127
127
127
127
127
127
127
127
127
127
127
127
127
25
17
-50
-36
-54
-36
-50
-60
-52
-50
-38
-4
-34
-60
-66
-52
-48
-48
-62
-62
-38
-20
-40
-36
75
-14
-108
-102
-70
-16
-22
-46
-44
-50
-58
-60
-66
-70
-70
-38
-60
-54
-22
-24
-28
-22
127
127
127
127
127
127
127
127
127
127
127
127
127
127
127
127
11
-16
-38
-54
-50
-58
-56
-48
-54
-22
-2
-16
-60
-56
-44
-50
-46
-52
-56
-30
-20
-8
75
-16
-126
-106
-98
-102
-74
7
-22
-38
-54
-64
-66
-60
-68
-80
-58
-34
-62
-34
-20
-28
-26
