-112
-128
-112
-102
-96
-50
-88
-108
-46
-22
-28
-34
-46
-40
-18
-22
-36
-48
-42
-28
-16
-18
-28
-28
-30
-18
3
-4
-4
-12
-32
-34
-38
-20
-4
-18
7
-16
-2
-24
-26
-14
-16
-24
-30
-40
-26
-34
-32
-32
-22
-16
-4
-2
-6
-16
-22
-42
-48
-42
-30
-124
-128
-116
-110
-98
-48
-106
-102
-44
-18
-26
-36
-48
-44
-20
-18
-38
-36
-16
-8
-16
-24
-26
-18
-22
-44
-10
1
-8
-12
-40
-40
-40
-38
-56
-16
-42
-24
-12
-36
-14
15
-4
-20
-28
-8
-8
-6
-22
-16
-4
9
19
15
1
-16
-24
-38
-44
-36
-22
-128
-126
-114
-112
-90
-40
-118
-88
-36
-14
-28
-40
-50
-48
-22
-12
-6
-10
-2
-2
-2
-14
-14
-16
-36
-2
-34
-32
-22
-44
-40
-44
-24
-10
-86
-116
-54
-36
-38
-18
-42
-30
-16
-28
-30
-18
-16
-20
-20
-24
-26
-20
-10
-6
-12
-18
-22
-28
-28
-6
11
-128
-104
-114
-114
-76
-38
-124
-72
-30
-12
-28
-40
-52
-48
-22
-8
3
-4
-2
-8
-6
-18
-26
-40
-32
-50
-38
-50
-52
-36
-50
-56
-26
-42
-86
-88
-114
-50
-68
-60
-44
-78
-40
-38
-36
-34
3
-2
5
-8
-20
-22
-16
-6
3
5
-10
-18
-20
-24
-26
-128
-96
-114
-110
-64
-58
-118
-54
-18
-10
-26
-38
-46
-42
-22
-10
-18
-20
-10
-26
-28
-46
-46
-56
-64
-56
-98
-48
-4
-60
-88
-68
5
-60
-56
-110
-112
19
9
-60
-66
-82
-64
-48
-40
-34
-16
1
-8
-18
-26
-30
-28
-26
-24
-22
-10
-10
-8
-8
-12
-126
-92
-108
-102
-52
-90
-100
-42
-14
-10
-28
-34
-36
-34
-22
-18
-14
-38
-50
-72
-54
-60
-50
-74
-76
-104
-54
-16
9
9
-24
25
73
-70
-116
-102
-128
29
23
-12
-62
-24
-70
-68
-60
-42
-52
-18
-22
-26
-28
-30
-30
-28
-22
-20
-10
1
9
5
-2
-112
-94
-100
-84
-38
-124
-80
-32
-14
-12
-20
-28
-28
-26
-26
-36
-50
-86
-82
-72
1
31
49
25
-62
-46
-46
-54
-32
-42
-66
3
-2
-112
-128
-128
-128
-122
-98
-2
-76
-8
-20
9
7
-24
-58
-76
-44
-40
-38
-40
-36
-28
-16
-8
-12
-4
3
1
-6
-104
-100
-96
-74
-28
-128
-70
-36
-18
-14
-18
-18
-16
-18
-32
-54
-70
-92
-74
-58
3
7
11
-32
-12
-58
-54
-72
-48
-44
-86
-22
-118
-128
-128
-128
-128
-98
-30
-44
-32
-40
-30
-12
-22
-70
-20
-66
-70
-52
-42
-38
-28
-26
-18
-12
-4
-4
-4
-12
-14
-114
-116
-112
-40
-74
-118
-56
-28
-26
-26
-20
-8
-22
-24
-34
-72
-88
-40
29
-40
-98
-16
-24
1
5
-32
-68
-70
-38
-50
-82
-128
-128
-102
-72
-28
-4
-24
-30
-40
-46
-40
-32
-54
-118
-40
-18
-4
-58
-74
-80
-44
-28
-26
-20
-16
-12
-14
-12
-16
-16
-128
-114
-102
-20
-104
-90
-56
-32
-24
-30
-6
-42
-14
-24
-74
-60
-6
17
1
-26
-90
-126
-90
-46
-26
-24
-28
-32
-44
-58
-42
-16
3
-4
-18
-20
-20
-32
-38
-54
-60
-76
-116
-128
-100
-78
-48
-28
-18
-54
-74
-78
-46
-36
-12
-10
-18
-18
-22
-22
-20
-128
-106
-68
-32
-122
-68
-50
-32
-46
-22
-36
-26
-42
-54
-68
-2
21
-14
-8
-80
-26
-52
-58
-98
-104
-126
-128
-124
-72
-54
-34
-10
1
-18
-16
-12
-30
-46
-78
-100
-126
-114
-70
-78
-54
-110
-92
-78
-26
-10
-60
-78
-66
-30
-42
-16
-26
-28
-32
-32
-28
-128
-100
-28
-78
-100
-60
-36
-34
-44
-42
-38
-58
-54
-64
7
23
-14
-12
-72
-72
-44
-8
-4
-76
-20
-30
-36
-96
-90
-118
-114
-100
-94
-128
-126
-110
-124
-106
-96
-88
-104
-76
-64
-68
-66
-64
-128
-60
-56
-26
-16
-68
-56
-64
-36
-36
-30
-32
-34
-32
-28
-118
-80
-26
-118
-66
-48
-28
-34
-26
-46
-60
-88
-82
23
9
-8
-18
-64
-78
-26
-32
-24
-24
-30
-44
-48
-62
-60
-24
-12
-24
-16
-20
-54
-52
-18
-38
-46
-62
-62
-64
-120
-48
-64
-36
-70
-78
-90
-62
-56
-28
-6
-78
-68
-54
-46
-36
-32
-32
-32
-28
-102
-62
-60
-116
-48
-28
-26
-20
-26
-56
-72
-86
-16
11
-6
-34
-36
-116
-32
-40
-4
-16
-32
-30
-42
-48
-90
-36
-38
-34
-62
-38
-30
-62
-90
-46
-52
-54
-60
-60
-64
-70
-104
-42
-58
-78
-80
-60
-70
-80
-38
-20
-12
-70
-74
-56
-38
-30
-26
-26
-26
-86
-56
-110
-100
-48
-14
-14
-10
-36
-48
-70
-6
-6
-32
-40
-38
-68
-44
-36
-58
-48
-38
-28
-46
-44
-54
-96
-32
-36
-44
-54
-54
-44
-50
-98
-56
-62
-62
-54
-56
-36
-62
-98
-36
-60
-84
-62
-84
-92
-76
-62
-24
-6
-18
-64
-60
-40
-26
-18
-18
-18
-60
-48
-128
-82
-50
-22
-18
-30
-48
-88
-16
13
-24
-36
-44
-54
-42
-36
-18
-64
-12
-18
-44
-46
-38
-46
-72
-50
-34
-70
-48
-80
-76
-46
-94
-60
-72
-72
-46
-48
-32
-30
-48
-56
-58
-88
-80
-82
-82
-96
-48
-36
-46
-2
9
-86
-56
-40
-24
-16
-16
-14
-82
-104
-50
-38
-18
-54
-50
-98
-42
-12
-20
-26
-30
-48
-58
-36
-14
-20
-82
-82
-108
-52
-26
-30
-36
-44
-58
-56
-72
-80
-82
-72
-50
-70
-70
-74
-62
-56
-50
-32
-56
-68
-78
-66
-90
-86
-78
-78
-80
-68
-30
-40
-26
17
-32
-74
-62
-40
-14
-4
33
-106
-86
-52
-40
-40
-42
-88
-28
-22
-28
-46
-44
-32
-34
-42
-14
-34
-76
-50
-74
-68
-40
-32
-36
-26
-34
-34
-56
-48
-86
-80
-74
-52
-54
-62
-52
-50
-40
-50
-46
-34
-56
-54
-52
-38
-56
-56
-54
-60
-68
-58
-64
-50
-14
-22
-38
-82
-38
-32
-8
-56
-110
-84
-44
-26
-38
-60
-28
5
-26
-44
-58
-54
-32
-22
-30
-60
-62
-24
-66
-76
-72
-64
-48
-54
-44
-30
-38
-32
-36
-84
-82
-78
-66
-66
-78
-58
-54
-34
-46
-48
-44
-32
21
7
-30
-40
-32
-42
-48
-66
-78
-74
-64
-40
-14
-10
-66
-58
-42
-20
-84
-40
-30
-20
-16
-52
-60
23
-10
-36
-48
-56
-58
-38
-28
-44
-50
-60
-62
-52
-64
-72
-76
-58
-60
-62
-48
-38
-16
-18
-74
-76
-68
-66
-68
-70
-58
-52
-28
-26
-18
-50
19
63
-128
-66
7
-14
-32
-50
-68
-82
-80
-72
-60
-34
-22
-28
-92
-40
-28
-62
-60
-36
-54
-54
-74
7
13
-22
-42
-52
-62
-60
-34
-24
-46
-66
-38
13
-28
-40
-42
-74
-58
-62
-66
-62
-20
5
-16
-48
-62
-68
-70
-68
-44
-54
-50
-26
-10
-34
23
61
-128
-128
-128
-76
1
-14
-42
-60
-78
-90
-78
-70
-58
-46
-16
-82
-60
-40
5
-28
-34
-48
-78
-46
23
-24
-40
-50
-60
-66
-54
-28
-24
-42
-46
43
43
-88
-22
-36
-60
-62
-66
-76
-44
-16
43
-68
-16
-54
-66
-74
-76
-48
-68
-54
-26
3
43
49
-128
-114
-94
-128
-126
-52
-12
-32
-60
-80
-94
-90
-70
-62
-56
-28
-40
-86
-52
-8
-20
-46
-58
-78
-6
-6
-22
-40
-46
-54
-62
-48
-32
-24
-14
63
41
-128
-128
-30
-20
-36
-58
-68
-70
-24
5
43
-128
-10
-44
-52
-66
-66
-56
-68
-46
3
17
19
-128
-82
-12
115
-16
-128
-128
-76
-46
-68
-88
-90
-94
-76
-58
-54
-40
-16
-78
-66
33
-10
-16
-72
-66
-4
-30
-40
-52
-48
-56
-60
-44
-22
17
67
47
-128
-126
-128
-92
1
-40
-32
-70
-38
-40
47
3
-128
-18
-20
-54
-66
-56
-60
-60
-38
13
3
-128
-128
-62
1
77
53
-128
-128
-128
-76
-84
-92
-80
-98
-80
-52
-48
-24
-8
-36
-68
11
11
-50
-82
-40
-24
-40
-42
-52
-52
-76
-36
-32
15
77
17
-92
9
23
-74
-128
-68
1
-36
-42
-40
-14
97
-74
-128
-68
-14
-52
-52
-54
-50
-56
-48
-24
-46
-38
-34
-36
-28
-14
-8
-14
-34
-40
-68
-58
-90
-84
-76
-78
-50
-42
-16
5
-34
-76
29
13
-44
-72
-30
-38
-54
-64
-64
-48
-40
-58
-8
87
-18
-128
-48
-30
43
57
-128
-128
-40
-20
-34
-20
25
99
-128
-120
-128
-24
-36
-48
-58
-56
-58
-58
-36
-38
-24
-34
-50
-54
-46
-36
-28
-36
-62
-62
-90
-80
-84
-96
-58
-48
-38
-16
5
-22
-82
-4
-26
-66
-70
-14
-34
-44
-56
-40
-68
-46
-38
-8
13
-88
-94
-62
-26
-8
9
-62
-48
-38
-28
-28
-8
61
9
-128
-128
-128
-78
-28
-46
-64
-58
-56
-68
-54
-32
-38
-48
-60
-70
-66
-60
-60
-62
-64
-68
-80
-86
-74
-116
-66
-98
-40
-26
3
-6
-90
-14
-38
-80
-50
-16
-42
-54
-64
-64
-46
-48
-58
-38
-4
-30
-20
-54
-62
-52
-56
-32
-48
-48
-46
-36
-40
97
-100
-128
-128
-128
-112
-44
-54
-60
-56
-52
-68
-66
-42
-56
-60
-66
-72
-74
-76
-78
-84
-70
-80
-70
-78
-72
-72
-48
-82
-40
-28
-2
11
-98
-18
-38
-84
-22
-26
-42
-56
-50
-42
-52
-74
-54
-36
-22
-24
-34
-54
-68
-54
-84
-46
-92
-76
-40
-26
-16
9
-64
-36
-22
11
-46
-58
-58
-60
-60
-56
-64
-66
-48
-42
-46
-60
-72
-82
-82
-82
-76
-70
-72
-86
-66
-96
-70
-52
-46
-44
-36
-10
9
-108
-38
-50
-92
-6
-26
-34
-44
-34
-40
-46
-52
-62
-70
-32
-34
-38
-44
-72
-46
-68
-88
-72
-38
-56
-48
-38
-8
-20
-38
-26
-44
-50
-66
-66
-60
-68
-70
-64
-66
-48
-42
-38
-50
-66
-76
-84
-84
-78
-64
-70
-86
-72
-82
-128
-68
-62
-60
-48
-22
-6
-114
-34
-50
-86
5
-24
-38
-40
-44
-46
-52
-56
-68
-62
-26
-44
-38
-38
-38
-48
-66
-66
-76
-82
-40
-44
-34
-30
-16
-24
-50
-52
-80
-70
-80
-68
-70
-76
-64
-66
-52
-50
-42
-42
-52
-64
-78
-84
-84
-64
-78
-70
-82
-54
-116
-60
-60
-74
-60
-30
-20
-120
-34
-54
-80
9
-14
-38
-32
-42
-46
-38
-74
-78
-58
-38
-30
-22
-8
-14
-20
-50
-68
-68
-62
-40
-28
-34
-12
-46
-52
-36
-54
-76
-60
-80
-64
-64
-68
-60
-58
-48
-44
-36
-40
-54
-68
-70
-64
-60
-58
-70
-78
-92
-90
-52
-76
-60
-72
-52
-22
-24
-108
-26
-50
-78
7
-30
-42
-32
-34
-48
-54
-60
-78
-52
-2
-6
-24
-48
-38
-26
-44
-74
-64
-76
-20
-8
-2
-28
-42
-68
-58
-56
-48
-48
-36
-70
-66
-62
-56
23
-104
-112
-38
-60
-44
-32
-74
-48
-52
-64
-58
-82
-72
-82
-76
-62
-66
-64
-62
-26
-8
-104
-20
-50
-84
3
-28
-42
-36
-44
-50
-50
-74
-56
-44
53
-14
-108
-94
-114
-128
-20
-54
-72
-60
3
-66
-58
-30
-52
-62
-38
-28
5
-128
-106
-46
-56
-62
-36
37
-70
-84
-6
-32
-38
-2
-22
-128
-82
-34
-58
-72
-76
-74
-64
-76
-66
-64
-60
-34
-16
-104
-22
-54
-88
-2
-28
-44
-42
-48
-40
-52
-58
-44
17
29
-114
-106
-98
-100
-128
-10
-40
-46
19
1
-128
-124
-6
-6
-28
-40
-6
123
-120
-128
-8
-36
-60
-22
57
1
-76
17
-18
-36
61
-38
-128
-110
-48
-50
-60
-64
-70
-50
-64
-76
-64
-60
-36
-20
-104
-22
-52
-86
-8
-24
-48
-44
-46
-44
-38
-50
-14
113
-114
-114
-70
-82
-68
-80
33
11
-40
61
-18
-128
-128
-26
7
9
3
25
127
-66
-110
-4
1
-12
-18
-32
-90
-50
25
11
5
77
-58
-64
-110
-106
-34
-46
-54
-62
-54
-40
-86
-64
-52
-30
-28
-98
-26
-50
-84
-18
-32
-56
-46
-44
-58
-34
-52
99
27
-118
-84
-70
-54
-80
-104
-34
15
23
97
-44
-92
-86
-72
-70
-82
-66
-82
-66
-78
-92
-50
-68
-112
-126
-112
-96
-108
-106
-116
-116
-114
-94
-64
-72
-128
-38
-40
-44
-54
-54
-50
-88
-68
-52
-24
-38
-90
-34
-48
-84
-36
-46
-66
-52
-48
-44
-60
19
111
-62
-92
-66
-56
-48
-44
-72
-92
-118
-86
-24
-94
-86
-70
-90
-96
-122
-110
-98
-90
-76
-66
-78
-90
-88
-78
-78
-78
-80
-82
-86
-74
-92
-50
-58
-70
-114
-70
-42
-52
-54
-44
-76
-66
-70
-58
-20
-56
-82
-34
-42
-82
-50
-58
-72
-54
-56
-52
-22
7
85
-108
-98
-50
-28
-38
-48
-68
-54
-90
-94
-74
-58
-44
-54
-78
-74
-84
-90
-78
-66
-70
-48
-52
-68
-54
-62
-68
-76
-78
-72
-80
-64
-52
-58
-44
-72
-112
-88
-46
-56
-54
-46
-90
-52
-64
-60
-20
-76
-72
-32
-38
-80
-56
-58
-74
-54
-60
-50
-44
13
27
-114
-82
-52
-40
-42
-42
-70
-76
-74
-62
-62
-58
-46
-50
-52
-72
-70
-76
-68
-66
-62
-64
-52
-60
-34
-50
-50
-56
-56
-68
-70
-54
-66
-78
-62
-78
-126
-74
-48
-56
-58
-62
-84
-58
-50
-50
-14
-88
-64
-28
-28
-78
-78
-48
-68
-76
-50
-56
-28
-18
41
-122
-88
-54
-38
-58
-44
-76
-76
-82
-64
-58
-48
-60
-58
-56
-78
-76
-62
-64
-74
-64
-62
-76
-46
-62
-46
-38
-52
-54
-58
-78
-70
-86
-76
-100
-108
-128
-46
-50
-56
-56
-62
-90
-42
-44
-42
-18
-96
-64
-24
-34
-68
-84
-40
-68
-64
-58
-76
-32
-34
25
-114
-92
-62
-46
-68
-80
-82
-82
-74
-74
-62
-70
-62
-86
-82
-72
-70
-90
-72
-66
-90
-80
-78
-70
-62
-56
-38
-50
-62
-76
-82
-96
-112
-116
25
13
-128
-38
-62
-68
-76
-110
-50
-38
-50
-20
-42
-86
-48
-18
-36
-60
-90
-32
-58
-48
-54
-102
-24
-28
-28
-128
-104
-80
-96
-86
-106
-106
-116
-108
-92
-86
-78
-98
-84
-70
45
-48
-92
-102
-106
-108
-106
-100
-88
-66
-82
-86
-88
-92
-92
-112
-108
-66
17
13
67
-54
-24
-64
-56
-70
-128
-50
-48
-28
15
-64
-70
-40
-10
-30
-54
-88
-42
-42
-32
-50
-90
-64
-32
-30
-84
-114
-116
-100
-112
-46
-10
7
1
27
-106
-80
-16
29
27
127
-52
-118
-12
19
7
49
21
-76
-92
-56
-12
11
7
95
-110
-122
-4
13
-2
-28
-16
-58
-72
-62
-88
-98
-58
-38
-14
-4
-78
-58
-40
-8
-22
-54
-72
-56
-26
-32
-54
-74
-94
-32
-34
-34
-84
-128
-128
-128
-32
-24
-6
-10
87
-128
-66
37
17
-4
109
-52
-128
31
19
-4
63
51
-106
-112
-66
3
19
-4
91
-16
-128
-86
7
-36
-62
-48
-60
-48
-62
-122
-64
-48
-24
13
-30
-62
-48
-42
-18
-22
-48
-60
-72
-16
-42
-68
-80
-104
-46
-70
-36
-28
-70
-118
-128
-52
-72
-54
-44
75
-128
-86
-32
-34
-28
89
-52
-128
-4
-16
-50
31
61
-128
-118
-96
-12
-10
-14
57
33
-128
-128
-16
-46
-56
-52
-36
-34
-48
-100
-50
-36
-12
15
-46
-42
-34
-42
-16
-18
-40
-56
-88
-20
-46
-80
-74
-116
-86
-56
-42
-32
-22
-40
-88
-52
-66
-66
-58
5
-126
-94
-40
-44
-78
5
-60
-80
-10
-18
-48
41
59
-128
-128
-114
-30
-28
-32
9
53
-82
-26
1
-20
-50
-52
-46
-52
-74
-56
-42
-28
-8
-34
-56
-38
-34
-40
-16
-16
-30
-54
-88
-22
-42
-80
-82
-84
-80
-42
-88
-78
-46
-74
-74
-92
-72
-78
-68
-66
-74
-76
-78
-56
-58
-52
-24
-10
-6
-38
-46
-42
-22
-34
-18
-30
-48
-30
-34
-38
-6
-4
-4
-16
-44
-40
-44
-44
-28
-112
-40
-28
-14
-6
-58
-38
-30
-24
-36
-20
-34
-14
-6
-38
-48
-60
-86
-88
-90
-74
-62
-74
-62
-82
-86
-80
-84
-94
-68
-72
-74
-84
-80
-74
-72
-66
-60
-40
-22
-26
-36
-62
-56
-48
-40
-34
-42
-44
-30
-22
-34
-14
-26
-42
-46
-36
-48
-44
-42
-96
-50
-52
-22
-2
-64
-18
5
9
-4
-24
-16
-32
-22
-28
-62
-68
-62
-60
-82
-78
-58
-96
-34
-78
-106
-80
-78
-114
-72
-82
-76
-74
-82
-84
-82
-76
-62
-56
-40
-26
-30
-42
-58
-54
-56
-50
-42
-44
-42
-30
-18
-16
-24
-22
-92
-44
-44
-40
-44
-24
-110
-42
-24
-10
-28
-68
-28
-12
-2
11
15
-26
1
31
23
-32
-74
-72
-44
-52
-66
-54
-106
-26
-76
-120
-98
-84
-120
-82
-82
-80
-78
-76
-102
-92
-84
-70
-60
-44
-30
-32
-40
-56
-46
-50
-46
-36
-44
-42
-26
-26
-20
-30
-32
-108
-36
-40
-32
-30
-60
-52
-22
-12
-2
-82
-58
-20
-10
-6
-14
-24
-36
-30
-18
-20
-26
-52
-68
-62
-20
-30
-14
-40
-54
-42
-90
-98
-90
-84
-108
-70
-76
-80
-72
-116
-88
-82
-72
-66
-50
-32
-30
-32
-68
-48
-44
-42
-36
-46
-44
-18
-20
-40
-8
-78
-46
-56
-18
-36
-30
-52
-6
15
-8
-50
-42
-30
-28
-6
13
7
-14
-30
-22
-12
9
31
3
-42
-62
-26
-8
9
-8
-98
-38
-66
-84
-84
-60
-102
-78
-62
-68
-74
-106
-84
-76
-66
-58
-42
-24
-20
-24
-84
-48
-42
-44
-42
-58
-56
-22
-28
-14
-42
-50
-54
-40
-50
-28
-20
-16
5
-12
-46
-72
-24
-34
-36
-36
-34
-28
-20
-36
-26
-18
-14
-4
-22
-50
-60
-60
-32
-32
-58
-110
-50
-54
-72
-80
-74
-78
-102
-56
-54
-78
-82
-98
-82
-70
-58
-40
-24
-20
-24
-94
-48
-38
-42
-48
-70
-70
-24
-28
-20
-48
-58
-32
-56
-40
-16
-44
-10
-20
-52
-44
13
15
21
-6
-26
-40
-40
-22
-40
-28
-16
7
33
31
-4
-38
-58
-42
-46
-68
-82
-60
-30
-50
-74
-82
-70
-106
-76
-64
-80
-72
-110
-94
-82
-68
-54
-38
-28
-32
-100
-46
-42
-50
-52
-78
-76
-28
-30
-24
-80
-38
-38
-36
-20
-26
-60
-12
-62
-44
-28
-12
-2
-30
-30
-36
-32
-24
-16
-38
-28
-16
-18
-8
5
3
-12
-38
-32
-20
-26
-72
-88
-20
-30
-60
-58
-68
-74
-88
-62
-60
-64
-102
-92
-78
-70
-56
-38
-28
-22
-94
-44
-40
-48
-50
-70
-70
-16
-6
-16
-88
-16
-20
-8
3
-48
-60
-84
-36
-2
5
3
-8
-10
-18
-30
-38
-34
-26
-32
-28
-20
-16
-14
-18
-24
-32
-8
-4
-20
-40
-36
-46
-48
-14
-20
-48
-56
-50
-60
-62
-40
-28
-38
-98
-50
-58
-48
-4
-16
-18
-88
-12
-44
-24
-36
-40
-70
5
21
-50
-42
-6
21
7
-32
-76
-20
-16
-18
-24
-18
-14
-16
-22
-22
-28
-32
-32
-26
-32
-28
-20
-20
-22
-24
-28
-30
-28
-20
-20
-28
-18
-26
-64
-74
-64
1
-38
11
-26
-96
9
-6
-6
-34
-62
-36
-30
-16
19
1
-50
-44
-22
-22
-12
-16
-66
33
45
-68
-84
-46
-28
-54
-44
-16
-32
-32
-34
-32
-30
-20
-20
-20
-22
-24
-28
-28
-26
-28
-28
-24
-26
-28
-28
-30
-30
-30
-24
-12
-10
11
17
-18
-40
-54
-80
-38
-74
-94
-76
-70
-2
15
5
-56
-6
5
7
51
29
-16
-42
9
-16
-6
-28
-60
33
-6
-64
-44
-12
-10
-36
-30
-16
-24
-28
-36
-38
-32
-34
-30
-30
-22
-24
-24
-24
-26
-26
-26
-24
-26
-32
-32
-34
-32
-32
-32
-20
-20
-14
-10
-20
-32
-58
-66
-66
-36
-22
-38
-58
-74
-72
-78
-100
-68
-42
-30
-24
-42
-100
-58
3
-2
-22
-90
-92
-74
-58
-50
-6
1
-2
-6
-8
-20
-10
-20
-24
-30
-32
-34
-34
-32
-26
-24
-22
-24
-26
