127
127
127
127
127
127
127
127
127
127
127
-54
-56
-72
-74
-88
-96
-66
-42
-52
-78
-80
-46
-10
31
39
51
63
75
81
83
85
29
39
31
-4
-30
-48
-66
-86
-90
-104
-116
-110
-100
-94
-106
-120
-76
-70
-68
-74
-84
-94
-98
-96
-72
-68
-72
59
127
127
127
127
127
127
127
127
127
127
127
127
127
127
127
127
127
127
-66
-52
-92
-86
-68
-108
-90
-72
-70
-74
-68
-44
-24
-24
-22
-20
-18
-22
-28
-36
-40
-66
-40
-16
-18
-20
-28
-54
-80
-90
-88
-90
-100
-114
-114
-98
-86
-106
-98
-86
-84
-86
-84
-80
-76
-72
-70
-76
59
127
127
127
127
127
127
127
127
127
127
127
127
127
127
127
127
127
127
-52
-76
-104
-70
-60
-88
-78
-68
-60
-60
-60
-56
-48
29
35
47
55
61
65
65
65
33
37
27
7
-2
-6
-26
-52
-48
-68
-88
-94
-94
-102
-120
-128
-122
-114
-102
-96
-90
-82
-78
-72
-80
-76
-76
57
127
127
127
127
127
127
127
127
127
127
127
127
127
127
127
127
127
125
-26
-110
-94
-56
-68
-60
-48
-32
-14
19
69
127
127
127
127
127
127
127
127
127
127
127
127
127
127
127
127
59
3
-64
-46
-40
-70
-108
-122
-100
-64
-110
-108
-102
-100
-96
-94
-86
-84
-82
-80
-82
53
127
127
127
127
127
127
127
127
127
127
127
127
127
127
127
127
127
53
-32
-104
-72
-78
-48
-26
51
127
127
127
127
127
127
127
127
127
127
127
127
127
127
127
127
127
127
127
127
127
127
127
93
29
-22
-48
-64
-78
-88
-92
-94
-100
-100
-94
-94
-86
-84
-88
-84
-88
47
127
127
127
127
127
127
127
127
127
127
127
127
127
127
127
127
127
-10
-62
-64
-50
-68
43
127
127
127
127
127
127
127
127
127
127
127
127
127
127
127
127
127
127
127
127
127
127
127
127
127
127
127
127
95
1
-60
-82
-70
-80
-90
-96
-92
-82
-74
-74
-90
-90
-92
43
127
127
127
127
127
127
127
127
127
127
127
127
127
127
127
127
127
-40
-60
-50
-40
73
127
127
127
127
127
127
127
127
127
127
127
127
127
127
127
127
127
127
127
127
127
127
127
127
127
127
127
127
127
127
127
115
35
-28
-44
-68
-82
-88
-86
-78
-78
-88
-90
-98
33
127
127
127
127
127
127
127
127
127
127
127
127
127
127
127
127
83
-48
-32
-70
-36
127
127
127
127
127
127
127
127
127
127
127
127
127
127
127
127
127
127
127
127
127
127
127
127
127
127
127
127
127
127
127
127
127
127
19
-6
-46
-74
-88
-94
-96
-96
-90
-88
-100
29
127
127
127
127
127
127
127
127
127
127
127
127
127
127
127
127
1
-48
-44
1
127
127
127
127
127
127
127
127
127
127
127
127
127
127
127
127
127
127
127
127
127
127
127
127
127
127
127
127
127
127
127
127
127
127
127
127
127
57
-38
-54
-48
-90
-128
-112
-66
-60
-8
127
127
127
127
127
127
127
127
127
127
127
127
127
127
127
115
17
-32
-16
127
127
127
127
127
127
127
127
127
127
127
127
127
127
127
127
127
127
127
127
127
127
127
127
127
127
127
127
127
127
127
127
127
127
127
127
127
127
127
123
15
-80
-90
-52
-124
-76
-86
-64
127
127
127
127
127
127
127
127
127
127
127
127
127
127
127
7
11
-4
127
127
127
127
127
127
127
127
127
127
127
127
127
127
127
127
127
127
127
127
127
127
127
127
127
127
127
127
127
127
127
127
127
127
127
127
127
127
127
127
127
127
37
-64
-92
-98
-106
-112
-68
111
127
127
127
127
127
127
127
127
127
127
127
127
127
127
-8
-36
127
127
127
127
127
127
127
127
127
127
127
127
127
127
127
127
127
127
127
127
127
127
127
127
127
127
127
127
127
127
127
127
127
127
127
127
127
127
127
127
127
127
127
127
59
-114
-74
-106
-98
-56
39
127
127
127
127
127
127
127
127
127
127
127
127
127
55
-14
53
127
127
127
127
127
127
127
127
127
127
127
127
127
127
127
127
127
127
127
127
127
127
127
127
127
127
127
127
127
127
127
127
127
127
127
127
127
127
127
127
127
127
127
127
127
81
-48
-66
-80
-84
-32
127
127
127
127
127
127
127
127
127
127
127
127
127
21
-6
127
127
127
127
127
127
127
127
127
127
127
127
127
127
127
127
127
127
127
127
127
127
127
127
127
127
127
127
127
127
127
127
127
127
127
127
127
127
127
127
127
127
127
127
127
127
127
69
-14
-94
-104
-52
127
127
127
127
127
127
127
127
127
127
127
127
53
-38
119
127
127
127
127
127
127
127
127
127
127
127
127
127
127
127
127
127
127
127
127
127
127
127
127
127
127
127
127
127
127
127
127
127
127
127
127
127
127
127
127
127
127
127
127
127
127
127
127
107
-52
-80
-50
59
127
127
127
127
127
127
127
127
127
127
127
-4
3
127
127
127
127
127
127
127
127
127
127
127
127
127
127
127
127
127
127
127
127
127
127
127
127
127
127
127
127
127
127
127
127
127
127
127
127
127
127
127
127
127
127
127
127
127
127
127
127
127
127
51
-68
-76
1
127
127
127
127
127
127
127
127
127
127
-28
-10
127
127
127
127
127
127
127
127
127
127
127
127
127
127
127
127
127
127
127
127
127
127
127
127
127
127
127
127
127
127
127
127
127
127
127
127
127
127
127
127
127
127
127
127
127
127
127
127
127
127
127
127
39
-60
-54
117
127
127
127
127
127
127
127
127
57
-32
47
127
127
127
127
127
127
127
127
127
127
127
127
127
127
127
127
127
127
127
127
127
127
127
127
127
127
127
127
127
127
127
127
127
127
127
127
127
127
127
127
127
127
127
127
127
127
127
127
127
127
127
127
127
-6
-26
1
127
127
127
127
127
127
127
101
-32
-34
127
127
127
127
127
127
127
127
127
127
127
127
127
127
127
127
127
127
127
127
127
127
127
127
127
127
127
127
127
127
127
127
127
127
127
127
127
127
127
127
127
127
127
127
127
127
127
127
127
127
127
127
127
127
127
1
-2
95
127
127
127
127
127
127
-2
-62
-10
127
127
127
127
127
127
127
127
127
127
127
127
127
127
127
127
127
127
127
127
127
127
127
127
127
127
127
127
127
127
127
127
127
127
127
127
127
127
127
127
127
127
127
127
127
127
127
127
127
127
127
127
127
127
127
77
-4
-2
127
127
127
127
127
-6
-44
-48
81
127
127
127
127
127
127
127
127
127
127
127
127
127
127
127
127
127
127
127
127
127
127
127
127
127
127
127
127
127
127
127
127
127
127
127
127
127
127
127
127
127
127
127
127
127
127
127
127
127
127
127
127
127
127
127
127
53
-60
103
127
127
115
37
-50
-56
-2
127
127
127
127
127
127
127
127
127
127
127
127
127
127
127
127
127
127
127
127
127
127
127
127
127
127
127
127
127
127
127
127
127
127
127
127
127
127
127
127
127
127
127
127
127
127
127
127
127
127
127
127
127
127
127
127
127
127
-12
-22
127
127
-40
-68
-60
-60
77
127
127
127
127
127
127
127
127
127
127
127
127
127
127
127
127
127
127
127
127
127
127
127
127
127
127
127
127
127
127
127
127
127
127
127
127
127
127
127
127
127
127
127
127
127
127
127
127
127
127
127
127
127
127
127
127
127
127
37
-28
85
127
-118
-90
-80
-62
127
127
127
127
127
127
127
127
127
127
127
127
127
127
127
127
127
127
127
127
127
127
127
127
127
127
127
127
127
127
127
127
127
127
127
127
127
127
127
127
127
127
127
127
127
127
127
127
127
127
127
127
127
127
127
127
127
127
127
127
3
-18
127
-94
-72
-62
-6
127
127
127
127
127
127
127
127
127
127
127
127
127
127
127
127
127
127
127
127
127
127
127
127
127
127
127
127
127
127
127
127
127
127
127
127
127
127
127
127
127
127
127
127
127
127
127
127
127
127
127
127
127
127
127
127
127
127
127
127
57
-10
-58
-68
-56
-52
23
127
127
127
127
127
127
127
127
127
127
127
127
127
127
127
127
127
127
127
127
127
127
127
127
127
127
127
127
127
127
127
127
127
127
127
127
127
127
127
127
127
127
127
127
127
127
127
127
127
127
127
127
127
127
127
127
127
127
127
127
127
-8
-18
-46
-40
-42
69
127
127
127
127
127
127
127
127
127
127
127
127
127
127
127
127
127
127
127
127
127
127
127
127
127
127
127
127
127
127
127
127
127
127
127
127
127
127
127
127
127
127
127
127
127
127
127
127
127
127
127
127
127
127
127
127
127
127
127
127
127
9
-8
-58
-44
-36
113
127
127
127
127
127
127
127
127
127
127
127
127
127
127
127
127
127
127
127
127
127
127
127
127
127
127
127
127
127
127
127
127
127
127
127
127
127
127
127
127
127
127
127
127
127
127
127
127
127
127
127
127
127
127
127
127
127
127
127
127
127
95
-8
-92
-56
-36
127
127
127
127
127
127
127
127
127
127
127
127
127
127
127
127
127
127
127
127
127
127
127
127
127
127
127
127
127
127
127
127
127
127
127
127
127
127
127
127
127
127
127
127
127
127
127
127
127
127
127
127
127
127
127
127
127
127
127
127
127
127
127
11
-112
-70
-40
127
127
127
127
127
127
127
127
127
127
127
127
127
127
127
127
127
127
127
127
127
127
127
127
127
127
127
127
127
127
127
127
127
127
127
127
127
127
127
127
127
127
127
127
127
127
127
127
127
127
127
127
127
127
127
127
127
127
127
127
127
127
127
61
-106
-66
-44
127
127
127
127
127
127
127
127
127
127
127
127
127
127
127
127
127
127
127
127
127
127
127
127
127
127
127
127
127
127
127
127
127
127
127
127
127
127
127
127
127
127
127
127
127
127
127
127
127
127
127
127
127
127
127
127
127
127
127
127
127
127
127
127
-86
-58
-46
127
127
127
127
127
127
127
127
127
127
127
127
127
127
127
127
127
127
127
127
127
127
127
127
127
127
127
127
127
127
127
127
127
127
127
127
127
127
127
127
127
127
127
127
127
127
127
127
127
127
127
127
127
127
127
127
127
127
127
127
127
127
127
127
-76
-54
-4
127
127
127
127
127
127
127
127
127
127
127
127
127
127
127
127
127
127
127
127
127
127
127
127
127
127
127
127
127
127
127
127
127
127
127
127
127
127
127
127
127
127
127
127
127
127
127
127
127
127
127
127
127
127
127
127
127
127
127
127
127
127
127
127
-80
-56
-8
127
127
127
127
127
127
127
127
127
127
127
127
127
127
127
127
127
127
127
127
127
127
127
127
127
127
127
127
127
127
127
127
127
127
127
127
127
127
127
127
127
127
127
127
127
127
127
127
127
127
127
127
127
127
127
127
127
127
127
127
127
127
127
127
-78
-60
-12
127
127
127
127
127
127
127
127
127
127
127
127
127
127
127
127
127
127
127
127
127
127
127
127
127
127
127
127
127
127
127
127
127
127
127
127
127
127
127
127
127
127
127
127
127
127
127
127
127
127
127
127
127
127
127
127
127
127
127
127
127
127
127
127
-80
-64
-20
127
127
127
127
127
127
127
127
127
127
127
127
127
127
127
127
127
127
127
127
127
127
127
127
127
127
127
127
127
127
127
127
127
127
127
127
127
127
127
127
127
127
127
127
127
127
127
127
127
127
127
127
127
127
127
127
127
127
127
127
127
127
127
127
-76
-68
-30
127
127
127
127
127
127
127
127
127
127
127
127
127
127
127
127
127
127
127
127
127
127
127
127
127
127
127
127
127
127
127
127
127
127
127
127
127
127
127
127
127
127
127
127
127
127
127
127
127
127
127
127
127
127
127
127
127
127
127
127
127
127
127
127
-70
-66
-38
127
127
127
127
127
127
127
127
127
127
127
127
127
127
127
127
127
127
127
127
127
127
127
127
127
127
127
127
127
127
127
127
127
127
127
127
127
127
127
127
127
127
127
127
127
127
127
127
127
127
127
127
127
127
127
127
127
127
127
127
127
127
127
127
-58
-64
-40
127
127
127
127
127
127
127
127
127
127
127
127
127
127
127
127
127
127
127
127
127
127
127
127
127
127
127
127
127
127
127
127
127
127
127
127
127
127
127
127
127
127
127
127
127
127
127
127
127
127
127
127
127
127
127
127
127
127
127
127
127
127
127
93
-54
-62
-44
127
127
127
127
127
127
127
127
127
127
127
127
127
127
127
127
127
127
127
127
127
127
127
127
127
127
127
127
127
127
127
127
127
127
127
127
127
127
127
127
127
127
127
127
127
127
127
127
127
127
127
127
127
127
127
127
127
127
127
127
127
127
127
23
-36
-46
-54
127
127
127
127
127
127
127
127
127
127
127
127
127
127
127
127
127
127
127
127
127
127
127
127
127
127
127
127
127
127
127
127
127
127
127
127
127
127
127
127
127
127
127
127
127
127
127
127
127
127
127
127
127
127
127
127
127
127
127
127
127
127
127
-18
-80
-66
-74
97
127
127
127
127
127
127
127
127
127
127
127
127
127
127
127
127
127
127
127
127
127
127
127
127
127
127
127
127
127
127
127
127
127
127
127
127
127
127
127
127
127
127
127
127
127
127
127
127
127
127
127
127
127
127
127
127
127
127
127
127
127
113
-34
-94
-64
-84
13
127
127
127
127
127
127
127
127
127
127
127
127
127
127
127
127
127
127
127
127
127
127
127
127
127
127
127
127
127
127
127
127
127
127
127
127
127
127
127
127
127
127
127
127
127
127
127
127
127
127
127
127
127
127
127
127
127
127
127
127
127
29
-64
-80
-46
-80
-56
127
127
127
127
127
127
127
127
127
127
127
127
127
127
127
127
127
127
127
127
127
127
127
127
127
127
127
127
127
127
127
127
127
127
127
127
127
127
127
127
127
127
127
127
127
127
127
127
127
127
127
127
127
127
127
127
127
127
127
127
109
-26
-44
-86
-58
-80
-74
127
127
127
127
127
127
127
127
127
127
127
127
127
127
127
127
127
127
127
127
127
127
127
127
127
127
127
127
127
127
127
127
127
127
127
127
127
127
127
127
127
127
127
127
127
127
127
127
127
127
127
127
127
127
127
127
127
127
127
127
-26
-70
-20
-66
-68
-74
-64
121
127
127
127
127
127
127
127
127
127
127
127
127
127
127
127
127
127
127
127
127
127
127
127
127
127
127
127
127
127
127
127
127
127
127
127
127
127
127
127
127
127
127
127
127
127
127
127
127
127
127
127
127
127
127
127
127
127
127
127
-48
35
127
61
-14
-54
-56
43
127
127
127
127
127
127
127
127
127
127
127
127
127
127
127
127
127
127
127
127
127
127
127
127
127
127
127
127
127
127
127
127
127
127
127
127
127
127
127
127
127
127
127
127
127
127
127
127
127
127
127
127
127
127
127
127
127
127
7
-46
127
127
127
63
-26
-60
-30
127
127
127
127
127
127
127
127
127
127
127
127
127
127
127
127
127
127
127
127
127
127
127
127
127
127
127
127
127
127
127
127
127
127
127
127
127
127
127
127
127
127
127
127
127
127
127
127
127
127
127
127
127
127
127
127
127
73
-12
-32
127
127
127
127
1
-10
-54
57
127
127
127
127
127
127
127
127
127
127
127
127
127
127
127
127
127
127
127
127
127
127
127
127
127
127
127
127
127
127
127
127
127
127
127
127
127
127
127
127
127
127
127
127
127
127
127
127
127
127
127
127
127
127
127
127
17
-24
127
127
127
127
127
127
-50
-50
7
127
127
127
127
127
127
127
127
127
127
127
127
127
127
127
127
127
127
127
127
127
127
127
127
127
127
127
127
127
127
127
127
127
127
127
127
127
127
127
127
127
127
127
127
127
127
127
127
127
127
127
127
127
127
127
41
-22
71
127
127
127
127
127
127
127
-34
-36
55
127
127
127
127
127
127
127
127
127
127
127
127
127
127
127
127
127
127
127
127
127
127
127
127
127
127
127
127
127
127
127
127
127
127
127
127
127
127
127
127
127
127
127
127
127
127
127
127
127
127
127
127
127
107
-22
-10
127
127
127
127
127
127
127
127
99
-50
-6
127
127
127
127
127
127
127
127
127
127
127
127
127
127
127
127
127
127
127
127
127
127
127
127
127
127
127
127
127
127
127
127
127
127
127
127
127
127
127
127
127
127
127
127
127
127
127
127
127
127
127
127
127
-24
-14
65
127
127
127
127
127
127
127
127
127
19
-20
65
127
127
127
127
127
127
127
127
127
127
127
127
127
127
127
127
127
127
127
127
127
127
127
127
127
127
127
127
127
127
127
127
127
127
127
127
127
127
127
127
127
127
127
127
127
127
127
127
127
127
127
-34
9
-26
127
127
127
127
127
127
127
127
127
127
127
-36
5
127
127
127
127
127
127
127
127
127
127
127
127
127
127
127
127
127
127
127
127
127
127
127
127
127
127
127
127
127
127
127
127
127
127
127
127
127
127
127
127
127
127
127
127
127
127
127
127
127
127
15
-46
-2
7
127
127
127
127
127
127
127
127
127
127
127
111
-38
97
127
127
127
127
127
127
127
127
127
127
127
127
127
127
127
127
127
127
127
127
127
127
127
127
127
127
127
127
127
127
127
127
127
127
127
127
127
127
127
127
127
127
127
127
127
127
127
127
17
-86
-8
-58
125
127
127
127
127
127
127
127
127
127
127
127
127
1
-30
127
127
127
127
127
127
127
127
127
127
127
127
127
127
127
127
127
127
127
127
127
127
127
127
127
127
127
127
127
127
127
127
127
127
127
127
127
127
127
127
127
127
127
127
127
127
127
1
-88
-74
-78
-42
127
127
127
127
127
127
127
127
127
127
127
127
127
127
-10
-18
127
127
127
127
127
127
127
127
127
127
127
127
127
127
127
127
127
127
127
127
127
127
127
127
127
127
127
127
127
127
127
127
127
127
127
127
127
127
127
127
127
127
127
127
127
-12
-64
-104
-74
-32
-4
127
127
127
127
127
127
127
127
127
127
127
127
127
127
-6
-22
61
127
127
127
127
127
127
127
127
127
127
127
127
127
127
127
127
127
127
127
127
127
127
127
127
127
127
127
127
127
127
127
127
127
127
127
127
127
127
127
127
127
127
127
41
-64
-76
-102
-72
-40
35
127
127
127
127
127
127
127
127
127
127
127
127
127
127
53
-12
-30
61
127
127
127
127
127
127
127
127
127
127
127
127
127
127
127
127
127
127
127
127
127
127
127
127
127
127
127
127
127
127
127
127
127
127
127
127
127
127
127
127
127
-36
-68
-4
-96
-106
-70
-46
103
127
127
127
127
127
127
127
127
127
127
127
127
127
127
127
11
-28
-50
127
127
127
127
127
127
127
127
127
127
127
127
127
127
127
127
127
127
127
127
127
127
127
127
127
127
127
127
127
127
127
127
127
127
127
127
127
127
127
17
-72
-46
-28
-62
-106
-104
-70
-42
127
127
127
127
127
127
127
127
127
127
127
127
127
127
127
127
41
-38
-74
5
127
127
127
127
127
127
127
127
127
127
127
127
127
127
127
127
127
127
127
127
127
127
127
127
127
127
127
127
127
127
127
127
127
127
127
127
73
-52
-56
-56
-88
-84
-30
-116
-98
-70
-26
127
127
127
127
127
127
127
127
127
127
127
127
127
127
127
127
91
-88
-60
-62
-20
127
127
127
127
127
127
127
127
127
127
127
127
127
127
127
127
127
127
127
127
127
127
127
127
127
127
127
127
127
127
127
127
127
127
-20
-26
-46
-74
-90
-88
-70
-64
-110
-92
-74
1
127
127
127
127
127
127
127
127
127
127
127
127
127
127
127
127
127
-78
-74
-86
-74
13
99
127
127
127
127
127
127
127
127
127
127
127
127
127
127
127
127
127
127
127
127
127
127
127
127
127
127
127
127
127
127
31
-36
-82
-90
-86
-78
-74
-82
-86
-80
-100
-80
-82
29
127
127
127
127
127
127
127
127
127
127
127
127
127
127
127
127
127
-14
-104
-98
-36
-110
-28
127
127
127
127
127
127
127
127
127
127
127
127
127
127
127
127
127
127
127
127
127
127
127
127
127
127
127
127
15
-72
-102
-98
-82
-62
-76
-118
-124
-88
-70
-78
-94
-76
-88
49
127
127
127
127
127
127
127
127
127
127
127
127
127
127
127
127
127
61
-70
-96
-98
-52
-84
-32
7
61
123
127
127
127
127
127
127
127
127
127
127
127
127
127
127
127
127
127
127
127
127
73
25
-22
-42
-54
-68
-74
-70
-86
-122
-110
-84
-90
-90
-84
-100
-68
-94
-88
65
127
127
127
127
127
127
127
